time,gyr_x,gyr_y,gyr_z,acc_x,acc_y,acc_z,fsr_left,fsr_right,fsr_spine,label
0.02,-0.4613,-3.7602,1.144,0.9288,-0.0266,0.2594,0.0765,0.1324,0.001,0
0.04,-0.636,-0.8464,1.0862,0.9462,-0.0377,0.2784,0.079,0.1296,0.0,0
0.06,-0.7818,0.7561,1.1986,0.9572,-0.0414,0.2974,0.0859,0.1297,0.0,0
0.08,-0.4924,1.0967,1.2894,0.9421,-0.0367,0.3086,0.0877,0.1315,0.0,0
0.1,-0.013,0.327,1.081,0.9308,-0.0289,0.293,0.0824,0.1319,0.0,0
0.12,0.2039,-0.8311,0.9672,0.9382,-0.024,0.2763,0.0775,0.1309,0.001,0
0.14,-0.0714,-1.2681,1.6099,0.9445,-0.0245,0.3094,0.0824,0.1322,0.0,0
0.16,-0.2351,-0.8107,1.1305,0.9466,-0.0235,0.2953,0.0813,0.1343,0.0037,0
0.18,0.3294,-0.5165,1.238,0.9457,-0.0231,0.2811,0.0861,0.1333,0.0,0
0.2,0.3435,-0.0268,1.4059,0.9524,-0.0285,0.3019,0.085,0.133,0.0,0
0.22,0.2146,0.3472,1.3443,0.9451,-0.0322,0.3029,0.0849,0.1326,0.0023,0
0.24,0.3671,0.3174,1.0261,0.9477,-0.03,0.2954,0.0858,0.1318,0.0,0
0.26,0.7304,-0.1094,0.5742,0.9612,-0.0257,0.3007,0.0847,0.131,0.0,0
0.28,0.5481,-0.5248,0.1496,0.9285,-0.0282,0.2966,0.0812,0.1312,0.0,0
0.3,-0.9748,-0.5062,0.1293,0.9644,-0.0223,0.2817,0.0888,0.1319,0.0,0
0.32,-1.4557,-0.3381,-0.0043,0.9617,-0.0208,0.3092,0.083,0.1323,0.0,0
0.34,-1.4261,0.5222,0.0,0.9605,-0.0248,0.3149,0.0828,0.1324,0.0,0
0.36,-1.3841,0.9037,-0.0819,0.9595,-0.0292,0.3033,0.088,0.1317,0.0,0
0.38,-1.1108,0.9784,-0.3822,0.9516,-0.0256,0.2966,0.0902,0.1315,0.0,0
0.4,-0.4479,1.2684,-0.7807,0.9413,-0.0154,0.3016,0.0846,0.1323,0.0,0
0.42,-0.545,0.4428,-0.8809,0.9539,-0.0252,0.2813,0.0818,0.1324,0.0,0
0.44,-0.8802,1.0251,-0.2255,0.9491,-0.0405,0.2996,0.0811,0.1296,0.0,0
0.46,-0.4094,1.0775,0.0117,0.9438,-0.0248,0.3239,0.0762,0.1305,0.0,0
0.48,-0.3153,0.6063,0.0453,0.9487,-0.0287,0.3284,0.0822,0.1314,0.0,0
0.5,-0.5423,0.3696,0.0593,0.9544,-0.0377,0.3097,0.0849,0.1317,0.0,0
0.52,-0.6815,0.1131,0.1917,0.9603,-0.0392,0.2855,0.0838,0.132,0.0,0
0.54,-0.5373,-0.7086,0.3591,0.9701,-0.0378,0.2874,0.0919,0.1327,0.0,0
0.56,-0.6485,0.7145,-0.163,0.9512,-0.0237,0.3512,0.0909,0.1322,0.0,0
0.58,-0.3643,1.2012,-0.581,0.941,-0.0239,0.3514,0.084,0.1298,0.0047,0
0.6,-0.696,1.9943,-0.8094,0.9371,-0.0263,0.3141,0.0851,0.1303,0.0,0
0.62,-0.7983,2.7182,-0.7268,0.9304,-0.0245,0.2959,0.0913,0.13,0.0,0
0.64,-0.6563,1.9481,-0.481,0.9273,-0.0283,0.2911,0.0916,0.1307,0.0,0
0.66,-0.513,0.014,-0.1387,0.9327,-0.0385,0.2973,0.0863,0.1326,0.0,0
0.68,-0.4086,-0.5245,0.4264,0.941,-0.0385,0.3344,0.0895,0.1312,0.0,0
0.7,-0.2713,-1.1507,0.8933,0.9566,-0.0366,0.2989,0.077,0.133,0.0,0
0.72,0.329,0.827,0.3223,0.9521,-0.0317,0.3089,0.0895,0.1333,0.0,0
0.74,0.3448,1.5673,-0.1328,0.9592,-0.0267,0.2808,0.0913,0.1307,0.0,0
0.76,0.0452,1.1492,-0.3991,0.9474,-0.0239,0.261,0.0945,0.1307,0.0,0
0.78,-0.1971,0.5062,-0.5269,0.9234,-0.0248,0.2693,0.0903,0.132,0.0,0
0.8,-0.2538,0.2195,-0.4449,0.9183,-0.0284,0.2919,0.0774,0.1313,0.0,0
0.82,-0.37,-0.1643,0.0761,0.9512,-0.03,0.303,0.09,0.1296,0.0,0
0.84,-0.4448,0.338,0.2041,0.9572,-0.0186,0.3332,0.0828,0.1313,0.0,0
0.86,-0.6576,0.9979,0.4765,0.9408,-0.0256,0.3258,0.0863,0.1298,0.0,0
0.88,-0.3395,1.3694,0.7061,0.9402,-0.0294,0.317,0.091,0.1304,0.0,0
0.9,0.053,1.3446,0.6627,0.9423,-0.0328,0.2983,0.0905,0.1313,0.0038,0
0.92,0.2468,0.6515,0.6705,0.9373,-0.0334,0.2894,0.0866,0.131,0.006,0
0.94,0.3069,-0.6129,1.0028,0.9303,-0.0282,0.3106,0.0849,0.1299,0.0,0
0.96,0.3098,-1.0315,0.7395,0.937,-0.0315,0.314,0.0841,0.1303,0.0,0
0.98,0.2303,-0.6236,1.874,0.9535,-0.0257,0.316,0.0882,0.1318,0.0103,0
1.0,0.4722,-1.5472,1.9816,0.9611,-0.0266,0.3163,0.0921,0.1313,0.0,0
1.02,0.8021,-0.6432,1.7719,0.9504,-0.0198,0.3159,0.09,0.1321,0.0,0
1.04,0.5529,0.016,1.3779,0.9419,-0.0198,0.3333,0.0871,0.1328,0.0,0
1.06,0.2594,-0.583,0.872,0.946,-0.0253,0.3333,0.0893,0.1328,0.0,0
1.08,0.9964,-0.9027,0.5265,0.9497,-0.0195,0.2827,0.0957,0.1332,0.0,0
1.1,0.845,-0.1864,0.9409,0.9303,-0.02,0.3772,0.091,0.1325,0.0,0
1.12,0.8587,-0.664,0.9443,0.9347,-0.0288,0.3409,0.0918,0.1328,0.0,0
1.14,0.9796,-0.0824,0.6455,0.9333,-0.0271,0.3285,0.0897,0.132,0.0,0
1.16,0.3246,0.2522,0.444,0.9453,-0.0265,0.3064,0.0879,0.1313,0.0,0
1.18,-0.6894,-0.0112,0.2544,0.9563,-0.0274,0.2955,0.0858,0.1299,0.0,0
1.2,-1.3957,-0.3122,-0.022,0.953,-0.0282,0.2924,0.0842,0.1285,0.0,0
1.22,-1.5837,0.1866,-0.1824,0.943,-0.0312,0.2559,0.0872,0.13,0.0,0
1.24,-1.1124,0.766,0.2265,0.9365,-0.0329,0.2951,0.0989,0.131,0.0,0
1.26,-0.8567,0.2302,-0.0574,0.9269,-0.0312,0.3002,0.0848,0.1311,0.0113,0
1.28,-1.0841,0.4012,0.3921,0.9329,-0.027,0.3234,0.0878,0.1306,0.0,0
1.3,-1.4368,0.4038,0.765,0.9291,-0.0266,0.3287,0.0938,0.1299,0.0,0
1.32,-1.4943,0.2048,0.7522,0.9373,-0.0251,0.3099,0.0924,0.1302,0.0,0
1.34,-1.2346,0.4208,0.521,0.9612,-0.0226,0.2854,0.0855,0.1313,0.0,0
1.36,-1.2095,1.3861,0.3491,0.9423,-0.0338,0.2783,0.0843,0.1305,0.0,0
1.38,-1.4425,0.165,0.3154,0.9417,-0.0341,0.3067,0.0814,0.1282,0.0,0
1.4,-0.7519,0.703,-0.0817,0.9462,-0.0339,0.3053,0.0856,0.1304,0.0,0
1.42,-0.5519,0.553,0.3491,0.9458,-0.0319,0.3346,0.0877,0.1314,0.0,0
1.44,-0.5997,0.7493,0.7883,0.9435,-0.0322,0.3506,0.0876,0.1319,0.0,0
1.46,-0.6949,1.2744,0.7921,0.9344,-0.0337,0.3286,0.0861,0.1312,0.0,0
1.48,-0.934,1.0369,0.6358,0.9241,-0.0328,0.2866,0.0858,0.1296,0.0,0
1.5,-1.5383,-0.8059,0.9768,0.9492,-0.0315,0.2758,0.0919,0.1315,0.0,0
1.52,-1.4448,-1.2181,0.7478,0.9769,-0.0391,0.2952,0.0933,0.1296,0.0,0
1.54,-1.2935,0.1952,0.2155,0.9511,-0.0353,0.2975,0.0913,0.1319,0.0,0
1.56,-0.6177,0.1014,0.4342,0.9383,-0.0326,0.2877,0.0846,0.133,0.0,0
1.58,-0.0508,0.3966,0.469,0.9366,-0.0334,0.2713,0.0868,0.1325,0.0,0
1.6,0.051,0.4973,0.0603,0.9326,-0.034,0.2615,0.0902,0.1315,0.0,0
1.62,-0.0389,-1.0341,-0.113,0.9215,-0.0315,0.2691,0.0822,0.1305,0.0,0
1.64,0.4042,-0.8208,0.6722,0.9155,-0.0339,0.2847,0.0842,0.1282,0.0,0
1.66,0.8101,0.2244,1.6656,0.9481,-0.0487,0.2961,0.0918,0.1301,0.0059,0
1.68,0.5777,0.672,1.3796,0.9167,-0.0363,0.3343,0.078,0.1319,0.0067,0
1.7,0.9823,0.5523,1.0651,0.916,-0.0381,0.3242,0.0804,0.1325,0.0,0
1.72,1.2584,-0.1776,1.0488,0.9398,-0.04,0.3042,0.0883,0.1332,0.0,0
1.74,0.5444,-0.7441,1.0937,0.9518,-0.0382,0.3018,0.0937,0.1322,0.0,0
1.76,-0.7892,-0.0983,0.8779,0.9336,-0.0428,0.3018,0.0982,0.1282,0.0,0
1.78,-0.1546,1.3918,0.6762,0.9233,-0.0372,0.2804,0.0917,0.1313,0.0,0
1.8,0.5453,0.3626,0.8953,0.9274,-0.0346,0.3125,0.092,0.1297,0.0113,0
1.82,0.0296,-0.3752,0.8029,0.947,-0.0326,0.315,0.0975,0.1296,0.0,0
1.84,-0.2561,-0.7498,-0.0517,0.9476,-0.0281,0.3162,0.0944,0.1306,0.0,0
1.86,-0.3257,-0.397,-0.5245,0.9505,-0.0284,0.3087,0.0879,0.1313,0.0,0
1.88,-0.5437,0.4275,-0.4398,0.9643,-0.0332,0.3034,0.0863,0.1312,0.0,0
1.9,-0.9203,0.7499,-0.7533,0.9646,-0.035,0.325,0.0906,0.1308,0.0,0
1.92,-0.7622,-0.3675,-1.0522,0.9234,-0.0378,0.3411,0.092,0.1313,0.0,0
1.94,-1.0043,-0.1497,-0.5999,0.9365,-0.0297,0.323,0.087,0.1308,0.0,0
1.96,-0.8992,-0.1519,-0.5041,0.9363,-0.0265,0.2825,0.0873,0.1306,0.0,0
1.98,-0.8727,0.0864,-0.427,0.9384,-0.0318,0.2936,0.0937,0.1302,0.0,0
2.0,-0.9234,0.5662,-0.4156,0.9434,-0.0318,0.3003,0.096,0.1313,0.0,0
2.02,-1.0352,1.1015,-0.4515,0.9395,-0.0262,0.2944,0.093,0.1335,0.0,0
2.04,-1.0604,1.4904,-0.326,0.9217,-0.0295,0.3322,0.094,0.1333,0.0,0
2.06,0.2815,1.4709,-0.0046,0.9303,-0.0319,0.3158,0.092,0.1317,0.0,0
2.08,-0.7342,-0.6254,0.0299,0.9549,-0.0346,0.3252,0.0865,0.1307,0.0038,0
2.1,-0.6059,-0.6151,0.2792,0.939,-0.0315,0.3051,0.0931,0.1324,0.0,0
2.12,-0.5467,-0.4852,0.5333,0.925,-0.0275,0.2944,0.0995,0.1322,0.0,0
2.14,-0.1486,-0.1706,0.6526,0.9329,-0.0269,0.3168,0.0991,0.1323,0.0,0
2.16,0.4421,0.143,0.6869,0.9481,-0.0315,0.3418,0.0945,0.1338,0.0,0
2.18,0.1931,-0.3518,0.7927,0.9416,-0.0383,0.3159,0.0931,0.1336,0.0,0
2.2,0.126,0.1231,0.8581,0.9399,-0.0376,0.3031,0.0919,0.1317,0.0,0
2.22,0.1367,0.3641,0.3311,0.9523,-0.0281,0.2979,0.0884,0.1322,0.0,0
2.24,-0.1525,-0.2229,0.5395,0.936,-0.032,0.2915,0.0915,0.1328,0.0,0
2.26,-0.0943,-0.3398,0.5317,0.9416,-0.0332,0.3013,0.0921,0.1323,0.0,0
2.28,0.148,0.312,0.4966,0.9471,-0.0352,0.3074,0.0877,0.1307,0.0,0
2.3,0.1033,0.9877,0.7694,0.9323,-0.0372,0.2996,0.0863,0.1293,0.0,0
2.32,-0.3692,0.612,1.205,0.9183,-0.0306,0.2907,0.0957,0.1295,0.0,0
2.34,-0.3029,-0.5398,1.3095,0.9477,-0.029,0.2713,0.0892,0.1316,0.0,0
2.36,0.5202,-1.3055,1.0348,0.9528,-0.0361,0.3061,0.0954,0.13,0.0001,0
2.38,0.1721,-1.0328,1.0059,0.9393,-0.0402,0.2733,0.0938,0.1324,0.0,0
2.4,-0.2909,-0.3947,0.6647,0.9342,-0.0352,0.2956,0.0922,0.1319,0.0,0
2.42,-0.2618,0.8789,0.7349,0.8879,-0.0066,0.4003,0.091,0.1339,0.0,0
2.44,0.2903,2.2309,1.4796,0.8239,0.0204,0.4918,0.0863,0.1392,0.0,0
2.46,0.9647,2.2791,2.2379,0.8316,0.0034,0.4664,0.078,0.141,0.0,0
2.48,1.2787,1.3152,2.8105,0.8397,-0.002,0.508,0.0834,0.1405,0.0,0
2.5,2.135,0.9019,3.1874,0.8562,0.0079,0.4984,0.0832,0.1393,0.0333,0
2.52,1.8721,0.8562,2.8775,0.861,0.0131,0.5026,0.0831,0.1393,0.0595,0
2.54,1.5175,0.3224,2.6418,0.859,0.0162,0.4937,0.0844,0.1391,0.059,0
2.56,0.9147,0.5214,2.364,0.8712,0.0228,0.4961,0.0877,0.1401,0.0564,0
2.58,0.1975,1.3027,1.8386,0.8846,0.0316,0.4971,0.0892,0.1415,0.0608,0
2.6,-0.0024,1.3807,1.1655,0.8673,0.0352,0.4671,0.0858,0.1405,0.0609,0
2.62,0.2638,2.3624,0.6734,0.8483,0.0327,0.4903,0.0865,0.141,0.0754,0
2.64,-0.3601,2.7362,0.8026,0.8331,0.0279,0.4922,0.0705,0.1404,0.0629,0
2.66,-0.0739,2.9126,0.3224,0.8076,0.0259,0.4795,0.0824,0.1393,0.0702,0
2.68,0.9914,2.6159,0.4744,0.8166,0.0139,0.4719,0.089,0.1379,0.0848,0
2.7,1.638,2.2492,0.9991,0.831,0.0022,0.4939,0.0892,0.1374,0.0816,0
2.72,1.4845,2.1051,1.3788,0.8363,-0.0025,0.5123,0.0879,0.1379,0.0624,0
2.74,1.1594,2.0797,1.4927,0.837,0.0019,0.4798,0.0863,0.139,0.0526,0
2.76,1.2462,1.7258,1.7566,0.8102,0.0253,0.446,0.0832,0.14,0.0665,0
2.78,1.6937,-1.0629,1.8236,0.8441,0.0197,0.5464,0.0821,0.1395,0.0568,0
2.8,2.2658,-0.4104,1.6617,0.8623,0.0222,0.53,0.089,0.1372,0.0592,0
2.82,2.635,-0.0715,1.7865,0.8685,0.0267,0.5419,0.0894,0.1373,0.0651,0
2.84,2.5357,-0.1671,2.0074,0.8644,0.0256,0.5368,0.0872,0.1391,0.0702,0
2.86,2.0572,-0.5036,1.9978,0.8606,0.0245,0.5047,0.088,0.1404,0.068,0
2.88,1.454,-0.7108,1.7228,0.8613,0.0275,0.4884,0.0905,0.1405,0.066,0
2.9,0.7617,0.2179,1.5973,0.8487,0.0193,0.5098,0.0847,0.1421,0.0922,0
2.92,-0.3746,-1.0439,1.0154,0.8554,0.0167,0.4843,0.0831,0.1407,0.0637,0
2.94,-1.7613,-0.5478,-0.3592,0.8209,0.0125,0.5009,0.0858,0.1367,0.0549,0
2.96,-2.6041,-0.3451,-0.8424,0.8229,0.0073,0.4991,0.093,0.1374,0.0461,0
2.98,-3.1755,0.0274,-0.7908,0.8313,0.0095,0.5024,0.0914,0.1389,0.0159,0
3.0,-3.74,-0.5857,-0.732,0.8276,0.0135,0.5125,0.083,0.1391,0.0,0
3.02,-3.9446,-2.0154,-0.6552,0.8294,0.0121,0.5162,0.08,0.1383,0.0,0
3.04,-3.0677,-1.3221,-0.0905,0.8686,0.0088,0.5073,0.0888,0.138,0.0,0
3.06,-2.8279,-1.5415,-0.0326,0.8864,0.006,0.4682,0.0815,0.1385,0.0,0
3.08,-3.0306,-1.0408,0.1985,0.8707,0.0133,0.4956,0.092,0.1366,0.0015,0
3.1,-2.4621,-0.7778,0.2115,0.8631,0.015,0.4981,0.0908,0.1403,0.0,0
3.12,-1.8924,-0.3588,0.1408,0.8546,0.0089,0.5278,0.0946,0.141,0.0,0
3.14,-1.3764,-0.062,0.2924,0.8514,0.0006,0.5223,0.0936,0.1393,0.0,0
3.16,-1.0287,-0.5614,0.7546,0.8506,-0.0015,0.4829,0.0861,0.1384,0.0,0
3.18,-1.0324,-1.7751,1.1903,0.842,0.0048,0.4983,0.088,0.139,0.0,0
3.2,-0.1457,-0.9226,0.9255,0.8551,0.0038,0.495,0.0916,0.1416,0.0,0
3.22,0.407,-1.9513,1.051,0.8623,0.0004,0.5058,0.092,0.1426,0.0,0
3.24,0.4263,-1.9171,1.5328,0.8497,0.0017,0.4937,0.0859,0.1414,0.0,0
3.26,0.1523,-1.3651,1.3998,0.843,0.0111,0.4747,0.0853,0.1405,0.0,0
3.28,0.0899,-0.826,1.2428,0.854,0.0158,0.4843,0.0817,0.14,0.0,0
3.3,0.3071,-0.3511,1.1337,0.8692,0.0133,0.5092,0.0801,0.1393,0.0,0
3.32,0.3689,0.301,0.6727,0.8688,0.0121,0.5123,0.089,0.1391,0.0,0
3.34,-0.1807,1.0937,0.1691,0.8571,0.0176,0.5,0.0912,0.1417,0.0074,0
3.36,-0.2483,1.2732,-0.0651,0.8448,0.0194,0.4553,0.0811,0.1432,0.0,0
3.38,-0.345,-0.3156,-0.0944,0.8397,0.0101,0.4939,0.0823,0.1417,0.0031,0
3.4,-0.5829,-0.734,-0.0763,0.8364,0.01,0.5175,0.0831,0.142,0.0,0
3.42,-0.9563,-0.793,-0.118,0.8362,0.0074,0.5253,0.0845,0.1422,0.0,0
3.44,-1.0783,0.009,-0.0764,0.8396,0.0062,0.5133,0.0851,0.1416,0.0,0
3.46,-0.6795,1.0903,0.1287,0.8408,0.0099,0.5104,0.0827,0.1413,0.0,0
3.48,-0.0838,0.2212,0.3769,0.8338,0.009,0.5563,0.0799,0.142,0.0,0
3.5,-0.2639,0.502,0.8824,0.845,0.008,0.4907,0.0892,0.1384,0.0,0
3.52,0.0704,0.3896,0.1601,0.8309,0.0101,0.4687,0.0797,0.1396,0.0005,0
3.54,0.1351,0.3635,0.0487,0.8443,0.0068,0.4834,0.0768,0.1415,0.0,0
3.56,0.0593,0.5948,-0.0331,0.867,0.0118,0.4876,0.0793,0.1421,0.0,0
3.58,0.2256,0.651,-0.2978,0.8694,0.0135,0.4857,0.0843,0.1404,0.0,0
3.6,0.6811,0.4314,-0.4085,0.8551,0.0056,0.4925,0.0858,0.1393,0.0,0
3.62,0.9532,0.4333,-0.119,0.8474,0.0002,0.5029,0.0816,0.141,0.0,0
3.64,0.3792,1.1759,-0.0903,0.8443,0.0188,0.4908,0.0807,0.1403,0.0,0
3.66,-0.0884,0.1447,-0.0414,0.8393,0.0183,0.5544,0.0842,0.143,0.0,0
3.68,-0.0386,0.6369,0.3874,0.8461,0.0169,0.5271,0.0842,0.1388,0.0,0
3.7,0.2103,0.4228,0.5704,0.843,0.0151,0.5138,0.0817,0.1365,0.0,0
3.72,0.4572,-0.1281,0.7549,0.8447,0.0151,0.49,0.0794,0.1364,0.0,0
3.74,0.4196,0.1952,0.8107,0.849,0.0165,0.4986,0.0786,0.1376,0.0,0
3.76,0.092,0.5765,0.6531,0.848,0.0178,0.529,0.0798,0.1393,0.0,0
3.78,-0.1866,-0.857,0.4361,0.8414,0.0185,0.4981,0.083,0.1406,0.0,0
3.8,-0.3057,0.2703,-0.1623,0.8308,0.0152,0.4968,0.0851,0.1396,0.0,0
3.82,-0.4965,0.3736,-0.1751,0.8225,0.0162,0.5016,0.0817,0.1402,0.0,0
3.84,-0.4063,0.2284,-0.5473,0.8293,0.0084,0.5344,0.0828,0.1396,0.0,0
3.86,-0.3021,-0.1971,-0.413,0.8367,-0.0017,0.4915,0.0796,0.1395,0.0073,0
3.88,-0.2993,0.254,-0.0908,0.8426,0.0044,0.4679,0.0789,0.139,0.0,0
3.9,-0.3895,0.9363,-0.2656,0.8444,0.0149,0.4745,0.081,0.139,0.0,0
3.92,-0.4482,0.7627,-0.9102,0.841,0.0135,0.4844,0.0825,0.1391,0.0,0
3.94,-0.3018,0.3935,-0.9235,0.8384,0.0128,0.5364,0.0842,0.136,0.0,0
3.96,0.0061,0.4165,-0.2389,0.8467,0.0073,0.4967,0.0788,0.1404,0.0,0
3.98,-0.4959,0.033,0.2282,0.8279,0.0103,0.5161,0.0782,0.1421,0.0,0
4.0,-0.4558,0.5886,0.2904,0.8225,0.0152,0.5177,0.0798,0.1388,0.0,0
4.02,-0.3396,0.4822,0.3253,0.8445,0.0101,0.5129,0.0906,0.1407,0.0,0
4.04,-0.3065,0.7948,0.216,0.8587,0.0082,0.5374,0.0869,0.1411,0.0,0
4.06,-0.2723,1.2406,0.0897,0.8499,0.0117,0.5552,0.081,0.1388,0.0,0
4.08,-0.1821,0.6191,0.1584,0.8371,0.0128,0.5116,0.0931,0.1392,0.0,0
4.1,-0.2397,0.0032,0.1068,0.8428,0.0166,0.4587,0.0854,0.1405,0.0,0
4.12,-0.6835,0.1749,0.0819,0.8737,0.0154,0.4976,0.0859,0.1383,0.0,0
4.14,-0.289,0.4987,-0.3109,0.857,0.0113,0.4802,0.0883,0.1382,0.0,0
4.16,-0.2407,0.4372,0.1645,0.8579,0.0161,0.4826,0.089,0.1377,0.0,0
4.18,-0.0864,0.6044,0.3431,0.858,0.0131,0.477,0.0899,0.1397,0.0041,0
4.2,0.6833,0.371,0.1238,0.851,0.0073,0.4859,0.0899,0.1415,0.0,0
4.22,1.4378,-0.4286,0.3558,0.8458,0.0078,0.4953,0.0886,0.1408,0.0,0
4.24,1.3492,-0.9433,1.1343,0.8495,0.0163,0.4739,0.0862,0.1389,0.0,0
4.26,1.4251,-0.3633,0.3568,0.8494,0.0298,0.4802,0.0819,0.139,0.0,0
4.28,0.7682,1.2629,0.6897,0.8434,0.0313,0.5147,0.0871,0.1393,0.0,0
4.3,-0.2176,-0.5188,0.8211,0.8338,0.023,0.4874,0.0809,0.1379,0.0,0
4.32,-0.1397,-0.7505,0.7112,0.8607,0.0245,0.5156,0.0882,0.1396,0.0,0
4.34,-0.1203,-0.0701,0.6769,0.8604,0.0248,0.5128,0.0899,0.1384,0.0,0
4.36,-0.4298,0.3834,0.6102,0.842,0.0227,0.4926,0.0896,0.1372,0.0067,0
4.38,-0.6872,0.2848,0.5016,0.8365,0.0199,0.4745,0.0878,0.1389,0.0074,0
4.4,-0.662,0.1345,0.5197,0.8439,0.0167,0.4653,0.0822,0.1405,0.0,0
4.42,-0.8425,0.396,0.548,0.8338,0.0142,0.5286,0.0931,0.1397,0.0,0
4.44,-1.518,0.5272,0.3593,0.8504,0.013,0.5257,0.0822,0.14,0.0,0
4.46,-1.7282,0.5019,0.2486,0.837,0.0219,0.4742,0.0826,0.1403,0.0063,0
4.48,-0.8082,0.2103,-0.1948,0.8483,0.0159,0.5002,0.0812,0.1398,0.0,0
4.5,-0.0772,0.1819,-0.3939,0.8594,0.0189,0.5319,0.0868,0.1376,0.0,0
4.52,0.1828,0.0309,0.166,0.8553,0.0167,0.5405,0.0919,0.1387,0.0,0
4.54,0.2734,0.1254,1.0501,0.853,0.0093,0.5368,0.0859,0.1403,0.0,0
4.56,0.3104,0.6247,1.3533,0.8575,0.0137,0.5261,0.0734,0.1371,0.0,0
4.58,0.0443,-0.3225,1.0157,0.8198,0.0192,0.4883,0.0774,0.1374,0.0081,0
4.6,0.5543,-0.0695,0.7336,0.8271,0.0105,0.5024,0.0911,0.1367,0.0,0
4.62,-0.377,0.4146,0.13,0.835,0.0156,0.5011,0.0845,0.1389,0.0082,0
4.64,-0.5279,-0.5835,0.1683,0.8444,0.0217,0.4688,0.091,0.1396,0.0,0
4.66,-0.1422,-0.6468,0.3862,0.8539,0.0125,0.4674,0.086,0.139,0.002,0
4.68,0.0707,0.2664,0.3201,0.867,0.0137,0.4859,0.0856,0.1386,0.0075,0
4.7,-0.0754,1.2504,0.0606,0.8654,0.0212,0.4875,0.0881,0.1402,0.003,0
4.72,-0.3067,1.1143,-0.0233,0.8428,0.0147,0.4722,0.0849,0.1418,0.0016,0
4.74,-0.471,-0.6735,0.107,0.8387,0.0063,0.4855,0.0914,0.1389,0.0045,0
4.76,-0.6431,0.1282,0.0452,0.8716,0.0152,0.4996,0.0938,0.1412,0.0,0
4.78,-0.4336,-0.1702,0.6521,0.8655,0.0255,0.5133,0.0815,0.1373,0.0,0
4.8,-0.2849,-0.2554,0.2282,0.8465,0.0193,0.5037,0.0947,0.1395,0.0,0
4.82,-0.3489,0.3627,-0.147,0.8359,0.0091,0.5198,0.0918,0.1407,0.0097,0
4.84,-0.682,0.6467,-0.1679,0.8357,0.0101,0.5089,0.0858,0.1416,0.0219,0
4.86,-0.7663,0.3326,-0.0293,0.8423,0.0181,0.4884,0.0843,0.1426,0.0149,0
4.88,-0.3566,-0.0629,0.1321,0.8441,0.0223,0.4952,0.0837,0.1431,0.0,0
4.9,0.048,-0.1858,0.3829,0.8359,0.0213,0.5125,0.0823,0.143,0.0,0
4.92,0.0754,-0.3877,0.4868,0.8519,0.0224,0.511,0.0838,0.1414,0.0,0
4.94,-0.2426,0.7756,0.5887,0.8581,0.0168,0.5259,0.0769,0.1409,0.0,0
4.96,-0.3774,0.5836,-0.0538,0.8388,0.0145,0.4818,0.0771,0.1431,0.0,0
4.98,-0.014,-0.1498,0.1182,0.8377,0.0119,0.4956,0.0861,0.1403,0.001,0
5.0,-0.0435,0.1925,0.2731,0.8534,0.0087,0.5002,0.096,0.1393,0.005,0
5.02,-0.2864,1.2478,0.06,0.8557,0.0141,0.5117,0.0984,0.1397,0.0,0
5.04,-0.1866,1.6546,-0.1029,0.847,0.0205,0.5133,0.0923,0.1402,0.0,0
5.06,0.1236,0.9032,0.1153,0.8486,0.0166,0.488,0.084,0.1408,0.0,0
5.08,-0.2025,0.2465,0.2847,0.8481,0.0139,0.5086,0.0813,0.14,0.0,0
5.1,-0.3223,0.7598,0.6731,0.8391,0.0188,0.5031,0.0892,0.1412,0.0,0
5.12,-0.1222,0.2753,0.7776,0.8497,0.0209,0.5323,0.089,0.139,0.0,0
5.14,-0.6306,1.1422,0.2027,0.8396,0.0154,0.5069,0.0863,0.1406,0.0,0
5.16,-0.8006,0.5192,-0.1428,0.8375,0.0175,0.5116,0.0851,0.1404,0.0,0
5.18,-0.5324,0.9936,-0.0029,0.8475,0.0172,0.4819,0.0894,0.1393,0.0077,0
5.2,-0.4504,1.1512,0.2181,0.8431,0.0175,0.4713,0.0915,0.1385,0.0,0
5.22,-0.5924,0.3432,0.1779,0.8323,0.0225,0.4846,0.0847,0.1392,0.0,0
5.24,-0.4633,0.3929,-0.021,0.8455,0.0247,0.4673,0.0782,0.1411,0.0,0
5.26,-0.4718,0.0097,-0.1612,0.8449,0.0135,0.5268,0.0907,0.1396,0.0,0
5.28,-0.3569,0.4594,-0.1994,0.8425,0.0087,0.5206,0.0879,0.1384,0.0,0
5.3,-0.413,-0.4157,0.4605,0.8536,0.0146,0.5109,0.0873,0.1404,0.0079,0
5.32,-0.4641,-0.3076,0.3364,0.8462,0.0149,0.4979,0.0888,0.1415,0.0,0
5.34,-0.2408,0.0069,0.5472,0.8448,0.0107,0.4925,0.089,0.1403,0.0,0
5.36,-0.1083,0.341,0.6242,0.8513,0.0111,0.4939,0.0892,0.1392,0.0,0
5.38,0.0842,0.5132,0.5351,0.8623,0.0188,0.5207,0.0864,0.1396,0.0,0
5.4,0.3264,0.2448,0.4481,0.8582,0.0264,0.5503,0.0829,0.1404,0.0,0
5.42,0.218,-0.2876,0.2245,0.8256,0.0242,0.5247,0.0845,0.1398,0.0,0
5.44,0.1828,-0.0626,0.0553,0.8169,0.0148,0.4726,0.0809,0.1398,0.0,0
5.46,0.7162,-0.0151,0.3868,0.8597,0.0111,0.4749,0.0744,0.1394,0.0122,0
5.48,0.5175,-0.2666,0.0723,0.8519,0.0081,0.4743,0.0906,0.1357,0.0,0
5.5,0.1304,0.0665,-0.0516,0.8497,0.0139,0.5045,0.0857,0.1384,0.0,0
5.52,0.0361,0.0095,0.0921,0.8525,0.019,0.4855,0.0797,0.1394,0.0018,0
5.54,-0.0212,0.2497,0.1485,0.832,0.0206,0.4852,0.0812,0.1389,0.0,0
5.56,-0.0381,0.6486,0.1572,0.8197,0.0213,0.4887,0.0897,0.1387,0.0,0
5.58,-0.1271,0.7521,0.3098,0.8311,0.0256,0.4938,0.0938,0.1394,0.0,0
5.6,-0.4613,0.8398,0.4207,0.8409,0.0298,0.5274,0.0835,0.1399,0.0,0
5.62,-0.3965,1.2997,0.0073,0.8672,0.0181,0.4855,0.0732,0.1382,0.0001,0
5.64,0.0437,0.4012,-0.3543,0.8359,0.0182,0.5134,0.0859,0.1389,0.0,0
5.66,-0.3351,-0.7549,0.469,0.8566,0.0168,0.4834,0.0792,0.1362,0.0,0
5.68,-0.6749,-0.3877,0.7614,0.8433,0.0237,0.4838,0.0779,0.1399,0.0045,0
5.7,-0.8939,-0.1103,0.7522,0.8333,0.022,0.5059,0.082,0.14,0.0051,0
5.72,-0.8171,0.0175,0.4002,0.8389,0.0158,0.4975,0.0862,0.139,0.0,0
5.74,-0.5888,0.4509,0.4084,0.8354,0.0135,0.5037,0.0855,0.1403,0.0,0
5.76,-0.2482,1.0189,0.6208,0.8323,0.0169,0.5222,0.0855,0.1408,0.0168,0
5.78,0.003,0.8788,0.4769,0.8535,0.02,0.5027,0.0906,0.1383,0.0045,0
5.8,-0.4326,-0.1268,0.5588,0.8654,0.017,0.4863,0.0882,0.1399,0.0,0
5.82,-0.5212,0.3315,-0.1038,0.8577,0.0156,0.4971,0.0827,0.141,0.0,0
5.84,-0.3065,0.1005,0.0691,0.8511,0.0215,0.4934,0.0838,0.1403,0.0,0
5.86,0.0511,-0.354,0.1992,0.8465,0.0226,0.4799,0.0868,0.1386,0.0009,0
5.88,-0.2154,0.5848,0.3349,0.8541,0.0217,0.4827,0.0896,0.1388,0.0,0
5.9,-0.3331,0.4551,0.3353,0.8453,0.0215,0.5363,0.0919,0.1397,0.0,0
5.92,-0.4136,0.9146,0.2011,0.8383,0.0158,0.5704,0.0918,0.1402,0.0,0
5.94,-0.5719,1.1468,0.0458,0.8402,0.0141,0.5306,0.0896,0.139,0.0,0
5.96,-0.652,0.2715,-0.1221,0.8381,0.0145,0.4795,0.0887,0.1391,0.0,0
5.98,-0.525,0.4069,-0.3103,0.8293,0.0047,0.4981,0.0883,0.1421,0.0114,0
6.0,-0.2448,1.3658,-0.1461,0.8338,0.0156,0.4856,0.0778,0.1377,0.0042,0
6.02,-0.5724,-0.5351,0.4951,0.8593,0.016,0.5111,0.0825,0.1398,0.0,0
6.04,-0.7161,0.611,0.3311,0.839,0.02,0.5214,0.0902,0.1395,0.0,0
6.06,-0.5644,0.2708,0.3844,0.8484,0.0255,0.5282,0.0851,0.1404,0.0,0
6.08,-0.4073,0.3853,0.2212,0.8561,0.012,0.4853,0.0773,0.1407,0.0,0
6.1,-0.3498,0.4747,0.0867,0.8406,0.0058,0.4747,0.0823,0.139,0.0,0
6.12,-0.231,0.2795,0.1467,0.8369,0.0129,0.4721,0.0857,0.1375,0.0,0
6.14,-0.1435,0.6361,0.344,0.8439,0.0183,0.4887,0.0842,0.1385,0.0,0
6.16,-0.2236,1.0453,0.3829,0.8376,0.0151,0.5266,0.0889,0.1392,0.0,0
6.18,-0.3448,0.0463,0.1906,0.8325,0.0137,0.5277,0.0952,0.1375,0.0107,0
6.2,-0.5472,0.6254,0.4371,0.846,0.0138,0.5658,0.0825,0.1424,0.0173,0
6.22,-0.4617,0.8751,-0.8916,0.8685,0.0177,0.5106,0.0834,0.1429,0.0,0
6.24,-0.4221,-0.4681,-1.3779,0.8522,0.027,0.5191,0.0857,0.1398,0.0,0
6.26,-0.6506,-0.4288,-0.7483,0.8559,0.0271,0.4931,0.0818,0.1404,0.006,0
6.28,-0.972,-0.1144,0.0146,0.8531,0.0167,0.4953,0.0845,0.1386,0.0019,0
6.3,-0.7779,-0.1555,0.2985,0.8465,0.0081,0.5091,0.0847,0.1401,0.0,0
6.32,-0.5681,0.2917,0.3871,0.8513,0.0099,0.5101,0.0851,0.1407,0.0,0
6.34,-0.2663,0.5913,0.4628,0.8534,0.0149,0.5073,0.088,0.1396,0.0,0
6.36,0.1055,-0.0816,0.4037,0.8468,0.0156,0.5175,0.0888,0.1389,0.0,0
6.38,-0.0167,-0.6907,0.1966,0.8474,0.0161,0.5258,0.0845,0.1374,0.0,0
6.4,0.1246,-0.2795,0.0295,0.8333,0.0182,0.5038,0.0797,0.1378,0.0,0
6.42,0.0303,0.9225,0.3145,0.8387,0.0214,0.5058,0.0864,0.1378,0.0,0
6.44,0.2941,0.4456,1.0744,0.858,0.018,0.5125,0.0855,0.1417,0.0004,0
6.46,0.2046,0.2985,1.3677,0.8657,0.0139,0.4928,0.0868,0.1402,0.0,0
6.48,0.1536,0.1557,1.1015,0.8428,0.0159,0.5091,0.083,0.1408,0.0,0
6.5,-0.0226,-0.9573,0.7736,0.855,0.0183,0.5552,0.0826,0.14,0.0,0
6.52,-0.2185,-0.4418,0.5558,0.8467,0.0197,0.5076,0.0828,0.1395,0.0,0
6.54,-0.3932,0.3117,0.4209,0.8495,0.0206,0.4762,0.0811,0.1394,0.0,0
6.56,-0.5234,0.2122,0.1364,0.8689,0.0213,0.4944,0.0814,0.1383,0.0,0
6.58,-0.6292,0.1321,-0.2302,0.8509,0.0208,0.4867,0.0853,0.1379,0.0,0
6.6,-0.5182,-0.8255,0.0202,0.827,0.0183,0.5265,0.088,0.1395,0.0,0
6.62,0.847,-1.4843,0.8737,0.849,0.0179,0.4933,0.0948,0.138,0.0,0
6.64,0.177,-0.7179,0.7577,0.8383,0.0147,0.5102,0.079,0.1397,0.0,0
6.66,-0.2262,0.2619,0.2391,0.8482,0.0177,0.5014,0.089,0.139,0.0,0
6.68,-0.2663,-0.6045,0.4244,0.8425,0.0139,0.488,0.0888,0.1422,0.0,0
6.7,-0.5943,0.7323,0.4178,0.8349,0.0162,0.4844,0.09,0.1407,0.0,0
6.72,-0.1004,0.7883,0.1992,0.8443,0.0145,0.4799,0.0882,0.1393,0.0,0
6.74,0.0061,0.3362,0.2111,0.8396,0.0096,0.5063,0.0901,0.1397,0.0,0
6.76,-0.2547,-0.0423,0.5339,0.8429,0.0126,0.5172,0.0855,0.1391,0.0009,0
6.78,-0.3488,-0.167,0.7034,0.8463,0.0171,0.4895,0.0823,0.1386,0.0,0
6.8,-0.5603,0.1822,0.3945,0.829,0.0143,0.4812,0.0891,0.1405,0.0,0
6.82,-0.7827,-0.1879,0.0002,0.8474,0.0184,0.5096,0.079,0.1407,0.0,0
6.84,-0.55,-0.9151,-0.1027,0.8408,0.0173,0.5166,0.0898,0.1409,0.0,0
6.86,-0.7801,0.5192,-0.3141,0.8354,0.0128,0.4696,0.0837,0.1412,0.0,0
6.88,-0.3679,1.3109,-0.2273,0.8518,0.0293,0.4966,0.0841,0.1399,0.0,0
6.9,-0.2259,0.1281,0.2763,0.8536,0.0186,0.4929,0.0834,0.1386,0.0,0
6.92,-0.0405,-0.0306,0.6405,0.8467,0.0118,0.5112,0.0785,0.1393,0.0013,0
6.94,-0.2776,0.5255,0.9971,0.8363,0.016,0.5022,0.0755,0.1414,0.0,0
6.96,0.1535,0.1015,0.9945,0.8427,0.0125,0.5078,0.0809,0.1404,0.0,0
6.98,0.2647,0.2824,0.5099,0.8463,0.0097,0.5193,0.0896,0.1384,0.0065,0
7.0,-0.0961,1.5734,0.043,0.8423,0.0138,0.5153,0.0859,0.138,0.0037,0
7.02,0.0988,1.6961,0.0259,0.8408,0.0179,0.5055,0.0794,0.1389,0.0,0
7.04,0.3394,0.2965,0.2023,0.8361,0.0216,0.495,0.0893,0.1409,0.0027,0
7.06,-0.2941,0.6511,0.1391,0.8444,0.0236,0.4733,0.0811,0.141,0.0,0
7.08,-0.5234,0.8646,-0.2679,0.8469,0.0214,0.4471,0.0953,0.1407,0.0,0
7.1,0.0043,-1.4641,0.8651,0.8215,0.0152,0.5209,0.0944,0.1382,0.0,0
7.12,-0.3778,-0.2774,0.887,0.8373,0.0068,0.564,0.0754,0.138,0.0,0
7.14,-0.5177,1.1534,0.9741,0.8457,0.0157,0.5175,0.0761,0.1387,0.0,0
7.16,-0.7497,0.9862,0.6243,0.8297,0.0201,0.4839,0.0824,0.1393,0.0,0
7.18,-0.5548,1.0515,0.0829,0.8416,0.0149,0.4849,0.079,0.1386,0.0051,0
7.2,-0.2651,0.2048,-0.1285,0.8498,0.0169,0.5184,0.0805,0.1368,0.0112,0
7.22,-0.1885,-0.1211,0.2024,0.8499,0.0119,0.5026,0.088,0.1369,0.0,0
7.24,-0.0392,0.0226,0.9117,0.8448,0.01,0.4769,0.091,0.1391,0.0,0
7.26,0.3528,-0.4194,1.3659,0.8386,0.0193,0.502,0.0877,0.1398,0.0,0
7.28,0.5191,-0.1571,0.9226,0.8517,0.0173,0.5079,0.0851,0.1392,0.0,0
7.3,0.2125,0.2258,0.1279,0.8606,0.0279,0.5191,0.0845,0.1413,0.0,0
7.32,0.0119,0.79,0.1363,0.845,0.0176,0.5259,0.0824,0.137,0.0,0
7.34,0.2265,1.6829,-0.3837,0.8323,0.0123,0.5236,0.1044,0.1387,0.0,0
7.36,-0.1632,1.8263,-0.1884,0.8497,0.0197,0.4304,0.0935,0.1388,0.0,0
7.38,-0.0743,-0.0014,0.0,0.8437,0.0176,0.4583,0.0826,0.1401,0.0,0
7.4,0.4036,0.4277,-0.1128,0.8489,0.0135,0.5043,0.0768,0.1406,0.0,0
7.42,0.0488,0.6075,0.0452,0.8578,0.0168,0.5033,0.0822,0.1411,0.0,0
7.44,-0.0995,-0.0523,0.1389,0.8481,0.0177,0.5144,0.0855,0.1399,0.0,0
7.46,-0.2402,-0.1524,0.1998,0.8333,0.0193,0.525,0.0828,0.1376,0.0,0
7.48,-0.3118,-0.129,0.485,0.8405,0.0208,0.516,0.0793,0.139,0.0,0
7.5,-0.4949,0.1501,0.7642,0.8527,0.021,0.5042,0.0828,0.1418,0.0,0
7.52,-0.8794,0.9274,0.4962,0.8458,0.0202,0.5112,0.087,0.1405,0.0,0
7.54,-0.4848,0.5001,-0.1261,0.8422,0.0165,0.5127,0.0819,0.1393,0.0,0
7.56,-0.0515,0.2995,-0.106,0.8411,0.02,0.4599,0.09,0.1402,0.0035,0
7.58,-0.2938,-0.044,0.0489,0.8375,0.0142,0.5443,0.0839,0.1403,0.0,0
7.6,0.0018,0.9459,0.5353,0.8302,0.0224,0.5024,0.0905,0.1409,0.0,0
7.62,-0.2137,0.9573,0.5796,0.8391,0.0115,0.4707,0.0936,0.1397,0.0,0
7.64,-0.1803,-0.6021,-0.0005,0.8463,0.0105,0.4942,0.0938,0.1402,0.0,0
7.66,-0.3862,0.4591,-0.3407,0.8406,0.0114,0.5041,0.0896,0.1407,0.0,0
7.68,0.0047,-0.5053,0.2505,0.8448,0.01,0.5331,0.0964,0.1413,0.0,0
7.7,-0.0749,-0.34,0.5392,0.8405,0.0091,0.5351,0.0913,0.1393,0.0,0
7.72,-0.113,-0.1886,0.1997,0.8493,0.0168,0.5259,0.0865,0.1385,0.0,0
7.74,0.0595,-0.5515,-0.0376,0.8636,0.0129,0.5097,0.0875,0.1384,0.0,0
7.76,0.0194,0.0163,0.0923,0.8615,0.0132,0.4821,0.0872,0.139,0.0,0
7.78,-0.2317,0.984,0.1972,0.853,0.0298,0.4867,0.0846,0.1394,0.0,0
7.8,-0.3616,0.6977,0.1128,0.8526,0.0279,0.5257,0.0833,0.1383,0.0,0
7.82,-0.3827,0.2349,0.0442,0.8517,0.0102,0.5194,0.0847,0.1399,0.0,0
7.84,-0.4763,0.5142,0.0193,0.8637,0.0073,0.53,0.0896,0.1387,0.0,0
7.86,-0.2315,0.5126,-0.3517,0.8612,0.0122,0.5019,0.0815,0.1415,0.0,0
7.88,-0.5554,-0.0374,0.0544,0.838,0.0186,0.4761,0.092,0.1423,0.0047,0
7.9,-0.2087,1.3919,-0.2317,0.8214,0.025,0.4672,0.0895,0.1414,0.0055,0
7.92,-0.212,-0.3615,0.1459,0.8421,0.0242,0.4744,0.0977,0.1407,0.005,0
7.94,-0.2988,-0.3003,0.2742,0.8508,0.0214,0.5054,0.0844,0.1405,0.0092,0
7.96,-0.2371,0.726,0.4743,0.8575,0.0184,0.4992,0.0897,0.14,0.0,0
7.98,-0.1797,-0.0302,0.3939,0.8525,0.0186,0.4945,0.0787,0.1403,0.0,0
8.0,0.1552,-0.4568,0.4071,0.8474,0.0284,0.4949,0.0805,0.1401,0.0,0
8.02,0.3799,-0.2286,0.3043,0.8338,0.0242,0.5136,0.0792,0.1394,0.0,0
8.04,0.0854,0.6839,-0.0053,0.8318,0.0167,0.5234,0.0824,0.1386,0.0,0
8.06,-0.3121,1.1406,-0.2814,0.8381,0.0237,0.5184,0.0904,0.1383,0.0123,0
8.08,-0.4854,0.2196,-0.1615,0.8308,0.0271,0.5123,0.0874,0.1397,0.0062,0
8.1,-0.4919,-0.3648,0.2728,0.8312,0.0181,0.5049,0.0893,0.1416,0.0,0
8.12,-0.0656,0.1586,0.3087,0.8432,0.02,0.5097,0.0959,0.1404,0.0,0
8.14,-0.1056,1.113,0.4786,0.837,0.0238,0.4604,0.0947,0.1392,0.0,0
8.16,-0.5696,-0.0493,0.0979,0.8429,0.0191,0.4759,0.0944,0.1368,0.0,0
8.18,-0.8649,-0.0996,-0.1284,0.8412,0.0144,0.5063,0.0942,0.1434,0.0,0
8.2,-1.3446,0.1052,0.3965,0.8339,0.0184,0.4363,0.0861,0.1407,0.0,0
8.22,-0.4397,0.6714,0.0939,0.8632,0.0237,0.5031,0.0894,0.1366,0.0,0
8.24,-0.1717,0.1051,-0.2399,0.838,0.0277,0.4812,0.0851,0.1407,0.0,0
8.26,-0.2314,0.9023,0.2738,0.8277,0.0224,0.4921,0.0814,0.142,0.0,0
8.28,-0.2008,0.2315,0.7556,0.8282,0.016,0.5185,0.0867,0.1409,0.0127,0
8.3,-0.3985,0.4904,0.3843,0.8327,0.0231,0.5336,0.0817,0.1385,0.0021,0
8.32,-0.1972,0.3334,0.2275,0.823,0.0273,0.5422,0.0865,0.1393,0.0,0
8.34,-0.016,-0.39,0.2086,0.8153,0.018,0.5381,0.0931,0.1402,0.0,0
8.36,-0.1493,-0.3701,0.1359,0.8189,0.0189,0.5199,0.0897,0.1402,0.0,0
8.38,-0.1778,-0.0474,0.3253,0.8315,0.0247,0.4982,0.0788,0.1397,0.0,0
8.4,0.2184,0.1828,0.568,0.8421,0.019,0.502,0.0765,0.1385,0.0062,0
8.42,0.4589,0.3961,0.4831,0.8301,0.0187,0.515,0.0882,0.1387,0.001,0
8.44,-0.1687,-0.311,0.5068,0.8134,0.0235,0.4874,0.093,0.1409,0.0031,0
8.46,-0.6761,-0.2643,0.8518,0.8345,0.0217,0.4974,0.094,0.1396,0.0004,0
8.48,-0.7458,0.6307,0.5476,0.8515,0.0231,0.5288,0.0893,0.1403,0.0,0
8.5,-0.7435,0.7893,-0.0566,0.8496,0.0202,0.5072,0.0752,0.1401,0.007,0
8.52,-1.2343,1.0666,0.9565,0.8593,0.0354,0.5193,0.0904,0.1372,0.0,0
8.54,-2.5635,-0.0146,1.0536,0.8244,0.0507,0.5492,0.092,0.1388,0.0,0
8.56,-1.843,1.0595,-0.4697,0.8351,0.0291,0.4547,0.0898,0.1403,0.0,0
8.58,0.4399,1.6344,-0.8439,0.8594,0.0036,0.5107,0.0767,0.1424,0.0129,0
8.6,0.9219,3.2344,-2.9361,0.8337,-0.0042,0.5567,0.0823,0.1402,0.0082,0
8.62,1.5961,3.3498,-3.8974,0.8311,-0.0062,0.5698,0.08,0.1412,0.0,0
8.64,1.7414,2.2948,-2.7527,0.8359,0.0047,0.5548,0.0914,0.1393,0.0,0
8.66,0.5353,1.0243,-1.7729,0.8346,0.019,0.4861,0.0942,0.1397,0.0,0
8.68,-0.4437,0.188,-1.3265,0.8367,0.0273,0.452,0.0911,0.1417,0.0,0
8.7,-0.6005,-0.4234,-0.8303,0.8438,0.0331,0.4545,0.0904,0.1401,0.0,0
8.72,-0.1817,-0.2593,-0.4469,0.8541,0.0351,0.4821,0.0839,0.1384,0.0,0
8.74,0.6562,1.3409,-0.0511,0.8542,0.0309,0.4861,0.0814,0.139,0.004,0
8.76,1.495,2.4891,0.6025,0.8424,0.0284,0.4831,0.0868,0.1391,0.0,0
8.78,1.8078,2.4879,1.0358,0.835,0.0353,0.5107,0.0854,0.1386,0.0,0
8.8,1.5283,2.6289,0.8625,0.8351,0.0401,0.509,0.0829,0.139,0.0,0
8.82,0.9625,1.5696,0.4484,0.8364,0.0387,0.499,0.0867,0.1395,0.0074,0
8.84,0.273,0.7286,0.1902,0.8352,0.0536,0.5025,0.088,0.1389,0.0518,0
8.86,-0.7761,1.0095,-0.1704,0.8257,0.0442,0.5015,0.0874,0.1374,0.0431,0
8.88,-1.2771,1.3844,-0.4982,0.8244,0.0332,0.5497,0.0892,0.1395,0.0328,0
8.9,-1.6724,4.414,-1.5545,0.8239,0.0325,0.5281,0.0914,0.1415,0.0487,0
8.92,-2.0941,4.9336,-1.2184,0.8259,0.0316,0.5127,0.1014,0.1402,0.044,0
8.94,-2.6379,5.422,-1.3416,0.8226,0.0367,0.5036,0.0901,0.1388,0.0609,0
8.96,-1.651,1.7797,-0.815,0.8384,0.0307,0.5424,0.0891,0.1407,0.0711,0
8.98,-1.3793,0.4317,-0.0369,0.8239,0.0317,0.5737,0.0868,0.1382,0.0463,0
9.0,-1.5521,0.8641,-0.3847,0.818,0.0258,0.4718,0.1002,0.1375,0.0527,0
9.02,-0.8068,0.3993,-0.7705,0.8368,0.0254,0.4999,0.0857,0.1374,0.0713,0
9.04,-0.1313,1.6607,-0.295,0.8206,0.0311,0.5245,0.0911,0.1398,0.0782,0
9.06,-0.4171,4.7247,0.7844,0.8348,0.0318,0.5175,0.0815,0.1411,0.0638,0
9.08,-0.2808,3.9297,1.9291,0.8433,0.0253,0.5248,0.0849,0.1396,0.0625,0
9.1,-0.2968,2.181,2.0392,0.8284,0.0171,0.5246,0.0813,0.1374,0.0608,0
9.12,-0.2215,2.3727,1.1262,0.833,0.0169,0.534,0.0889,0.1381,0.0619,0
9.14,0.1337,1.9064,0.8177,0.8359,0.0249,0.542,0.0883,0.1396,0.0719,0
9.16,-0.1182,1.8132,0.9235,0.8291,0.0267,0.5601,0.0871,0.1383,0.0729,0
9.18,-0.5756,2.6092,0.9859,0.8315,0.026,0.5541,0.0891,0.1381,0.0749,0
9.2,-0.5167,1.6339,1.2502,0.8369,0.0302,0.5092,0.0874,0.1398,0.0751,0
9.22,-0.5176,0.0446,1.435,0.8381,0.0305,0.487,0.0843,0.1412,0.0623,0
9.24,-0.6493,0.3308,1.3076,0.8363,0.0297,0.503,0.0819,0.1402,0.0536,0
9.26,-0.5068,1.0178,1.0412,0.8286,0.0368,0.5069,0.0797,0.1375,0.0575,0
9.28,-0.7223,0.9527,0.8019,0.8268,0.0358,0.5043,0.0719,0.1387,0.0687,0
9.3,-1.2886,0.5864,0.7582,0.8295,0.0213,0.544,0.0868,0.1367,0.0721,0
9.32,-1.3039,0.4653,1.2077,0.813,0.025,0.5246,0.0848,0.1375,0.0872,0
9.34,-1.0602,0.2997,1.5606,0.8189,0.0258,0.5388,0.0906,0.1407,0.06,0
9.36,-1.1204,-0.2944,1.1737,0.8263,0.0207,0.5218,0.0816,0.1403,0.0757,0
9.38,-0.735,-0.0037,1.827,0.8293,0.02,0.5328,0.0851,0.1426,0.0815,0
9.4,-0.701,-0.1772,1.554,0.8298,0.0153,0.5209,0.0842,0.1379,0.0823,0
9.42,-0.902,1.1972,1.2382,0.8434,0.0099,0.54,0.089,0.1419,0.0549,0
9.44,-0.4583,1.0346,0.0698,0.8295,0.0144,0.5156,0.0819,0.1417,0.0759,0
9.46,-0.8149,0.2969,0.6543,0.8331,0.017,0.5153,0.087,0.1421,0.0708,0
9.48,-0.8658,0.9814,0.7863,0.8232,0.0184,0.5182,0.0834,0.1374,0.0737,0
9.5,-0.578,1.3024,1.1632,0.8197,0.0273,0.531,0.0952,0.1389,0.0682,0
9.52,-0.3944,0.3323,0.747,0.8336,0.0261,0.497,0.0781,0.1397,0.0557,0
9.54,-0.5784,1.2768,0.0951,0.8294,0.0215,0.5116,0.0737,0.1385,0.0714,0
9.56,-0.3131,1.1912,-0.6871,0.8399,0.0167,0.5478,0.0836,0.1399,0.085,0
9.58,-0.5051,0.3145,0.069,0.8384,0.0187,0.5099,0.0884,0.1383,0.0931,0
9.6,-0.2977,0.6305,0.1567,0.8277,0.0239,0.5492,0.0824,0.1411,0.0801,0
9.62,-0.3246,0.8746,0.4133,0.8087,0.0252,0.5195,0.0811,0.1401,0.0663,0
9.64,-0.4436,-0.2594,1.2021,0.834,0.0237,0.508,0.0811,0.1378,0.077,0
9.66,-1.1844,0.1261,1.1873,0.8316,0.0289,0.5109,0.0807,0.1384,0.0735,0
9.68,-1.4205,1.0034,0.6611,0.8259,0.0259,0.4987,0.0891,0.1385,0.0672,0
9.7,-0.7441,0.493,0.1204,0.8431,0.0216,0.5072,0.0866,0.1382,0.0764,0
9.72,0.0473,0.8518,-0.2904,0.8634,0.0127,0.5362,0.0815,0.137,0.0799,0
9.74,-0.0877,2.216,-0.3401,0.8525,0.0164,0.5122,0.083,0.1371,0.0784,0
9.76,0.2758,1.6974,-0.2868,0.8365,0.0172,0.5063,0.0784,0.1394,0.065,0
9.78,0.8361,0.7083,0.2056,0.8196,0.0145,0.5549,0.0837,0.1382,0.0756,0
9.8,1.1221,0.3646,0.8077,0.8132,0.0188,0.5525,0.0899,0.1377,0.0835,0
9.82,0.9369,0.1043,0.7918,0.8213,0.021,0.5378,0.086,0.1389,0.0835,0
9.84,0.1928,0.6358,0.6063,0.8169,0.0246,0.5558,0.0825,0.1399,0.0834,0
9.86,-0.1549,2.0284,0.536,0.8122,0.0222,0.5424,0.082,0.1398,0.0687,0
9.88,-0.1358,2.0401,0.277,0.8185,0.0167,0.5106,0.0862,0.1375,0.0644,0
9.9,-0.0044,0.1814,0.2935,0.8309,0.0195,0.5195,0.0821,0.1382,0.0729,0
9.92,0.111,-0.0705,0.7021,0.8416,0.0154,0.5546,0.0793,0.1386,0.0804,0
9.94,0.2331,0.949,0.5515,0.8264,0.0194,0.5331,0.0893,0.1372,0.0654,0
9.96,0.3552,0.7107,-0.0914,0.8145,0.0299,0.5128,0.0885,0.1371,0.0686,0
9.98,0.1681,-0.6928,-0.858,0.8194,0.0335,0.5297,0.0856,0.1382,0.0617,0
10.0,-0.2914,-1.1785,-1.0123,0.8015,0.0193,0.5371,0.0782,0.1368,0.076,0
10.02,-0.7631,-1.0582,-0.7391,0.8176,0.0177,0.522,0.0817,0.1367,0.0613,0
10.04,-0.7585,0.1636,0.291,0.8236,0.0288,0.5052,0.0817,0.1394,0.0264,0
10.06,-0.5233,-0.1439,0.5408,0.8236,0.0315,0.5207,0.0849,0.1373,0.064,0
10.08,-0.1018,-0.0311,0.62,0.8039,0.0202,0.536,0.0898,0.1375,0.0898,0
10.1,-0.6323,-0.2982,0.0991,0.8223,0.0273,0.5293,0.0814,0.138,0.086,0
10.12,-0.3528,0.1113,-0.2633,0.828,0.0264,0.5183,0.0823,0.137,0.0626,0
10.14,-0.1149,0.2913,0.0052,0.8239,0.0125,0.5192,0.0861,0.1397,0.0609,0
10.16,-0.2626,0.1051,0.3656,0.8236,0.0164,0.5677,0.0813,0.1354,0.0835,0
10.18,-0.0048,0.3551,0.1442,0.8146,0.0266,0.529,0.0835,0.137,0.0698,0
10.2,-0.1128,0.1874,0.2534,0.8184,0.0215,0.5102,0.0945,0.1371,0.0668,0
10.22,0.3108,0.3266,0.2908,0.827,0.0231,0.5138,0.0919,0.1372,0.0812,0
10.24,-0.3255,1.7931,0.2223,0.828,0.0245,0.5124,0.0728,0.1346,0.0813,0
10.26,-0.6568,1.2455,0.4753,0.8386,0.0196,0.5579,0.0825,0.1349,0.0716,0
10.28,-0.4931,0.0261,0.7299,0.8162,0.0188,0.5537,0.088,0.1367,0.0592,0
10.3,-0.265,0.0192,0.314,0.8299,0.02,0.5867,0.0906,0.1346,0.0696,0
10.32,0.2925,0.0837,0.4178,0.8351,0.0237,0.5661,0.0966,0.1362,0.0753,0
10.34,3.1295,-1.2349,1.1938,0.8101,0.0137,0.5215,0.0844,0.1379,0.0512,0
10.36,4.4742,-1.5766,2.9169,0.8132,0.0253,0.5259,0.0834,0.1366,0.0658,0
10.38,3.7976,-2.219,3.2901,0.7998,0.0254,0.4849,0.0985,0.1352,0.0834,0
10.4,2.3479,-1.2232,1.8965,0.8523,0.031,0.5351,0.0859,0.1348,0.0691,0
10.42,-1.5136,-0.6006,-0.8521,0.8583,0.0443,0.5053,0.0978,0.135,0.0663,0
10.44,-3.514,1.5831,-0.8667,0.8442,0.0385,0.4677,0.083,0.1365,0.0572,0
10.46,-4.4857,0.4758,-1.2461,0.8407,0.0335,0.5549,0.0868,0.1357,0.0555,0
10.48,-3.6364,3.9324,-0.1803,0.8295,0.0314,0.5438,0.1104,0.136,0.0534,0
10.5,-3.5939,1.8719,-0.0949,0.8355,0.0315,0.5734,0.1072,0.1355,0.0543,0
10.52,-3.8061,-1.3383,-0.0175,0.8303,0.0214,0.562,0.1098,0.1352,0.072,0
10.54,-3.5998,0.7124,-1.6398,0.8158,0.0261,0.5734,0.1055,0.1353,0.0671,0
10.56,-3.5316,-0.1875,-1.831,0.836,0.0248,0.5946,0.1069,0.1354,0.0524,0
10.58,-2.1902,-0.5465,-1.3394,0.8278,0.0275,0.5579,0.1093,0.1361,0.0582,0
10.6,-1.3115,-0.7748,0.4317,0.8401,0.0156,0.4861,0.1072,0.137,0.0463,0
10.62,-0.6849,-0.7558,1.3631,0.8446,0.0144,0.5498,0.1126,0.1391,0.0,0
10.64,2.04,0.298,1.6082,0.8165,0.0078,0.5392,0.1207,0.1374,0.003,0
10.66,2.2073,1.1905,0.4287,0.8321,-0.0081,0.4934,0.111,0.135,0.0174,0
10.68,2.7182,1.2201,-0.3329,0.8402,0.0262,0.5385,0.1143,0.1371,0.0252,0
10.7,2.3668,-0.9319,1.1183,0.7844,0.0303,0.5368,0.1255,0.138,0.0,0
10.72,1.8586,-1.6155,1.5999,0.8161,0.0242,0.5269,0.1152,0.1371,0.0014,0
10.74,1.4311,-1.2688,1.454,0.8299,0.032,0.5597,0.1201,0.1385,0.0,0
10.76,0.8875,0.1444,1.4097,0.822,0.0405,0.5774,0.1212,0.1383,0.0,0
10.78,0.1858,-0.414,1.4086,0.8252,0.0288,0.5439,0.1049,0.1371,0.0,0
10.8,-0.4568,0.5966,1.821,0.8294,0.0319,0.5336,0.1122,0.1383,0.0,0
10.82,-0.9597,0.6589,0.7443,0.8162,0.0249,0.5195,0.1161,0.1366,0.0,0
10.84,-1.2739,0.497,0.5479,0.8161,0.0199,0.5334,0.1234,0.1363,0.002,0
10.86,-1.5275,2.3918,-0.5234,0.826,0.0296,0.5446,0.1063,0.1376,0.0,0
10.88,-0.8833,-0.5738,-0.3736,0.8341,0.0137,0.5628,0.1112,0.1377,0.0232,0
10.9,-0.2603,-0.4253,-0.1601,0.8299,0.0092,0.5398,0.114,0.1373,0.0,0
10.92,0.6072,0.3884,-0.3955,0.8438,0.0206,0.5228,0.1207,0.1367,0.0092,0
10.94,0.5609,-0.3661,0.1116,0.8199,0.0165,0.543,0.1197,0.1341,0.0,0
10.96,0.7915,0.8482,0.1717,0.8213,0.0164,0.5432,0.1256,0.1379,0.0026,0
10.98,1.1771,1.3256,0.3795,0.8212,0.0328,0.5556,0.1193,0.1377,0.0,0
11.0,0.6587,-0.912,1.2328,0.825,0.0263,0.5202,0.1167,0.1368,0.0018,0
11.02,0.0348,-0.7185,1.7367,0.7999,0.0385,0.5334,0.1028,0.1395,0.0031,0
11.04,-0.5934,-2.2244,1.8174,0.8126,0.0356,0.5333,0.112,0.1373,0.0037,0
11.06,-0.5127,-2.1864,2.7213,0.833,0.0298,0.5276,0.1142,0.1359,0.0,0
11.08,-1.1976,0.6388,2.3043,0.8285,0.01,0.5222,0.1139,0.1395,0.0,0
11.1,-0.5509,-0.0169,1.877,0.8387,0.0169,0.5375,0.1175,0.1366,0.0,0
11.12,-0.3527,0.165,2.3019,0.8422,0.0114,0.5512,0.1157,0.1387,0.0,0
11.14,-0.7764,-0.0626,0.8493,0.822,0.0125,0.5391,0.1284,0.135,0.0003,0
11.16,-0.9897,-1.122,0.5584,0.8118,0.0133,0.5567,0.1071,0.1373,0.0,0
11.18,0.0909,-1.5371,0.6083,0.8459,0.0117,0.5522,0.1261,0.1374,0.0,0
11.2,0.207,0.3996,0.3648,0.8478,0.0108,0.5443,0.1103,0.1365,0.0,0
11.22,-0.8304,-0.2763,0.2686,0.8125,0.0355,0.5696,0.1146,0.1372,0.0061,0
11.24,-0.7506,0.0583,0.251,0.8425,0.0185,0.5338,0.1139,0.1382,0.0118,0
11.26,-0.2985,-0.15,0.9195,0.8339,0.0218,0.5056,0.1148,0.1367,0.0075,0
11.28,-0.5157,-0.7043,0.8781,0.8222,0.0246,0.5244,0.121,0.1385,0.0046,0
11.3,-1.0316,-0.017,0.318,0.817,0.0174,0.5206,0.1177,0.1384,0.0,0
11.32,-0.7402,0.0061,-0.1302,0.823,0.0222,0.5214,0.1154,0.1397,0.0022,0
11.34,-0.9864,-0.0526,-0.1781,0.816,0.0161,0.5416,0.1101,0.1371,0.0076,0
11.36,-0.6843,-1.3934,0.3093,0.8253,0.0166,0.55,0.1036,0.1347,0.0142,0
11.38,-0.6782,-0.4323,0.1163,0.8231,0.019,0.5444,0.1057,0.1351,0.0,0
11.4,-0.2976,-0.3267,-0.0397,0.8339,0.0212,0.5385,0.1061,0.1363,0.0,0
11.42,0.0254,-0.7252,0.3825,0.8238,0.025,0.5297,0.1142,0.1363,0.0,0
11.44,0.2851,-0.2804,1.1216,0.8253,0.0198,0.5476,0.1087,0.1368,0.015,0
11.46,0.6771,0.3476,1.2204,0.8288,0.0129,0.5419,0.1121,0.1381,0.0,0
11.48,0.8363,0.3136,1.2107,0.8276,0.0108,0.54,0.0989,0.1384,0.0,0
11.5,-0.1821,0.0605,0.8224,0.8253,0.0102,0.5669,0.0932,0.138,0.0,0
11.52,-0.6851,-0.0022,0.3635,0.8175,0.0056,0.5653,0.0932,0.1374,0.0,0
11.54,-0.0748,-0.0073,0.8515,0.8371,0.0118,0.5298,0.0828,0.1376,0.0,0
11.56,0.1019,0.1547,0.9422,0.8511,0.0195,0.5398,0.0804,0.1373,0.0009,0
11.58,0.2848,0.6367,0.7872,0.8406,0.016,0.5213,0.0897,0.1368,0.0063,0
11.6,0.4489,0.396,0.737,0.8393,0.0068,0.5072,0.0899,0.1365,0.0,0
11.62,-0.0415,-0.1466,0.2235,0.8494,0.0084,0.525,0.0887,0.1375,0.0019,0
11.64,-2.1182,0.395,-0.9117,0.8404,0.0148,0.5446,0.0887,0.1392,0.0174,0
11.66,-3.2114,1.1161,-2.1441,0.8145,0.0143,0.549,0.0913,0.1365,0.0011,0
11.68,-2.6406,0.8449,-2.152,0.7941,0.0173,0.5685,0.0859,0.1384,0.0,0
11.7,-1.426,-0.3013,-1.5554,0.8149,0.016,0.5677,0.0906,0.1393,0.0195,0
11.72,1.9814,-0.6443,-1.2673,0.8211,-0.0029,0.5376,0.1043,0.1389,0.0217,0
11.74,3.9646,-0.653,-0.4446,0.8426,0.0052,0.5559,0.1091,0.137,0.0,0
11.76,3.3452,0.0181,-0.5686,0.8298,0.0236,0.5641,0.1089,0.1387,0.0,0
11.78,3.5576,0.5241,-0.5859,0.8238,0.0335,0.5452,0.1069,0.1394,0.0037,0
11.8,2.3992,1.2603,-0.2052,0.8475,0.0441,0.5616,0.0856,0.1388,0.0023,0
11.82,0.0743,0.4734,0.1098,0.8387,0.0365,0.544,0.0825,0.1388,0.0,0
11.84,-0.2702,-0.5048,0.1269,0.8487,0.0374,0.5661,0.0833,0.1343,0.0,0
11.86,-0.6267,0.9168,1.3392,0.8672,0.0348,0.5372,0.0932,0.138,0.0,0
11.88,-1.7609,1.4578,0.0342,0.8302,0.0468,0.52,0.0997,0.1342,0.002,0
11.9,-1.2715,1.4163,-0.3786,0.8324,0.0245,0.5281,0.0881,0.1394,0.0013,0
11.92,-1.1631,2.5923,-0.3785,0.8111,0.0172,0.5386,0.0912,0.137,0.0256,0
11.94,-1.5907,2.4182,-1.5496,0.836,-0.0071,0.5755,0.0874,0.1363,0.0,0
11.96,-1.106,2.8051,-1.3487,0.8104,0.0124,0.5578,0.0936,0.1388,0.0,0
11.98,-0.4407,0.9176,-0.5982,0.817,0.0246,0.5528,0.0921,0.1409,0.0,0
12.0,-0.5544,2.1434,-0.346,0.8186,0.0235,0.5427,0.0886,0.14,0.0,0
12.02,-0.7673,2.4764,-0.4853,0.8253,0.0256,0.5803,0.0898,0.1389,0.0,0
12.04,-0.935,0.9982,-0.3512,0.8215,0.0232,0.5697,0.088,0.1388,0.0026,0
12.06,-0.317,0.1377,-0.3309,0.833,0.0173,0.5235,0.096,0.137,0.0,0
12.08,0.6272,1.7071,-0.1083,0.8385,0.025,0.5187,0.0872,0.1381,0.0,0
12.1,1.2058,2.0574,0.0684,0.8327,0.0243,0.5217,0.0806,0.1393,0.0,0
12.12,1.1126,0.9331,0.8417,0.8221,0.031,0.5296,0.0846,0.1375,0.0035,0
12.14,0.3584,-0.3709,0.3759,0.8263,0.0355,0.5257,0.0925,0.1364,0.0131,0
12.16,-0.0471,-0.2577,-0.4387,0.8429,0.0335,0.5376,0.0926,0.1371,0.0006,0
12.18,-0.3643,0.197,-0.7814,0.8446,0.0257,0.5418,0.0881,0.1363,0.004,0
12.2,-0.1429,1.0212,-0.2915,0.8297,0.0248,0.5633,0.0886,0.1359,0.0096,0
12.22,-0.1833,0.6723,0.3328,0.813,0.0242,0.5739,0.088,0.136,0.0121,0
12.24,-0.0894,0.164,0.644,0.8025,0.0174,0.5896,0.0816,0.1374,0.0,0
12.26,0.1433,-0.1107,0.8466,0.8183,0.0238,0.5793,0.0746,0.1408,0.0109,0
12.28,0.0529,0.5542,0.48,0.821,0.0232,0.5558,0.0802,0.1397,0.0,0
12.3,-0.0376,-0.2155,0.802,0.8177,0.0336,0.5775,0.0839,0.1406,0.0,0
12.32,-0.0238,-1.1115,0.9054,0.8361,0.03,0.5328,0.0751,0.1391,0.0,0
12.34,0.5103,0.0247,1.165,0.8439,0.0269,0.5876,0.0805,0.1391,0.0,0
12.36,0.4046,0.6896,0.6674,0.8315,0.0207,0.5413,0.0743,0.1404,0.0094,0
12.38,0.1012,-0.0877,0.5708,0.8398,0.0255,0.5572,0.0825,0.1377,0.0,0
12.4,-1.0985,1.6187,0.9642,0.8182,0.0228,0.5428,0.0768,0.139,0.0,0
12.42,-2.2471,0.4501,0.2985,0.82,0.0169,0.4977,0.0827,0.1393,0.0057,0
12.44,-1.638,-0.3183,0.1699,0.815,0.0174,0.5513,0.0793,0.135,0.0,0
12.46,-1.0326,-0.235,0.1448,0.8243,0.0227,0.5196,0.0754,0.1385,0.0,0
12.48,-0.8555,-0.0179,0.0234,0.8141,0.0247,0.5152,0.0777,0.1396,0.0,0
12.5,-0.4905,0.5767,0.461,0.8293,0.0267,0.5023,0.0778,0.1414,0.0,0
12.52,-0.8085,1.4436,0.8015,0.821,0.0288,0.5443,0.0869,0.1413,0.0,0
12.54,-0.7041,1.0589,0.7427,0.8134,0.0253,0.5558,0.0893,0.1397,0.0,0
12.56,-0.4355,0.3457,0.3999,0.818,0.0245,0.5469,0.0878,0.1396,0.0,0
12.58,-0.7439,1.7212,0.2879,0.8086,0.024,0.5266,0.0899,0.139,0.0,0
12.6,-0.6862,2.3478,0.4462,0.8353,0.0213,0.5234,0.0871,0.1384,0.0,0
12.62,-0.2328,1.3009,0.1402,0.8206,0.0235,0.5637,0.0786,0.1384,0.0027,0
12.64,-0.3712,0.4199,-0.2666,0.8099,0.0237,0.5787,0.0829,0.14,0.0,0
12.66,0.139,0.2386,0.1318,0.8153,0.0203,0.5179,0.0835,0.1394,0.0081,0
12.68,0.5108,1.9108,0.6723,0.8148,0.0232,0.5507,0.0806,0.1379,0.0236,0
12.7,0.5522,0.1585,0.8161,0.8152,0.0255,0.5729,0.0925,0.1358,0.0,0
12.72,0.2031,-1.1572,0.6276,0.8082,0.0228,0.5147,0.0864,0.138,0.0126,0
12.74,-0.3313,-0.8543,0.8887,0.835,0.0171,0.5327,0.0929,0.1373,0.0,0
12.76,-0.6621,-0.3384,0.4639,0.8393,0.0294,0.5333,0.0773,0.1387,0.0,0
12.78,-0.5225,0.7895,0.8822,0.8373,0.0157,0.5279,0.0871,0.1373,0.0,0
12.8,-0.503,1.0516,0.6643,0.8318,0.0208,0.5149,0.0927,0.1354,0.0,0
12.82,-0.2083,1.2688,0.1117,0.8207,0.0246,0.5504,0.0879,0.1384,0.0,0
12.84,-0.5464,-0.0544,-0.385,0.8358,0.0272,0.5518,0.0913,0.1386,0.0,0
12.86,-0.206,-0.006,-0.1747,0.8248,0.034,0.5553,0.0827,0.1375,0.0,0
12.88,-0.1906,-0.041,0.0353,0.817,0.0411,0.5584,0.0857,0.14,0.0,0
12.9,-0.6374,0.4309,0.1227,0.8178,0.0314,0.5199,0.0834,0.1397,0.001,0
12.92,-0.5934,0.7569,0.3883,0.8182,0.0126,0.5249,0.0869,0.1389,0.0091,0
12.94,-0.1348,-0.1222,0.7736,0.8369,0.0098,0.5525,0.0857,0.1397,0.0107,0
12.96,0.2601,0.4085,0.9571,0.8177,0.0171,0.5401,0.0762,0.1384,0.0,0
12.98,0.1281,-0.4178,0.9242,0.8109,0.0208,0.5714,0.0852,0.1401,0.0,0
13.0,0.099,-0.3793,1.2047,0.8179,0.0086,0.5143,0.0888,0.1358,0.0,0
13.02,0.2327,-0.3373,0.5065,0.839,0.0239,0.5842,0.095,0.138,0.0,0
13.04,-0.126,-1.137,1.1516,0.8344,0.0248,0.5345,0.0859,0.1364,0.0,0
13.06,-0.4147,-1.0843,0.8485,0.815,0.0261,0.5255,0.0919,0.1381,0.0,0
13.08,-0.3272,-0.9035,1.095,0.814,0.0203,0.5499,0.0864,0.1377,0.0,0
13.1,-0.527,-0.1609,0.8972,0.8409,0.0216,0.5446,0.0816,0.136,0.0,0
13.12,-0.6092,-0.1916,0.5375,0.8226,0.0182,0.5504,0.089,0.1359,0.0,0
13.14,-0.4706,-0.5288,0.4275,0.8166,0.0192,0.579,0.087,0.1386,0.0,0
13.16,-0.2752,0.2041,0.422,0.8182,0.0191,0.5937,0.0887,0.1374,0.0,0
13.18,-0.4899,0.1636,0.8822,0.8048,0.0261,0.5815,0.0902,0.1399,0.0024,0
13.2,-0.3909,-0.1706,1.0757,0.8106,0.028,0.5795,0.0937,0.1391,0.0,0
13.22,-0.2905,-1.4278,1.0264,0.8246,0.0229,0.5823,0.0883,0.1391,0.0,0
13.24,-0.2869,0.3778,0.5265,0.8033,0.0233,0.5377,0.0782,0.1352,0.0,0
13.26,0.0339,0.5891,-0.0493,0.8318,0.0205,0.5508,0.0728,0.1358,0.0135,0
13.28,0.2807,1.2838,-0.5514,0.8064,0.0112,0.5342,0.0903,0.1352,0.0,0
13.3,0.1628,1.6615,-0.4624,0.8147,0.0268,0.5435,0.0843,0.1384,0.0,0
13.32,-0.4892,0.0113,-0.0853,0.8311,0.0193,0.5452,0.0882,0.1385,0.0,0
13.34,-0.7264,1.2529,0.6201,0.8364,0.0205,0.5395,0.091,0.1368,0.0039,0
13.36,-0.9413,0.4368,0.7982,0.8216,0.0244,0.5296,0.0864,0.1391,0.0,0
13.38,-0.6156,0.0101,0.6625,0.8435,0.0201,0.5288,0.0849,0.1386,0.0,0
13.4,-0.1997,-0.7126,0.4779,0.8336,0.0108,0.5368,0.086,0.1378,0.0,0
13.42,-0.4697,-0.315,0.8213,0.8249,0.0149,0.5245,0.0846,0.1359,0.0,0
13.44,-0.1384,0.6002,0.5721,0.7971,0.0284,0.5714,0.0817,0.138,0.0,0
13.46,0.0933,-0.349,0.6795,0.8202,0.0306,0.5459,0.0849,0.136,0.0036,0
13.48,0.5114,-1.323,0.9713,0.8389,0.0183,0.5327,0.0825,0.1372,0.0024,0
13.5,0.265,-1.1799,1.567,0.8133,0.0165,0.5741,0.0743,0.1419,0.0,0
13.52,0.4109,0.29,1.6691,0.8302,0.0282,0.5318,0.0864,0.1364,0.0,0
13.54,0.1177,-1.4934,1.2798,0.8276,0.0185,0.519,0.0942,0.1354,0.0276,0
13.56,0.3173,-2.5494,0.6694,0.8188,0.0142,0.5526,0.0913,0.1325,0.0007,0
13.58,0.0682,-1.3889,1.2223,0.8215,0.0128,0.5095,0.0905,0.1367,0.0,0
13.6,-0.0368,1.59,1.2471,0.8074,0.0189,0.5322,0.0894,0.1347,0.0,0
13.62,-0.3233,1.8021,0.8526,0.8242,0.0323,0.5466,0.0808,0.1357,0.0,0
13.64,-0.114,-0.8441,0.4381,0.8099,0.027,0.5352,0.0745,0.1372,0.0103,0
13.66,0.215,-1.2697,0.1957,0.8106,0.0194,0.5697,0.0762,0.1364,0.0197,0
13.68,-0.4639,-0.5211,0.1288,0.817,0.0202,0.5179,0.0748,0.1345,0.0084,0
13.7,-0.5557,-3.0103,0.3757,0.8185,0.0199,0.5251,0.0713,0.1372,0.0016,0
13.72,-0.5436,1.4833,0.4565,0.854,0.0151,0.6393,0.0773,0.1367,0.0,0
13.74,-0.7877,0.4756,0.7825,0.8262,0.0197,0.5679,0.0886,0.1383,0.0,0
13.76,-0.4936,-2.5108,0.9132,0.8049,0.0206,0.5551,0.087,0.1387,0.003,0
13.78,-0.6849,-1.2311,0.7322,0.82,0.0201,0.5234,0.077,0.141,0.0,0
13.8,-0.5259,-0.3491,0.8793,0.8321,0.023,0.5154,0.0824,0.1377,0.0,0
13.82,-1.1366,-1.2892,0.7368,0.8263,0.0232,0.5441,0.0798,0.1375,0.0,0
13.84,-1.3365,-3.0218,0.8195,0.8308,0.0224,0.5191,0.0768,0.1385,0.0,0
13.86,-0.9438,-3.0026,0.2971,0.8308,0.0202,0.5497,0.085,0.1406,0.0109,0
13.88,-0.4578,-3.2172,-0.0175,0.8258,0.0184,0.5056,0.0858,0.1415,0.0,0
13.9,-0.2535,-2.8453,-0.0789,0.8064,0.0134,0.5379,0.0885,0.1404,0.0,0
13.92,-0.7757,-0.0456,0.5027,0.8204,0.004,0.5733,0.0922,0.1394,0.0,0
13.94,-0.6453,-2.0202,0.711,0.8168,0.0145,0.4956,0.092,0.1402,0.0244,0
13.96,-0.5109,-3.5789,0.5637,0.8173,0.0066,0.5546,0.0799,0.1408,0.0,0
13.98,-0.6531,-3.6376,-0.1388,0.8459,0.014,0.4975,0.0887,0.1417,0.0,0
14.0,-0.5455,-2.2398,-0.0662,0.8656,0.009,0.5004,0.0891,0.1411,0.0012,0
14.02,-0.5242,-0.5357,0.2705,0.8213,0.0187,0.5091,0.0861,0.1377,0.0279,0
14.04,-0.5062,1.66,0.7266,0.8316,0.0258,0.5108,0.0828,0.138,0.0515,0
14.06,-0.1981,0.3379,0.5025,0.8465,0.0191,0.5138,0.0856,0.1403,0.073,0
14.08,-0.187,0.1636,0.5149,0.823,0.0128,0.5122,0.085,0.139,0.0566,0
14.1,-0.1413,0.6349,0.7604,0.8206,0.0137,0.5104,0.0916,0.1375,0.0406,0
14.12,0.8482,-0.7989,0.3936,0.8254,0.0144,0.5402,0.0812,0.1367,0.0425,0
14.14,0.2586,-0.36,0.0152,0.8464,0.0128,0.4919,0.0846,0.1402,0.0565,0
14.16,0.3762,-0.4049,0.3471,0.821,0.0134,0.5468,0.0807,0.1389,0.0586,0
14.18,0.7019,-0.7131,0.5245,0.8197,0.0113,0.5382,0.0809,0.139,0.0695,0
14.2,0.0443,0.6146,0.4255,0.821,0.0267,0.5351,0.0881,0.1395,0.0726,0
14.22,0.041,1.5247,0.3306,0.8332,0.021,0.5649,0.0878,0.1402,0.0593,0
14.24,0.0087,0.8738,0.2825,0.8396,0.0192,0.5632,0.0903,0.1399,0.0543,0
14.26,0.1106,-0.0184,0.4957,0.8569,0.0241,0.5739,0.0853,0.1403,0.0656,0
14.28,-0.6741,0.1923,0.7513,0.8497,0.019,0.5445,0.1034,0.1407,0.0627,0
14.3,-0.3508,1.867,0.2426,0.8118,0.017,0.5029,0.0791,0.1378,0.0693,0
14.32,-0.0628,0.52,-0.3307,0.8217,0.0157,0.5701,0.0827,0.1399,0.0538,0
14.34,-0.0129,0.587,-0.2513,0.8263,0.0259,0.5651,0.0754,0.1353,0.0462,0
14.36,0.1582,1.1187,-0.2197,0.8174,0.0207,0.553,0.09,0.1355,0.0522,0
14.38,0.1858,0.6767,-0.048,0.8302,0.0202,0.5171,0.0935,0.1369,0.0433,0
14.4,-0.0172,0.0053,0.4644,0.815,0.0191,0.548,0.0893,0.1375,0.0165,0
14.42,-0.007,-0.523,0.5713,0.8193,0.018,0.5705,0.0851,0.1365,0.0,0
14.44,0.0273,-0.3844,0.4782,0.8226,0.024,0.5441,0.0815,0.1397,0.0218,0
14.46,-0.1879,-0.685,0.5011,0.8533,0.0161,0.5116,0.0807,0.1392,0.0,0
14.48,-0.3959,-0.272,0.871,0.8371,0.0173,0.5924,0.0955,0.1418,0.0,0
14.5,0.5069,-0.2168,0.1538,0.8443,0.0172,0.572,0.0897,0.1386,0.0,0
14.52,-0.3571,-0.8117,0.3318,0.8356,0.0114,0.5283,0.0879,0.1375,0.0,0
14.54,-0.6056,-1.1678,0.5126,0.8325,0.0149,0.541,0.0898,0.1381,0.0,0
14.56,-0.6947,-1.4408,0.6296,0.8309,0.0238,0.537,0.0843,0.1377,0.0,0
14.58,-1.271,-0.9285,1.0295,0.8322,0.0211,0.5377,0.0866,0.1382,0.0,0
14.6,-1.4743,0.3596,0.7128,0.8073,0.0215,0.5336,0.0859,0.1362,0.0,0
14.62,-0.4849,0.2389,0.5004,0.84,0.0169,0.5396,0.0898,0.1377,0.0,0
14.64,-0.3997,-0.8954,0.5372,0.8307,0.0147,0.5439,0.0819,0.1374,0.0084,0
14.66,-0.052,-0.0657,1.0518,0.8299,0.0077,0.5393,0.084,0.135,0.0,0
14.68,0.2023,-0.7434,0.9874,0.8307,0.0155,0.5118,0.0885,0.138,0.0144,0
14.7,0.0195,-0.9825,0.419,0.828,0.0151,0.5182,0.089,0.1388,0.0642,0
14.72,-0.6388,-0.4642,0.0742,0.8379,0.0093,0.55,0.0875,0.1408,0.067,0
14.74,-0.2793,0.7819,-0.4273,0.8311,0.0031,0.5708,0.0905,0.1399,0.0603,0
14.76,0.0278,0.1034,-0.8964,0.8057,0.0142,0.5369,0.0804,0.1402,0.0754,0
14.78,-0.1277,-1.2832,-0.3896,0.8285,0.0275,0.5003,0.0998,0.1399,0.0267,0
14.8,-0.6292,-0.3108,0.0443,0.8459,0.0234,0.4857,0.0863,0.1386,0.0446,0
14.82,-1.0071,-1.5323,0.4515,0.837,0.0146,0.5244,0.0862,0.1379,0.047,0
14.84,-1.2827,-0.8258,0.6269,0.8361,0.0165,0.5206,0.0826,0.1386,0.0593,0
14.86,-0.35,-0.3039,0.2423,0.8234,0.0071,0.5269,0.0839,0.1404,0.0508,0
14.88,-0.107,-0.154,-0.3556,0.8372,0.0069,0.5267,0.0864,0.1392,0.0611,0
14.9,0.5199,-1.0834,-0.9306,0.8242,0.0149,0.5183,0.0868,0.1418,0.0697,0
14.92,0.6721,-1.2712,-1.2598,0.8192,0.0211,0.5354,0.0834,0.1391,0.0696,0
14.94,0.1632,-0.6338,-0.9705,0.8475,0.0229,0.5694,0.0856,0.1397,0.074,0
14.96,-0.4284,0.9072,-0.5066,0.8389,0.0167,0.5455,0.0947,0.1411,0.0708,0
14.98,-0.6837,-0.0823,-0.3031,0.8516,0.022,0.5521,0.0925,0.1392,0.0884,0
15.0,-0.4979,-0.2172,0.0859,0.839,0.013,0.5705,0.0827,0.1389,0.0635,0
15.02,-0.2469,-1.7091,0.0685,0.8222,0.0193,0.5125,0.0841,0.1387,0.0757,0
15.04,0.1284,-2.7408,0.1523,0.8273,0.0166,0.5157,0.0819,0.1394,0.0809,0
15.06,-0.3364,-1.3767,-0.2444,0.8413,0.016,0.5786,0.0832,0.1399,0.0734,0
15.08,-0.4086,0.5392,-0.4412,0.8284,0.0198,0.4858,0.0777,0.1395,0.0396,0
15.1,-0.8175,0.3971,0.85,0.8178,0.0349,0.5109,0.0728,0.1398,0.0636,0
15.12,-1.0115,1.0525,0.7951,0.8352,0.0281,0.501,0.0867,0.1426,0.047,0
15.14,-0.2114,-0.0035,1.5441,0.8451,0.0318,0.5453,0.0814,0.14,0.0,0
15.16,-0.3946,0.5772,0.7779,0.8449,0.0226,0.5127,0.0756,0.1407,0.0,0
15.18,-0.7124,0.7245,0.4281,0.8442,0.0242,0.5207,0.0748,0.1395,0.0,0
15.2,-0.7306,0.0054,0.9369,0.8469,0.0181,0.5276,0.0777,0.1378,0.0062,0
15.22,-1.471,-0.1548,1.6416,0.8357,0.0221,0.5558,0.0694,0.1388,0.0483,0
15.24,-1.7321,-1.1451,2.4201,0.8515,0.0267,0.5358,0.0747,0.1386,0.0682,0
15.26,-1.9252,-2.0791,1.832,0.8362,0.0247,0.5346,0.0768,0.1389,0.0757,0
15.28,-1.4375,-0.8279,1.2628,0.8401,0.0168,0.516,0.0712,0.1394,0.0619,0
15.3,-1.0562,-0.0682,0.8537,0.8417,0.0078,0.5193,0.0771,0.1403,0.0599,0
15.32,-1.0314,0.4192,0.8911,0.8433,0.0076,0.5174,0.0761,0.1392,0.0687,0
15.34,-0.3239,0.9787,1.2372,0.8305,0.0128,0.5331,0.0786,0.1407,0.0695,0
15.36,-0.1818,-1.5997,1.6031,0.8283,0.0152,0.5515,0.0703,0.1391,0.0599,0
15.38,0.4646,-2.5054,1.3198,0.8542,0.011,0.5167,0.0776,0.1394,0.0695,0
15.4,0.6195,-1.0445,1.3515,0.8486,0.0078,0.5254,0.0831,0.1394,0.0842,0
15.42,0.4301,0.1217,1.2822,0.8459,0.0112,0.5629,0.0806,0.1393,0.0626,0
15.44,0.0922,-0.4488,1.4478,0.8296,0.0179,0.5255,0.0773,0.1397,0.0676,0
15.46,0.0121,-0.4232,1.3557,0.8222,0.0077,0.5136,0.0732,0.1406,0.0775,0
15.48,-0.2475,-0.7922,0.3909,0.8469,0.0055,0.5079,0.0713,0.1394,0.0724,0
15.5,-0.1518,-0.785,-0.0715,0.8464,0.0052,0.537,0.0796,0.1402,0.0692,0
15.52,0.2281,1.0357,-0.1139,0.856,0.0156,0.5361,0.0924,0.1416,0.0654,0
15.54,-0.2068,0.4649,0.0793,0.8178,0.0139,0.5358,0.0769,0.1386,0.0755,0
15.56,-0.7969,-0.3184,-0.1603,0.8284,0.0152,0.5098,0.0724,0.1398,0.0752,0
15.58,-0.7552,-0.5452,-0.4222,0.8298,0.0167,0.5585,0.0737,0.1395,0.0867,0
15.6,-0.9447,0.5353,-0.1474,0.8427,0.0109,0.4941,0.0807,0.1396,0.0758,0
15.62,-0.3803,1.1268,0.2113,0.8384,0.0108,0.5151,0.0857,0.1413,0.0548,0
15.64,-0.3597,0.9347,0.1678,0.82,0.0185,0.5658,0.0802,0.1396,0.0783,0
15.66,-0.1359,0.7152,0.3931,0.8505,0.0039,0.4994,0.0787,0.1417,0.0622,0
15.68,-0.0396,-0.6887,0.7796,0.8237,0.0098,0.5204,0.081,0.1394,0.072,0
15.7,-0.1973,0.3539,0.7,0.84,0.0116,0.4943,0.0783,0.1412,0.0807,0
15.72,0.1185,1.6746,0.6254,0.8362,0.0218,0.4819,0.079,0.1408,0.0676,0
15.74,0.1366,0.8311,0.2206,0.823,0.0158,0.4867,0.0853,0.1398,0.0577,0
15.76,0.1159,0.1584,0.6293,0.8455,0.0166,0.5186,0.0759,0.1395,0.0706,0
15.78,-0.1246,1.3582,0.8314,0.8429,0.0139,0.507,0.0823,0.1391,0.0723,0
15.8,-0.164,1.4144,0.7905,0.8017,0.0181,0.5266,0.0844,0.1381,0.0843,0
15.82,-0.5628,0.056,0.7098,0.804,0.0115,0.5299,0.0847,0.1384,0.0688,0
15.84,-0.1967,-0.5405,0.4273,0.8285,0.0164,0.5238,0.0818,0.1397,0.0566,0
15.86,-0.2122,0.7828,0.4175,0.8172,0.0134,0.5408,0.0797,0.1394,0.056,0
15.88,-0.3919,1.1802,0.233,0.8291,0.0129,0.5571,0.0794,0.1358,0.073,0
15.9,-0.6557,-0.4337,0.0467,0.8247,0.0142,0.5176,0.0865,0.1385,0.0864,0
15.92,-0.0958,-1.7121,0.211,0.8321,0.0212,0.543,0.0905,0.139,0.0709,0
15.94,0.3636,-1.4677,0.9261,0.8467,0.0048,0.4884,0.0829,0.1372,0.0813,0
15.96,0.7177,-1.0017,0.9488,0.8384,0.0181,0.5518,0.0725,0.1369,0.0826,0
15.98,0.1595,-0.9977,0.7937,0.8337,0.0152,0.5117,0.0716,0.1396,0.0725,0
16.0,0.131,-1.5704,0.6383,0.8264,0.0148,0.526,0.085,0.1381,0.0687,0
16.02,0.0684,-0.8319,0.2739,0.839,0.0131,0.5393,0.0862,0.1404,0.0643,0
16.04,-0.2905,-0.6849,0.0266,0.8389,0.0106,0.4747,0.0796,0.1391,0.0532,0
16.06,-0.0346,-0.3884,-0.2187,0.854,0.0062,0.5624,0.0842,0.1412,0.0689,0
16.08,-0.2002,-0.5844,-0.4029,0.8305,0.0125,0.5307,0.0762,0.1384,0.0654,0
16.1,0.2243,-0.9076,-0.0599,0.8495,0.012,0.5162,0.0785,0.1384,0.0696,0
16.12,1.0539,-1.4878,0.1,0.8465,0.0157,0.5143,0.0832,0.1377,0.095,0
16.14,0.7752,-1.5221,0.192,0.8461,0.0126,0.5278,0.0746,0.1379,0.0876,0
16.16,0.7008,-0.2769,0.3029,0.8213,0.0087,0.541,0.0854,0.1394,0.06,0
16.18,-0.2464,0.3145,0.3231,0.8301,0.013,0.5246,0.0828,0.1397,0.0844,0
16.2,-0.3825,0.0434,0.5287,0.8244,0.0175,0.5411,0.0792,0.1381,0.0587,0
16.22,-0.4452,0.1397,0.7619,0.8399,0.0111,0.5456,0.0848,0.1402,0.0551,0
16.24,-0.7258,-0.0974,0.7667,0.8403,0.0105,0.5233,0.082,0.14,0.0715,0
16.26,-0.6167,-0.2405,0.1644,0.849,0.0214,0.5221,0.0818,0.14,0.0625,0
16.28,-0.5221,-2.4001,0.1965,0.8432,0.0207,0.5224,0.0868,0.1408,0.0753,0
16.3,-0.263,-0.4133,0.5315,0.84,0.0165,0.5367,0.0857,0.1398,0.0874,0
16.32,-0.6377,-0.2979,0.6349,0.8567,0.019,0.5191,0.0924,0.1388,0.0826,0
16.34,-0.3822,-0.9476,0.455,0.8171,0.0152,0.5312,0.0848,0.1397,0.0684,0
16.36,-0.653,0.4527,0.1075,0.8173,0.0083,0.476,0.0778,0.1381,0.0356,0
16.38,-1.1549,0.8687,0.1697,0.8304,0.0087,0.5301,0.085,0.14,0.0,0
16.4,-1.104,0.6128,0.7579,0.8262,0.0078,0.5294,0.0841,0.1405,0.0,0
16.42,-1.2304,1.7754,0.5586,0.8353,0.0156,0.5024,0.0907,0.1404,0.0062,0
16.44,-0.5157,0.7598,-0.043,0.8446,0.007,0.5274,0.0767,0.1376,0.0,0
16.46,-0.4256,1.3581,0.027,0.8372,0.0065,0.5198,0.0845,0.1374,0.0,0
16.48,-0.2359,2.0979,0.3272,0.8419,0.0063,0.5122,0.0808,0.1392,0.0,0
16.5,-0.2649,1.219,0.8597,0.8475,0.0098,0.5166,0.0741,0.1392,0.0,0
16.52,-0.4164,1.3066,1.1028,0.8292,0.0112,0.5371,0.0751,0.1391,0.0,0
16.54,-0.3221,1.1476,0.863,0.7956,0.0119,0.5392,0.077,0.1386,0.0,0
16.56,0.0892,-0.4388,1.0532,0.8378,0.0153,0.5468,0.0751,0.1387,0.0051,0
16.58,0.3572,0.0275,1.1873,0.8231,0.0124,0.5534,0.074,0.1377,0.0,0
16.6,0.6631,0.9159,0.8345,0.8322,0.0106,0.5496,0.0793,0.1377,0.0,0
16.62,0.4785,1.0113,0.3973,0.8186,0.0139,0.5648,0.0816,0.1381,0.0,0
16.64,0.065,0.4354,-0.1415,0.8237,0.0114,0.5019,0.0774,0.1391,0.0003,0
16.66,0.1176,0.8224,-0.1416,0.8283,0.0022,0.5494,0.0863,0.1387,0.0072,0
16.68,-0.1957,1.3309,0.0994,0.8417,0.0138,0.55,0.0745,0.1399,0.0,0
16.7,-0.6237,2.4432,0.9668,0.8328,0.012,0.5091,0.0806,0.1365,0.0,0
16.72,-0.7043,0.5506,1.0972,0.8174,0.0116,0.5206,0.0812,0.1377,0.0261,0
16.74,-0.9016,-0.0518,0.3484,0.8354,0.0092,0.5773,0.0842,0.1384,0.0422,0
16.76,-1.3887,-0.0956,0.0002,0.8262,0.0065,0.5866,0.0731,0.1393,0.0448,0
16.78,-1.095,-0.0001,-0.5652,0.8317,0.0167,0.4869,0.0927,0.1388,0.0693,0
16.8,-0.6871,-0.3994,0.1517,0.8195,0.0113,0.5338,0.093,0.1385,0.0545,0
16.82,-0.7163,1.3109,0.7639,0.8329,0.0163,0.5111,0.094,0.1413,0.0509,0
16.84,-0.7969,0.6601,0.9828,0.8356,0.0139,0.521,0.0854,0.1412,0.051,0
16.86,-0.3623,0.4283,0.487,0.8261,0.0052,0.5204,0.0837,0.1403,0.0544,0
16.88,0.3988,-0.3283,0.42,0.8277,0.003,0.531,0.0931,0.1399,0.0507,0
16.9,-0.1373,-0.4688,0.3046,0.8144,0.0083,0.5086,0.0828,0.1394,0.0273,0
16.92,0.3467,-0.441,0.4574,0.8272,0.004,0.504,0.0853,0.1392,0.0084,0
16.94,0.1526,-0.1765,0.0029,0.8129,0.0059,0.5367,0.0881,0.1401,0.0018,0
16.96,-0.1121,-0.5435,0.1112,0.8309,0.009,0.5313,0.0848,0.1406,0.0365,0
16.98,-0.1826,0.3148,-0.0467,0.8432,0.0124,0.5308,0.0851,0.1398,0.027,0
17.0,0.0596,-0.5636,0.3111,0.8362,0.01,0.5681,0.0799,0.1362,0.044,0
17.02,-0.1622,0.3397,0.3036,0.8272,0.0112,0.5107,0.0775,0.1417,0.0411,0
17.04,-0.1765,-0.4246,0.2161,0.8264,0.0103,0.5285,0.0826,0.1384,0.0387,0
17.06,-0.0615,-0.3674,0.3146,0.8409,0.0042,0.5381,0.0824,0.1387,0.0493,0
17.08,0.2131,0.0378,0.6721,0.8393,0.007,0.527,0.0767,0.1393,0.0569,0
17.1,-0.0145,-0.4329,0.7489,0.8262,0.0136,0.5137,0.0822,0.1389,0.0581,0
17.12,0.8838,-2.0905,1.1053,0.8426,-0.0019,0.5221,0.0809,0.1375,0.0781,0
17.14,0.923,0.2688,0.0449,0.8189,0.0144,0.4829,0.0879,0.1386,0.0558,0
17.16,0.9903,-0.6835,-0.1009,0.8324,0.0195,0.5456,0.0845,0.138,0.049,0
17.18,1.02,-1.2754,0.4556,0.8422,0.0163,0.5255,0.0782,0.1383,0.0681,0
17.2,0.6701,-1.1167,0.8586,0.834,0.0104,0.5264,0.0794,0.1384,0.0481,0
17.22,0.5215,-1.1241,0.4459,0.8306,0.014,0.5093,0.087,0.137,0.0727,0
17.24,0.3518,-0.1019,0.4893,0.8241,0.0154,0.5064,0.085,0.139,0.081,0
17.26,-0.2286,-1.2167,0.5815,0.8407,0.008,0.5608,0.0841,0.141,0.0771,0
17.28,-0.4116,-0.0221,0.1912,0.8521,0.0134,0.5322,0.0959,0.1409,0.0794,0
17.3,-0.3833,0.0173,0.0044,0.8364,0.018,0.5039,0.0886,0.1397,0.0755,0
17.32,-0.0704,-0.9824,-0.0049,0.849,-0.0025,0.4925,0.0891,0.1407,0.0637,0
17.34,-0.085,-0.7202,0.7912,0.8173,0.0089,0.5256,0.0806,0.1412,0.0793,0
17.36,0.2352,0.6813,0.4454,0.833,0.0112,0.5549,0.0804,0.1401,0.0867,0
17.38,1.2367,-0.5693,-0.4149,0.8193,0.0151,0.5456,0.0955,0.1388,0.0825,0
17.4,0.7432,-2.6295,-0.3964,0.8146,0.0222,0.5223,0.0895,0.1394,0.0835,0
17.42,0.832,-2.4767,0.253,0.8318,0.0209,0.5526,0.0876,0.1386,0.0898,0
17.44,0.3543,-2.9435,1.604,0.8225,0.0209,0.5529,0.0757,0.1396,0.0807,0
17.46,0.387,-1.6688,2.027,0.8403,0.0318,0.5259,0.0782,0.1371,0.0615,0
17.48,0.7129,-3.3843,2.1519,0.8205,0.022,0.5138,0.084,0.1364,0.0766,0
17.5,0.5346,-2.7789,2.4819,0.8328,0.0014,0.5149,0.0883,0.1398,0.0745,0
17.52,0.3899,-2.1203,2.2603,0.8318,-0.0027,0.511,0.0888,0.1394,0.0798,0
17.54,-0.0032,-2.1503,1.9716,0.8356,0.0079,0.5639,0.0863,0.1378,0.0854,0
17.56,-0.1426,-1.3634,1.3915,0.8314,0.0119,0.4644,0.0898,0.1376,0.0475,0
17.58,-0.3328,-1.2131,1.0581,0.8312,-0.0009,0.449,0.0787,0.1378,0.0702,0
17.6,-0.4129,-0.6261,0.5421,0.8468,-0.0025,0.494,0.0896,0.138,0.0959,0
17.62,-0.2719,1.6748,-0.1185,0.8589,-0.0059,0.5144,0.0884,0.1381,0.0895,0
17.64,-0.2219,3.2436,-0.1034,0.8555,-0.0059,0.475,0.0839,0.1371,0.0657,0
17.66,0.0529,1.7872,0.1475,0.8429,-0.003,0.4932,0.079,0.1419,0.0796,0
17.68,-0.9696,-1.0124,1.101,0.8346,0.0043,0.5215,0.0905,0.1409,0.0863,0
17.7,-0.0776,-2.3222,0.7762,0.821,0.0139,0.5073,0.0891,0.1402,0.0771,0
17.72,0.6054,-3.805,0.113,0.8282,0.0132,0.5181,0.0951,0.1389,0.0818,0
17.74,0.5914,-2.756,-0.0317,0.8422,0.012,0.5435,0.0897,0.1383,0.0889,0
17.76,0.1671,-1.4702,-0.1452,0.849,0.0026,0.4792,0.0929,0.1383,0.0849,0
17.78,-0.0815,-0.2121,0.201,0.8412,0.0162,0.4671,0.0879,0.1397,0.0706,0
17.8,-0.1008,-0.7862,-0.347,0.8335,0.0173,0.5482,0.0853,0.1404,0.0823,0
17.82,-0.1389,-2.0793,-0.6514,0.8582,0.0116,0.5184,0.0829,0.1386,0.0745,0
17.84,-0.8513,-1.3913,-0.6862,0.8526,0.0116,0.5021,0.0856,0.1385,0.0708,0
17.86,-0.764,-0.805,-0.9943,0.8452,0.0104,0.4975,0.0852,0.137,0.0722,0
17.88,-0.495,-1.7305,-0.5475,0.818,0.0154,0.5175,0.0866,0.1376,0.0935,0
17.9,-0.321,-1.8896,-0.0333,0.859,0.0118,0.5337,0.0849,0.14,0.073,0
17.92,-0.2567,0.314,-0.1885,0.838,0.0092,0.505,0.088,0.1378,0.0741,0
17.94,-0.2379,-0.3312,-0.3929,0.8384,0.0108,0.4899,0.0899,0.1388,0.0829,0
17.96,-0.3034,-0.6667,-0.2282,0.8425,0.0123,0.5308,0.0967,0.1392,0.0663,0
17.98,-0.2043,-0.7372,0.216,0.8559,0.0108,0.5359,0.0925,0.138,0.0724,0
18.0,0.1959,0.4392,-0.2502,0.859,0.0062,0.4499,0.0951,0.1396,0.0701,0
18.02,0.0276,0.6567,-0.2878,0.8622,0.0173,0.4721,0.0958,0.1395,0.0444,0
18.04,-0.1246,0.8905,-0.6101,0.845,0.0146,0.5118,0.0866,0.1389,0.0709,0
18.06,-0.3652,0.4742,-0.477,0.8673,0.0172,0.5219,0.09,0.1363,0.0724,0
18.08,-0.0253,0.4623,-0.1403,0.8518,0.0181,0.5247,0.0939,0.1393,0.0843,0
18.1,0.1639,0.4965,0.1579,0.8277,0.006,0.5423,0.0787,0.1352,0.0577,0
18.12,0.3033,2.0832,0.1392,0.8535,0.0178,0.5288,0.0897,0.1384,0.0757,0
18.14,0.3954,0.6106,0.4916,0.8425,0.0112,0.4935,0.091,0.1367,0.0657,0
18.16,-0.2055,0.3524,0.0425,0.8355,0.0191,0.5012,0.0888,0.137,0.0817,0
18.18,0.4569,0.4996,0.3968,0.8424,0.0177,0.482,0.0829,0.1364,0.0847,0
18.2,-0.3489,0.2085,0.515,0.8456,0.0183,0.4908,0.0831,0.1354,0.0779,0
18.22,0.4307,0.9303,0.593,0.8264,0.0186,0.4927,0.0814,0.1398,0.0634,0
18.24,0.1858,0.0313,0.5643,0.8478,0.0042,0.5236,0.0824,0.1376,0.0841,0
18.26,-0.1543,1.5224,0.5388,0.8228,0.013,0.5046,0.0932,0.1376,0.0786,0
18.28,-0.4406,1.4849,0.5897,0.8188,0.0274,0.5486,0.0905,0.1358,0.0681,0
18.3,-0.9072,1.3889,0.7487,0.8328,0.0175,0.5288,0.0855,0.1388,0.0762,0
18.32,-0.5632,0.2322,0.3571,0.8467,0.0148,0.5607,0.0733,0.1404,0.0834,0
18.34,-0.8135,-1.2305,0.6587,0.8311,0.0093,0.5117,0.0863,0.137,0.067,0
18.36,-0.8523,-1.1835,0.7455,0.8457,0.0172,0.4921,0.0807,0.138,0.0652,0
18.38,-0.5828,-0.5042,0.1518,0.8674,0.0121,0.5084,0.0773,0.1358,0.0755,0
18.4,-0.666,-1.6364,-0.1187,0.858,0.0135,0.5228,0.0894,0.1379,0.0842,0
18.42,0.3022,-0.7386,1.3694,0.8443,0.0122,0.5046,0.086,0.1369,0.0722,0
18.44,-0.108,-0.5965,1.4279,0.8349,0.0106,0.5475,0.0922,0.1384,0.0899,0
18.46,-0.1239,-1.4139,1.4358,0.8433,0.0146,0.5228,0.0903,0.1399,0.0698,0
18.48,0.2852,0.3091,0.9257,0.8289,0.0116,0.5054,0.088,0.1401,0.0891,0
18.5,-0.0024,-0.2675,0.4543,0.8356,0.0084,0.4877,0.0885,0.1386,0.069,0
18.52,-0.6297,-2.0942,0.625,0.8391,0.0074,0.5511,0.0923,0.1369,0.0853,0
18.54,0.2657,-1.1957,0.1342,0.8464,0.0015,0.4731,0.0812,0.1394,0.0776,0
18.56,-0.3149,-0.8668,-0.2187,0.862,0.009,0.4592,0.0948,0.1371,0.0918,0
18.58,-0.271,-0.4402,0.2348,0.8515,0.0154,0.495,0.0851,0.1359,0.0672,0
18.6,-0.4383,0.7731,0.3093,0.8517,0.0147,0.5216,0.0854,0.138,0.0655,0
18.62,-1.1382,1.5554,0.0188,0.8449,0.0062,0.5559,0.0864,0.1391,0.0777,0
18.64,-0.524,1.2773,-0.0084,0.8464,0.0036,0.5205,0.0828,0.1369,0.0831,0
18.66,-0.3589,0.0491,-0.016,0.8513,0.0112,0.4985,0.0854,0.1363,0.0823,0
18.68,-0.3454,0.3591,0.2027,0.8389,0.017,0.5374,0.0885,0.1378,0.0797,0
18.7,0.1527,-0.9288,0.4036,0.8627,0.0099,0.5149,0.0842,0.1364,0.0605,0
18.72,0.1588,-0.2623,0.6192,0.8573,0.0029,0.5411,0.0887,0.1373,0.0625,0
18.74,0.2227,-0.3495,0.4529,0.8298,0.0069,0.4876,0.09,0.1362,0.0752,0
18.76,0.5146,-0.9644,0.3287,0.8406,0.0091,0.496,0.0854,0.1373,0.079,0
18.78,0.8061,-0.8421,0.3954,0.8536,0.0129,0.489,0.0835,0.1373,0.0695,0
18.8,0.2654,-0.8438,0.6661,0.8448,0.0169,0.5038,0.0862,0.1386,0.0823,0
18.82,-0.1464,0.0135,0.5024,0.8422,0.0081,0.5211,0.0908,0.137,0.0917,0
18.84,-0.4315,0.634,0.3608,0.8494,0.016,0.5042,0.0787,0.1386,0.0837,0
18.86,-0.472,-0.5117,0.3503,0.8538,0.0049,0.5218,0.0854,0.1372,0.0756,0
18.88,-0.7582,0.0862,0.5316,0.8519,0.0115,0.5173,0.0819,0.1367,0.0661,0
18.9,-1.0485,-0.4918,0.6389,0.8545,0.0056,0.4945,0.0925,0.1375,0.0674,0
18.92,-0.8203,-0.4278,0.2871,0.8468,0.0097,0.5207,0.0894,0.1362,0.0747,0
18.94,-0.8826,0.2651,-0.312,0.863,0.01,0.477,0.0813,0.136,0.0448,0
18.96,-0.3105,0.8106,-0.2386,0.8645,0.0109,0.4924,0.086,0.1377,0.0796,0
18.98,-0.7122,0.9136,0.0196,0.8489,0.0138,0.4894,0.0846,0.1364,0.0784,0
19.0,-0.2936,-0.5556,0.1648,0.8498,-0.0009,0.4918,0.0855,0.1381,0.0979,0
19.02,-0.082,0.3946,-0.0639,0.8371,0.0092,0.5046,0.0862,0.137,0.0814,0
19.04,-0.1837,-0.4195,0.358,0.8503,0.0056,0.4656,0.0869,0.1366,0.0874,0
19.06,-0.395,-0.3846,0.4308,0.8381,0.005,0.5196,0.0977,0.1364,0.067,0
19.08,-0.4478,0.373,-0.4261,0.8464,0.0111,0.4942,0.0972,0.1377,0.0636,0
19.1,-0.0875,-0.021,-0.6991,0.8556,0.0088,0.5128,0.0827,0.1356,0.0757,0
19.12,-0.8734,-0.079,-0.3387,0.8386,0.009,0.4933,0.0883,0.1393,0.0746,0
19.14,-0.4121,-0.8011,-0.2159,0.8464,0.0108,0.4785,0.0913,0.1365,0.0657,0
19.16,-0.7495,-0.8046,-0.4199,0.8447,0.0077,0.5211,0.0847,0.1366,0.0827,0
19.18,-0.775,0.085,-0.714,0.8536,0.0135,0.5046,0.0962,0.1378,0.0692,0
19.2,-0.5782,1.3578,-0.4682,0.8422,0.0067,0.5213,0.0959,0.1381,0.0719,0
19.22,-0.767,1.8766,-0.3787,0.837,0.0061,0.4807,0.0841,0.1369,0.0651,0
19.24,-0.2036,0.0318,0.1842,0.8291,0.0185,0.5081,0.0926,0.1377,0.1144,0
19.26,0.4917,0.9682,-0.3268,0.8455,0.0225,0.5003,0.0855,0.1362,0.0712,0
19.28,0.9231,1.4536,-0.0276,0.8447,0.0217,0.5067,0.0849,0.1373,0.085,0
19.3,0.6976,0.7308,0.3239,0.8527,0.0191,0.4995,0.0905,0.136,0.0642,0
19.32,0.8847,0.9047,0.4576,0.8311,0.0197,0.4677,0.085,0.1367,0.0755,0
19.34,0.9096,0.3548,0.2912,0.8322,0.0072,0.4729,0.0911,0.1351,0.0806,0
19.36,0.0519,1.4729,0.5477,0.8359,0.0172,0.4598,0.0767,0.1364,0.0669,0
19.38,0.4126,0.7141,0.4335,0.8421,0.0069,0.4902,0.0873,0.1388,0.0701,0
19.4,-0.1378,-0.0301,0.4777,0.8423,0.0118,0.492,0.0874,0.1364,0.0888,0
19.42,-0.2476,-0.8469,0.2876,0.8387,0.0103,0.4876,0.0958,0.1362,0.0681,0
19.44,-0.0045,0.1679,0.2021,0.8611,0.0115,0.5307,0.0801,0.1379,0.0705,0
19.46,0.3325,0.3832,0.2926,0.8342,0.0264,0.4824,0.0842,0.1402,0.0858,0
19.48,-0.134,-0.3351,0.2309,0.8405,0.0198,0.516,0.0826,0.1385,0.0734,0
19.5,-0.1809,-0.1109,0.4887,0.8302,0.0207,0.5295,0.0829,0.1377,0.0776,0
19.52,0.2455,0.4601,0.2076,0.8522,0.0154,0.5102,0.0882,0.136,0.0809,0
19.54,0.0759,1.6232,0.2369,0.8549,0.0163,0.5101,0.0893,0.1372,0.0739,0
19.56,-0.3828,1.7909,-0.3504,0.8147,0.0114,0.5058,0.0808,0.1404,0.0611,0
19.58,-0.4017,0.5679,-0.4537,0.8382,0.0133,0.5298,0.0882,0.1386,0.087,0
19.6,-0.4966,1.7987,-0.0457,0.8528,0.0144,0.5023,0.086,0.1385,0.0727,0
19.62,-0.2812,1.1556,-0.1835,0.8345,0.0136,0.5136,0.0836,0.1377,0.0671,0
19.64,0.1447,0.7017,-0.1243,0.8572,0.0117,0.4954,0.0932,0.1363,0.0746,0
19.66,-0.1179,0.767,-0.0103,0.8521,0.024,0.5438,0.0928,0.1358,0.0773,0
19.68,-0.702,0.7335,0.0808,0.8518,0.0201,0.531,0.0871,0.1374,0.0823,0
19.7,-0.2836,0.8125,-0.3634,0.8414,0.0171,0.5138,0.0925,0.1387,0.0747,0
19.72,-0.1052,0.0297,-0.6042,0.8302,0.0137,0.5093,0.085,0.1378,0.0678,0
19.74,-0.1451,-0.5752,-0.6774,0.8351,0.0198,0.4923,0.0911,0.1382,0.0528,0
19.76,0.0959,0.5697,-0.8388,0.851,0.0165,0.4978,0.0956,0.1379,0.08,0
19.78,-0.3881,0.4988,0.2115,0.8459,0.0142,0.5347,0.0822,0.1394,0.081,0
19.8,-0.1578,0.3896,0.1135,0.8399,0.0199,0.5024,0.0815,0.1375,0.0637,0
19.82,-0.216,-0.2608,0.0658,0.8422,0.0208,0.5193,0.0822,0.1374,0.0807,0
19.84,-0.1745,-1.1586,0.1653,0.8639,0.0179,0.5031,0.0957,0.1359,0.0684,0
19.86,-0.2657,0.7159,0.778,0.8521,0.0138,0.489,0.0828,0.1362,0.0809,0
19.88,0.3584,-0.5302,0.9091,0.8559,0.0224,0.5091,0.0873,0.1373,0.0643,0
19.9,0.4647,-0.7574,0.8844,0.8373,0.0223,0.5423,0.0894,0.137,0.0412,0
19.92,0.2122,-0.9122,0.8144,0.8312,0.0268,0.5314,0.0995,0.1376,0.0756,0
19.94,-0.0466,-0.6176,0.6468,0.8246,0.0266,0.5754,0.0885,0.1369,0.0716,0
19.96,-0.9113,-0.9912,0.3741,0.8338,0.032,0.4499,0.0891,0.1364,0.0634,0
19.98,-0.8062,-0.011,0.0689,0.8354,0.0202,0.5091,0.0851,0.1376,0.0908,0
20.0,-1.0855,-0.5248,-0.2048,0.8619,0.0223,0.4973,0.0862,0.1395,0.0798,0
20.02,-1.0651,-0.858,-0.9661,0.8586,0.0196,0.4897,0.0883,0.1385,0.0786,0
20.04,-0.517,-0.766,-0.4361,0.8516,0.0199,0.4957,0.0934,0.1395,0.0813,0
20.06,-0.4119,-1.2008,0.529,0.8545,0.0122,0.5386,0.0761,0.1358,0.0787,0
20.08,-0.5464,-0.8881,0.9388,0.8329,0.0224,0.4709,0.0888,0.1378,0.0891,0
20.1,-0.3593,-0.8354,0.5928,0.8334,0.0232,0.5125,0.087,0.1361,0.0703,0
20.12,-0.3935,-1.0777,0.5985,0.8304,0.0141,0.5192,0.0861,0.1372,0.0651,0
20.14,-0.2647,-2.0076,0.5967,0.841,0.0109,0.5259,0.081,0.1371,0.0874,0
20.16,-0.1,-1.9833,0.4391,0.8628,0.0132,0.5131,0.0825,0.1353,0.0817,0
20.18,0.3603,-1.3433,0.3024,0.8587,0.0237,0.4893,0.0909,0.1351,0.0751,0
20.2,0.1841,-0.5237,0.1294,0.8303,0.0224,0.5227,0.098,0.138,0.0676,0
20.22,-0.393,0.3638,0.119,0.8523,0.0306,0.4766,0.0965,0.1381,0.0665,0
20.24,-0.9871,0.1801,-0.3881,0.8531,0.0383,0.5331,0.0915,0.1356,0.082,0
20.26,-0.764,2.1196,-0.5004,0.8557,0.0312,0.5174,0.0803,0.1372,0.0692,0
20.28,-1.0445,2.1745,-0.6451,0.8275,0.035,0.5085,0.1001,0.137,0.094,0
20.3,-0.8204,0.8833,-0.2817,0.8255,0.025,0.5458,0.0959,0.1383,0.0648,0
20.32,-1.3108,1.3668,-0.2821,0.8208,0.0187,0.5378,0.1005,0.1375,0.0795,0
20.34,-1.4393,0.5163,0.2034,0.8371,0.0174,0.5027,0.0954,0.1349,0.0769,0
20.36,-1.5269,1.72,0.5806,0.8504,0.012,0.492,0.0862,0.1347,0.0748,0
20.38,-1.206,1.4271,0.6101,0.837,0.0236,0.4827,0.0893,0.1362,0.0632,0
20.4,-0.7401,-0.2392,0.8089,0.8394,0.019,0.5064,0.0846,0.1338,0.0819,0
20.42,-0.6393,0.1522,1.001,0.837,0.0188,0.4908,0.0898,0.1328,0.0663,0
20.44,0.4757,-0.6077,1.0535,0.8169,0.0115,0.4873,0.0964,0.1342,0.0599,0
20.46,0.0578,-1.2968,1.1076,0.8547,0.0186,0.5316,0.0885,0.1343,0.0764,0
20.48,0.514,0.2817,1.3604,0.8424,0.0268,0.4555,0.0858,0.1359,0.0768,0
20.5,0.276,-0.1103,1.1565,0.8527,0.0144,0.4916,0.0954,0.1339,0.0567,0
20.52,-0.2652,0.1267,0.9932,0.844,0.0137,0.4914,0.0927,0.1357,0.0548,0
20.54,-0.4723,0.3165,0.5372,0.8353,0.0167,0.5192,0.0884,0.1355,0.0683,0
20.56,-0.7936,0.3482,0.0607,0.8547,0.0102,0.4893,0.0762,0.1381,0.0876,0
20.58,-0.6875,-0.4025,0.1278,0.849,0.0301,0.5037,0.0828,0.1332,0.0871,0
20.6,-0.7724,0.03,0.7,0.8538,0.0223,0.5574,0.0968,0.1354,0.0709,0
20.62,-0.5219,0.9101,0.4288,0.8488,0.0202,0.5258,0.1099,0.1344,0.0795,0
20.64,-0.4266,-0.9164,0.1838,0.8533,0.0185,0.4881,0.1145,0.1358,0.0801,0
20.66,-0.6136,-1.214,-0.5526,0.8493,0.0213,0.5051,0.1083,0.1347,0.0443,0
20.68,0.0693,-0.1207,0.4017,0.8309,0.0339,0.5561,0.1158,0.1338,0.0813,0
20.7,0.5257,1.6361,0.2161,0.8624,0.018,0.5161,0.1189,0.1355,0.0727,0
20.72,0.5317,1.8605,-0.113,0.8417,0.0223,0.5425,0.1159,0.1339,0.0814,0
20.74,0.6012,1.0973,0.1243,0.8439,0.0163,0.5142,0.116,0.1343,0.0635,0
20.76,0.3253,0.755,0.4062,0.856,0.0105,0.4625,0.1256,0.1352,0.0884,0
20.78,-0.0159,0.3232,0.4239,0.825,0.0238,0.5484,0.1118,0.1373,0.0841,0
20.8,-0.08,0.2835,0.4936,0.8294,0.024,0.5023,0.1198,0.1354,0.0901,0
20.82,-0.1075,-0.1195,0.7983,0.8432,0.0146,0.5083,0.1153,0.1373,0.0836,0
20.84,-0.2853,-0.4501,0.8293,0.8459,0.0195,0.4825,0.1166,0.1353,0.0672,0
20.86,-0.4103,-0.6375,1.1362,0.8371,0.0218,0.4709,0.115,0.1329,0.0748,0
20.88,-0.0809,0.5047,1.1939,0.8299,0.0241,0.4818,0.1246,0.1354,0.0623,0
20.9,-0.0865,0.0729,1.2126,0.8467,0.0242,0.5221,0.1188,0.1373,0.0743,0
20.92,0.0124,-0.3046,1.1058,0.8621,0.0127,0.5135,0.1165,0.1348,0.0774,0
20.94,0.2178,0.3684,0.8713,0.8444,0.0202,0.4882,0.1222,0.134,0.0628,0
20.96,-0.0149,0.4627,0.9921,0.8503,0.0177,0.4772,0.1112,0.1321,0.0733,0
20.98,-0.0901,-0.2071,0.872,0.8544,0.0119,0.5015,0.0985,0.1371,0.0765,0
21.0,-0.2142,-0.4541,0.7583,0.8563,0.0168,0.5252,0.0831,0.1349,0.0746,0
21.02,-0.7791,-0.0127,0.8571,0.8534,0.0182,0.5582,0.0884,0.1335,0.0772,0
21.04,-0.5329,0.403,0.6577,0.8486,0.0149,0.537,0.0827,0.1337,0.0772,0
21.06,-0.2037,-0.1888,0.916,0.8369,0.0129,0.5206,0.0888,0.1361,0.0669,0
21.08,-0.2943,-1.1795,1.1661,0.8453,0.0093,0.5589,0.088,0.135,0.0833,0
21.1,-0.475,0.7224,0.877,0.8506,0.0181,0.4444,0.1018,0.135,0.0698,0
21.12,-0.2427,0.4485,0.5835,0.8301,0.0176,0.5277,0.0977,0.1332,0.0677,0
21.14,0.3276,-0.329,0.6236,0.8461,0.0146,0.5337,0.0886,0.1325,0.0669,0
21.16,0.1289,-0.4585,0.9722,0.8411,0.0125,0.5133,0.0877,0.1351,0.0731,0
21.18,-0.0551,0.1744,1.1949,0.851,0.0072,0.5385,0.0912,0.1352,0.0881,0
21.2,-0.7657,1.1711,1.1414,0.8344,0.0119,0.5004,0.088,0.1342,0.0721,0
21.22,-0.4296,0.9095,1.1874,0.8353,0.0177,0.4996,0.0941,0.1331,0.0581,0
21.24,-0.573,0.8224,0.8575,0.8391,0.0138,0.4824,0.084,0.1332,0.0709,0
21.26,-0.3907,-0.0676,0.4593,0.8399,0.0095,0.5039,0.085,0.133,0.0905,0
21.28,-0.5601,-1.3755,0.1263,0.8414,0.0203,0.458,0.0938,0.1331,0.0904,0
21.3,-0.0463,-1.5367,0.0277,0.861,0.0013,0.5161,0.087,0.1313,0.0735,0
21.32,-0.4511,-0.4873,0.4933,0.8309,0.0043,0.5189,0.0852,0.1336,0.073,0
21.34,-0.1714,-1.0497,0.6067,0.8498,0.0052,0.4843,0.0925,0.1332,0.0641,0
21.36,-0.163,-0.4007,0.5886,0.8376,0.005,0.5298,0.1003,0.1349,0.0799,0
21.38,-0.4044,-0.3608,0.1945,0.8417,-0.0058,0.5363,0.1166,0.1321,0.0868,0
21.4,0.1634,-0.2859,0.6537,0.8436,0.0065,0.5198,0.1136,0.1352,0.0501,0
21.42,0.2165,-1.0159,0.9751,0.8496,0.0077,0.4889,0.107,0.134,0.0844,0
21.44,0.5362,-1.0574,0.6088,0.8509,0.0087,0.5214,0.1041,0.1334,0.0692,0
21.46,0.691,0.2358,0.0685,0.8514,0.005,0.5156,0.1133,0.133,0.0715,0
21.48,0.2598,1.13,0.0454,0.8273,0.0223,0.5418,0.1185,0.1332,0.0823,0
21.5,-0.549,0.1799,0.3692,0.861,0.0131,0.5192,0.1098,0.1316,0.0747,0
21.52,-1.0536,-0.8572,0.2449,0.8371,0.0169,0.5257,0.11,0.1344,0.0896,0
21.54,-0.7634,-0.8037,-0.0805,0.8598,0.0127,0.5332,0.1082,0.1323,0.0771,0
21.56,-0.9385,0.6568,-0.2221,0.8634,0.0154,0.4882,0.1104,0.1339,0.0761,0
21.58,-0.6609,0.5109,0.1926,0.8291,0.0141,0.4835,0.1156,0.1317,0.0633,0
21.6,-0.7389,0.0634,0.1275,0.8365,0.0153,0.4769,0.1096,0.1331,0.0716,0
21.62,-0.3513,0.0238,0.2651,0.8369,0.012,0.513,0.1052,0.1329,0.0848,0
21.64,-0.2306,-1.182,-0.1234,0.8458,0.0112,0.4988,0.1013,0.1319,0.0841,0
21.66,-0.097,-1.7169,-0.266,0.8387,0.0119,0.5022,0.1052,0.133,0.0751,0
21.68,-0.1921,0.1015,0.0644,0.8519,0.0138,0.5104,0.1198,0.1353,0.0926,0
21.7,-0.6505,0.6508,0.5051,0.8355,0.0123,0.4766,0.1147,0.1327,0.1001,0
21.72,-0.4821,0.2794,0.4564,0.8478,0.0036,0.5099,0.1164,0.1328,0.0887,0
21.74,-0.093,0.0619,-0.1491,0.8647,0.0164,0.4773,0.1108,0.1338,0.0893,0
21.76,0.0528,-1.5164,0.2226,0.8462,0.017,0.532,0.1101,0.1347,0.0517,0
21.78,0.0572,-2.4643,0.8065,0.8442,0.0196,0.5084,0.112,0.1333,0.0583,0
21.8,-0.7861,0.2641,0.8984,0.8368,0.0179,0.4913,0.104,0.1332,0.0643,0
21.82,-0.8153,1.6745,-0.0397,0.8571,0.0124,0.5052,0.1151,0.1354,0.0635,0
21.84,-0.3732,1.2693,-0.0572,0.836,0.0129,0.4643,0.1101,0.1325,0.0809,0
21.86,-0.0136,-0.6259,0.0614,0.8353,0.0038,0.5052,0.1168,0.1345,0.0731,0
21.88,0.0706,0.0993,-0.2046,0.8474,0.0005,0.4988,0.1163,0.134,0.0757,0
21.9,-0.1423,0.1381,-0.361,0.8336,0.0182,0.5106,0.116,0.1333,0.0669,0
21.92,-0.3481,1.0543,-0.582,0.8617,0.0158,0.5207,0.1123,0.1313,0.0861,0
21.94,-0.4078,-0.0789,-0.0959,0.8515,0.0225,0.5012,0.1131,0.1337,0.09,0
21.96,-0.3485,-0.8127,0.7598,0.8553,0.0146,0.4837,0.1169,0.1318,0.0935,0
21.98,-0.291,0.1981,1.1257,0.8585,0.0104,0.5139,0.1153,0.1299,0.0954,0
22.0,-0.1071,0.0492,0.9123,0.8498,0.0146,0.467,0.116,0.1328,0.0582,0
22.02,0.1807,-0.8337,0.6077,0.8596,0.0114,0.4694,0.1127,0.1326,0.0686,0
22.04,-0.0429,0.0435,0.8314,0.8509,0.0094,0.5019,0.1095,0.1311,0.0791,0
22.06,-0.1025,-1.0269,0.8489,0.8438,0.0167,0.5031,0.1046,0.131,0.0832,0
22.08,-0.121,-0.2143,1.2717,0.8461,0.008,0.5142,0.1078,0.1314,0.0753,0
22.1,0.3521,-0.4917,1.4225,0.8501,-0.002,0.4893,0.1164,0.1325,0.0552,0
22.12,0.1782,-0.5827,1.1603,0.8642,0.0062,0.4479,0.1129,0.1344,0.0703,0
22.14,0.2329,0.1721,0.808,0.8509,0.0065,0.5636,0.1108,0.1328,0.0695,0
22.16,0.451,-0.4383,1.2815,0.8466,0.0105,0.4991,0.1053,0.1304,0.069,0
22.18,0.1028,-1.6411,1.242,0.8516,0.0208,0.5406,0.1103,0.1332,0.077,0
22.2,-0.3993,-0.2193,0.7574,0.8541,0.0148,0.5126,0.1127,0.134,0.0803,0
22.22,-0.5609,0.2411,0.5491,0.8454,0.0168,0.5193,0.1202,0.1311,0.051,0
22.24,-0.3479,-1.1357,0.455,0.8669,0.0142,0.4794,0.1114,0.132,0.0686,0
22.26,-0.5466,-0.1302,-0.0476,0.8456,0.0071,0.4793,0.1106,0.1318,0.0638,0
22.28,-0.4379,1.6063,0.3628,0.8412,0.0096,0.4836,0.104,0.134,0.0794,0
22.3,-0.2697,0.4162,0.3523,0.8316,0.0059,0.5068,0.102,0.1343,0.0777,0
22.32,-0.3608,0.1083,0.2533,0.8466,0.0078,0.5322,0.1092,0.1315,0.0723,0
22.34,-0.1793,-1.0931,0.3855,0.8409,0.0096,0.5014,0.1131,0.1313,0.0836,0
22.36,-0.1048,-0.9093,0.9024,0.8499,0.0075,0.4954,0.1062,0.132,0.0817,0
22.38,-0.0535,-0.1096,0.7225,0.8368,0.0171,0.5192,0.1182,0.1309,0.0974,0
22.4,-0.2961,-0.6611,0.6225,0.8574,0.0107,0.5177,0.1148,0.1301,0.0911,0
22.42,-0.3726,-0.7823,0.4035,0.8414,0.0094,0.5015,0.11,0.1336,0.0853,0
22.44,-0.3892,-0.614,1.2022,0.8573,0.0042,0.4639,0.1176,0.1305,0.0884,0
22.46,-0.6777,-1.9118,1.2497,0.8843,0.0054,0.4646,0.1107,0.133,0.0719,0
22.48,-0.4926,1.2716,0.3795,0.8402,0.0069,0.498,0.1127,0.1324,0.0648,0
22.5,-0.2925,0.3773,0.504,0.8358,0.005,0.4825,0.1136,0.1318,0.0668,0
22.52,-0.4253,-0.6973,0.5518,0.8448,0.0059,0.5137,0.1196,0.1335,0.075,0
22.54,-0.3036,-1.1368,0.6168,0.8591,-0.0061,0.4993,0.1179,0.1319,0.0624,0
22.56,-0.1749,-0.6372,0.6708,0.8805,-0.0035,0.4831,0.1178,0.1325,0.0694,0
22.58,-0.8173,0.6942,0.281,0.8432,0.0115,0.5107,0.1158,0.1321,0.0876,0
22.6,-0.6209,1.0528,0.5501,0.8516,0.0063,0.5419,0.1051,0.1322,0.087,0
22.62,-0.2842,0.8039,0.3861,0.8507,-0.0023,0.4839,0.1143,0.1308,0.0682,0
22.64,-0.6738,-0.1008,0.2733,0.8423,0.0023,0.4641,0.1184,0.1307,0.065,0
22.66,-0.6615,-0.8496,0.1133,0.85,0.0036,0.5117,0.1056,0.1292,0.0744,0
22.68,-0.5309,1.4101,0.0815,0.8277,0.0092,0.4938,0.1064,0.1283,0.0896,0
22.7,-0.2277,0.9466,0.5927,0.8607,0.0113,0.4957,0.1053,0.1313,0.0854,0
22.72,-0.536,0.5543,0.6372,0.8549,0.0108,0.4756,0.1052,0.1306,0.075,0
22.74,-0.4436,-0.5892,0.1324,0.8486,0.0162,0.4775,0.1075,0.1313,0.0681,0
22.76,-0.1987,-0.0978,0.2841,0.8407,-0.001,0.4696,0.1094,0.1306,0.0888,0
22.78,-0.1062,2.0262,0.3267,0.8271,0.0021,0.506,0.1024,0.1323,0.094,0
22.8,0.2421,-0.1253,0.3604,0.8406,0.0099,0.5216,0.0946,0.1336,0.0913,0
22.82,0.1183,-0.5285,0.1334,0.8383,0.0069,0.4938,0.1006,0.1307,0.079,0
22.84,0.2126,-0.8931,-0.0974,0.8561,0.0166,0.4672,0.107,0.1316,0.0848,0
22.86,0.2222,-1.1079,0.6282,0.8778,0.0147,0.5045,0.1157,0.1308,0.0839,0
22.88,-0.005,-0.133,0.4242,0.859,0.0036,0.4556,0.1169,0.1324,0.0856,0
22.9,0.4474,0.7736,0.2792,0.855,0.0072,0.5222,0.1005,0.132,0.1069,0
22.92,-0.0555,0.4173,-0.0966,0.8503,0.007,0.5283,0.1115,0.1319,0.1039,0
22.94,-0.1944,1.7419,-0.6144,0.8514,0.0004,0.4741,0.121,0.1303,0.0896,0
22.96,-0.4122,0.5219,-0.3414,0.8504,0.0098,0.4861,0.116,0.1304,0.0886,0
22.98,-0.5717,-0.2473,-0.2672,0.8473,0.0111,0.5006,0.1245,0.1299,0.073,0
23.0,-0.7099,-0.4754,-0.2675,0.8521,0.0165,0.4963,0.1208,0.1324,0.0746,0
23.02,-0.9339,-0.7036,-0.6282,0.8593,0.0232,0.4536,0.1235,0.1342,0.0897,0
23.04,-0.9616,0.5004,0.4059,0.8676,0.0093,0.5021,0.1053,0.1329,0.0689,0
23.06,-0.6956,1.1586,0.8465,0.847,0.005,0.528,0.1183,0.1314,0.089,0
23.08,-0.4556,1.1976,0.9405,0.8524,0.0122,0.499,0.1167,0.1327,0.0661,0
23.1,-0.6013,-0.5632,0.7757,0.8475,0.0048,0.4923,0.1173,0.1318,0.0841,0
23.12,-0.5997,-0.9417,0.6717,0.8596,-0.0027,0.4898,0.1145,0.1332,0.0887,0
23.14,-0.1016,0.0316,0.875,0.8595,0.0018,0.4781,0.1139,0.1343,0.0901,0
23.16,-0.2745,0.6779,0.3647,0.855,0.0089,0.5002,0.119,0.1308,0.1057,0
23.18,-0.1716,0.3941,0.2453,0.8606,0.0074,0.5085,0.1125,0.1329,0.0893,0
23.2,0.317,-1.2561,0.0852,0.879,0.0068,0.5001,0.1155,0.1335,0.1023,0
23.22,-0.0216,-0.2657,0.3101,0.8726,0.0068,0.4995,0.1175,0.1326,0.0904,0
23.24,-0.3687,0.1378,0.2114,0.8479,0.0142,0.4967,0.1174,0.1345,0.084,0
23.26,-0.5655,0.9275,0.0418,0.8396,0.0168,0.4826,0.1123,0.1334,0.0794,0
23.28,-1.363,0.9316,0.2235,0.8298,0.011,0.5203,0.117,0.1324,0.0835,0
23.3,-1.2366,-0.6941,-0.3746,0.8483,-0.0033,0.5095,0.1248,0.1299,0.0717,0
23.32,-1.4671,-0.2042,-0.2288,0.855,-0.0031,0.5055,0.1142,0.1312,0.0748,0
23.34,-1.3121,-0.3786,-0.2879,0.8313,0.0003,0.5375,0.1072,0.1319,0.0806,0
23.36,-0.502,-0.2475,-0.0034,0.8533,0.0066,0.5117,0.109,0.1298,0.0688,0
23.38,-0.3648,1.0317,0.0515,0.859,0.0094,0.5012,0.1194,0.1323,0.1041,0
23.4,-0.4269,1.8874,-0.4029,0.8359,0.0105,0.4858,0.1056,0.1316,0.079,0
23.42,-0.0793,-0.6314,0.0107,0.8369,0.0013,0.4519,0.1104,0.1327,0.0899,0
23.44,0.6497,-0.2043,0.8027,0.8566,0.0103,0.479,0.1126,0.1321,0.0875,0
23.46,0.5345,-0.1581,0.8376,0.8612,0.0171,0.4916,0.1114,0.1327,0.0857,0
23.48,0.4055,0.7922,0.4227,0.839,0.0067,0.5236,0.1132,0.1307,0.073,0
23.5,0.0433,0.1721,0.017,0.8685,0.0005,0.4675,0.1217,0.1325,0.0787,0
23.52,0.1474,0.4207,-0.1109,0.8567,0.0006,0.4866,0.1201,0.1321,0.0782,0
23.54,-0.211,0.0515,0.5159,0.858,0.0084,0.4966,0.1216,0.1339,0.0681,0
23.56,-0.1873,1.0852,0.2741,0.8374,0.0079,0.509,0.1134,0.1321,0.0807,0
23.58,-0.1676,0.0335,-0.2479,0.8486,0.0105,0.4863,0.1158,0.1339,0.0783,0
23.6,-0.1839,-0.1711,0.0729,0.8485,0.014,0.4907,0.1131,0.1345,0.0952,0
23.62,-0.707,0.8354,0.424,0.8439,0.0159,0.5002,0.1147,0.1337,0.0917,0
23.64,-0.36,-0.2573,0.5462,0.8437,0.0109,0.498,0.1273,0.1331,0.0962,0
23.66,0.0296,-0.4107,0.2945,0.8373,0.0046,0.507,0.1104,0.1341,0.0804,0
23.68,-0.4419,0.7751,-0.0303,0.8534,-0.002,0.519,0.1124,0.132,0.0941,0
23.7,-0.8958,0.8979,0.0491,0.8563,0.0045,0.5041,0.1235,0.1323,0.0696,0
23.72,-0.5371,0.4227,0.0669,0.8347,0.0061,0.5001,0.1129,0.1303,0.0906,0
23.74,-0.3884,0.7697,-0.0682,0.8664,0.011,0.469,0.1169,0.1327,0.0944,0
23.76,-0.1773,0.3046,0.0335,0.869,0.0071,0.5197,0.1067,0.1312,0.068,0
23.78,-1.0565,1.7081,-0.0376,0.8529,0.0037,0.4828,0.1132,0.13,0.0708,0
23.8,-0.2675,-1.1996,0.2198,0.8438,0.0031,0.4821,0.1183,0.1306,0.0737,0
23.82,-0.1016,-0.1699,0.387,0.8354,0.0057,0.504,0.1139,0.1302,0.0759,0
23.84,-0.1465,0.3894,0.2129,0.8306,0.0079,0.4886,0.1203,0.1316,0.0864,0
23.86,0.4444,0.7873,0.4097,0.8517,0.0125,0.4615,0.1148,0.1332,0.0752,0
23.88,0.0847,1.9905,0.3959,0.8382,0.0093,0.5565,0.1028,0.1309,0.0855,0
23.9,-0.1691,-0.007,0.2003,0.8662,0.0071,0.4545,0.1172,0.1342,0.0657,0
23.92,0.101,0.4202,0.5762,0.8457,0.0102,0.472,0.1187,0.1307,0.0847,0
23.94,-0.1333,0.7139,0.3805,0.8493,0.0062,0.4997,0.1142,0.1315,0.0795,0
23.96,0.1673,0.533,0.1716,0.8407,0.0152,0.4874,0.1134,0.133,0.078,0
23.98,-0.251,-0.1649,-0.0489,0.8507,0.0094,0.4719,0.1174,0.1325,0.0757,0
24.0,-0.674,0.8864,0.082,0.877,0.0106,0.5017,0.1169,0.1319,0.0902,0
24.02,-0.0847,-0.8676,0.4016,0.8606,0.0171,0.5037,0.1172,0.1318,0.0878,0
24.04,0.2458,0.2787,0.3914,0.8625,0.0082,0.505,0.1171,0.133,0.0871,0
24.06,0.1784,0.6877,0.7299,0.8337,0.0054,0.5157,0.1251,0.1329,0.0726,0
24.08,0.1035,-0.1324,0.6907,0.8451,0.005,0.5193,0.1261,0.1314,0.0775,0
24.1,0.0519,1.0347,0.3044,0.8385,0.0158,0.5168,0.1186,0.1317,0.0804,0
24.12,0.0151,0.831,0.158,0.8479,0.0159,0.5144,0.1117,0.1316,0.0693,0
24.14,-0.5131,1.6383,0.3249,0.8381,0.0082,0.4974,0.1115,0.1304,0.095,0
24.16,-0.5869,1.2122,0.323,0.8451,0.0184,0.467,0.1074,0.1313,0.0692,0
24.18,-0.1381,1.729,0.7731,0.8483,0.0111,0.5062,0.1063,0.1318,0.0781,0
24.2,-0.2889,1.4203,0.7171,0.8392,0.0163,0.4922,0.1124,0.1299,0.057,0
24.22,-0.2457,1.2708,0.3432,0.8499,0.0033,0.5218,0.1165,0.131,0.078,0
24.24,-0.2616,0.6809,0.3263,0.85,0.007,0.5244,0.1146,0.1304,0.0942,0
24.26,-0.6647,-1.3402,0.5209,0.8464,0.011,0.4764,0.1167,0.1314,0.0875,0
24.28,-0.0342,-0.6843,0.8387,0.8266,0.0042,0.5094,0.0975,0.1303,0.085,0
24.3,0.212,0.4177,1.2477,0.8395,0.0189,0.5152,0.1141,0.1337,0.0775,0
24.32,0.4154,-0.2534,1.3657,0.856,0.01,0.5096,0.1083,0.1337,0.0771,0
24.34,0.3063,0.076,1.3337,0.8639,0.0063,0.5021,0.112,0.1332,0.086,0
24.36,-0.2714,0.8692,1.1012,0.8512,0.0145,0.4939,0.1076,0.1316,0.0823,0
24.38,-0.66,2.056,1.0305,0.8569,0.0118,0.5103,0.1126,0.1315,0.088,0
24.4,-0.5048,2.612,0.5935,0.8349,0.0102,0.5223,0.113,0.1353,0.1039,0
24.42,0.2716,0.1316,0.6436,0.8449,-0.0006,0.5151,0.0898,0.1324,0.0888,0
24.44,-0.9689,0.612,-0.106,0.8271,0.0056,0.5365,0.1042,0.1325,0.1096,0
24.46,-0.7351,-0.2269,0.7248,0.8325,0.011,0.439,0.1112,0.1336,0.1072,0
24.48,0.4307,-0.1143,1.242,0.8261,0.0056,0.4745,0.115,0.1324,0.074,0
24.5,0.2439,1.3649,1.1521,0.8274,0.0027,0.4931,0.1117,0.1313,0.0649,0
24.52,-0.2598,1.177,1.1268,0.8378,0.0082,0.5138,0.1102,0.1318,0.0855,0
24.54,-0.5433,1.3222,0.6517,0.8453,0.0087,0.4648,0.1076,0.1318,0.1006,0
24.56,-0.6726,-0.3712,0.3093,0.8461,-0.0033,0.4692,0.1083,0.1309,0.07,0
24.58,-0.1617,-0.6613,1.1789,0.857,-0.002,0.4567,0.104,0.1346,0.0915,0
24.6,0.099,0.5263,0.9076,0.8482,0.0081,0.4716,0.1159,0.1328,0.0569,0
24.62,0.2574,1.0611,0.9346,0.833,0.0046,0.4943,0.111,0.1304,0.0819,0
24.64,-0.069,-0.7284,0.3664,0.8349,0.0026,0.5128,0.1154,0.1289,0.0708,0
24.66,-0.7318,-0.6481,0.1814,0.8498,0.0014,0.5113,0.1126,0.1313,0.077,0
24.68,-0.6534,-0.0354,0.1956,0.8513,-0.0006,0.4944,0.1172,0.1318,0.0811,0
24.7,-0.0612,0.7064,0.2596,0.834,0.0031,0.504,0.1113,0.1326,0.0979,0
24.72,-0.3089,0.4065,0.6908,0.84,0.0087,0.5328,0.1057,0.133,0.0981,0
24.74,-0.4148,-0.3436,0.7229,0.8317,0.0034,0.5384,0.1139,0.1331,0.073,0
24.76,-0.3048,-0.0573,0.6456,0.8428,-0.0022,0.5212,0.1099,0.1321,0.0834,0
24.78,-0.1822,0.3315,0.2218,0.8548,-0.0056,0.5227,0.1066,0.1339,0.0795,0
24.8,-0.3194,1.3283,0.2157,0.8538,-0.0027,0.5058,0.1135,0.1334,0.0891,0
24.82,-0.0348,1.0793,0.3963,0.8386,0.0034,0.5033,0.1146,0.1325,0.0769,0
24.84,-0.0803,0.5597,0.5267,0.8306,0.0019,0.4935,0.1163,0.1316,0.0792,0
24.86,-0.3465,1.4927,-0.1353,0.8408,0.0063,0.4722,0.1146,0.1291,0.0893,0
24.88,-0.3614,-1.6619,0.1885,0.8347,0.0013,0.5272,0.1111,0.1334,0.0813,0
24.9,-0.6989,0.4802,0.1455,0.8551,0.0034,0.4461,0.0918,0.1322,0.1057,0
24.92,-0.6473,0.0778,0.3295,0.8516,-0.0004,0.4861,0.0796,0.1341,0.0702,0
24.94,-0.6067,-1.2989,0.0233,0.8588,0.0026,0.5094,0.0841,0.1331,0.0776,0
24.96,-0.7772,-1.2868,0.2379,0.854,0.0013,0.4866,0.0858,0.1308,0.0685,0
24.98,-0.8365,-0.2723,0.8611,0.8502,0.0051,0.4933,0.0891,0.1299,0.086,0
25.0,-0.3262,0.436,0.6256,0.871,0.0046,0.4509,0.0872,0.131,0.0793,0
25.02,-0.0601,-0.2167,0.0542,0.8512,0.0085,0.5043,0.0805,0.1301,0.1034,0
25.04,-0.1586,1.1934,0.3335,0.8579,0.0068,0.5221,0.0715,0.1305,0.0705,0
25.06,-0.1433,0.8134,0.3019,0.852,-0.0008,0.4802,0.0808,0.1322,0.0814,0
25.08,0.2447,0.2425,-0.0214,0.8197,0.009,0.5111,0.0828,0.1306,0.0769,0
25.1,0.2703,-1.4136,-0.4144,0.8258,0.014,0.4795,0.0792,0.1327,0.0767,0
25.12,0.0975,-0.0395,-0.743,0.8585,0.0008,0.4936,0.0724,0.1331,0.0686,0
25.14,-0.979,0.0465,-0.5419,0.871,0.0018,0.4887,0.0789,0.1328,0.0765,0
25.16,-1.5245,-0.2882,-0.5465,0.8682,0.0015,0.4865,0.1063,0.1331,0.0627,0
25.18,-1.0328,0.3155,-0.5189,0.854,-0.0125,0.5238,0.0852,0.1318,0.0635,0
25.2,-0.6268,1.1164,0.1544,0.8556,-0.0005,0.4911,0.0758,0.1305,0.091,0
25.22,-1.1092,1.804,-0.3476,0.8655,-0.0049,0.4771,0.0834,0.1333,0.0824,0
25.24,-0.666,1.8413,-1.139,0.85,-0.0035,0.4858,0.112,0.1337,0.0926,0
25.26,-0.3103,0.3265,-0.7446,0.8361,-0.0006,0.4825,0.1155,0.1326,0.0868,0
25.28,0.0852,1.1801,-0.445,0.8279,0.0021,0.4761,0.1069,0.1311,0.0893,0
25.3,0.2148,1.1472,-0.4564,0.8248,0.0082,0.5226,0.1101,0.1344,0.0747,0
25.32,0.3481,0.9871,-1.1018,0.8578,0.0152,0.4782,0.1215,0.1321,0.0861,0
25.34,1.0222,1.7254,-1.0084,0.8622,0.0099,0.4893,0.1074,0.1325,0.1,0
25.36,1.018,1.7104,-1.0708,0.8352,0.0044,0.4725,0.1048,0.1313,0.0669,0
25.38,0.9803,1.6552,-1.4891,0.817,0.0036,0.4652,0.0751,0.1314,0.0514,0
25.4,0.5249,2.3354,-1.3002,0.824,0.0231,0.4928,0.08,0.1299,0.0737,0
25.42,0.0352,2.0356,-0.8782,0.8522,0.0324,0.4895,0.087,0.131,0.0775,0
25.44,-0.0036,1.933,-0.1936,0.8619,0.0262,0.5084,0.0781,0.1319,0.0906,0
25.46,0.4478,1.2459,-0.0884,0.8385,0.0225,0.518,0.0753,0.1322,0.0904,0
25.48,0.7678,1.6673,-0.5067,0.8346,0.0164,0.5341,0.0828,0.1299,0.1126,0
25.5,0.5654,1.1968,-0.5134,0.8015,0.0155,0.5527,0.082,0.1299,0.0775,0
25.52,0.6569,0.504,-0.2875,0.8241,0.023,0.5201,0.0738,0.1308,0.0787,0
25.54,0.0796,0.8273,-0.7341,0.8499,0.03,0.544,0.0943,0.1301,0.0783,0
25.56,-0.2299,0.3974,-0.494,0.8409,0.0167,0.5047,0.0815,0.1307,0.0773,0
25.58,-0.3118,1.7282,0.1518,0.8448,0.0286,0.5576,0.0891,0.1295,0.0927,0
25.6,-0.3152,2.6845,0.3644,0.8388,0.0186,0.5307,0.0821,0.1291,0.0905,0
25.62,0.4662,1.5517,0.2732,0.8281,0.0047,0.5288,0.0792,0.1303,0.0853,0
25.64,0.6444,1.2683,0.3338,0.8416,0.0096,0.5297,0.0824,0.1307,0.1043,0
25.66,0.2405,-0.7718,0.1153,0.8671,0.0194,0.5245,0.0755,0.1282,0.1026,0
25.68,0.2341,-2.3662,-0.0419,0.8571,0.0144,0.5256,0.0842,0.13,0.0825,0
25.7,-0.1748,-2.12,0.461,0.8425,0.0386,0.5557,0.0767,0.1297,0.0873,0
25.72,-0.2983,0.0602,0.6101,0.8289,0.0418,0.5462,0.0931,0.128,0.0823,0
25.74,1.148,0.9499,0.8321,0.844,0.0257,0.4927,0.0854,0.1285,0.0864,0
25.76,1.0648,2.7896,0.6846,0.846,0.0264,0.5062,0.0882,0.1298,0.069,0
25.78,0.7923,4.3572,0.3088,0.8353,0.0113,0.5202,0.0859,0.129,0.081,0
25.8,1.7447,4.2071,-0.6422,0.832,0.012,0.5182,0.0843,0.1302,0.0703,0
25.82,2.0622,2.4203,-1.6359,0.8405,0.0227,0.5044,0.0842,0.1287,0.0864,0
25.84,1.4361,0.7848,-1.4859,0.859,0.0368,0.4853,0.0783,0.1279,0.0727,0
25.86,0.0352,1.0057,0.2657,0.8533,0.0414,0.491,0.0812,0.1294,0.0688,0
25.88,-0.6108,2.518,1.468,0.8612,0.0465,0.5329,0.0854,0.1282,0.0668,0
25.9,-0.3719,4.4994,0.5686,0.8555,0.0369,0.4794,0.081,0.1278,0.0828,0
25.92,-0.5648,3.9093,0.3859,0.8431,0.0319,0.5438,0.0891,0.1274,0.1064,0
25.94,-0.2841,7.4982,0.2084,0.8292,0.024,0.5266,0.0889,0.1273,0.0909,0
25.96,-0.0014,5.446,0.2728,0.8138,0.0244,0.5071,0.0884,0.1287,0.0791,0
25.98,-0.2409,3.6189,0.3584,0.8098,0.0304,0.4953,0.091,0.1273,0.0658,0
26.0,-0.6251,9.7055,0.0414,0.8389,0.0245,0.4919,0.0859,0.1279,0.068,0
26.02,-0.4068,14.647,0.145,0.8433,0.0233,0.5516,0.0881,0.1274,0.0767,0
26.04,-0.1328,13.4876,0.3822,0.8223,0.0373,0.5623,0.0929,0.1299,0.0879,0
26.06,-0.0582,6.1215,0.5774,0.814,0.0367,0.5312,0.0897,0.1299,0.0941,0
26.08,-0.0582,0.1953,0.5476,0.7997,0.0306,0.5205,0.0874,0.1308,0.069,0
26.1,-0.3817,1.8992,0.101,0.8305,0.0431,0.5456,0.0828,0.1258,0.0878,0
26.12,-0.0787,2.7008,-0.1532,0.8096,0.0343,0.5326,0.092,0.127,0.0834,0
26.14,0.2952,-0.2116,0.722,0.8234,0.0233,0.5764,0.0948,0.125,0.082,0
26.16,-0.3089,0.3971,0.6126,0.8045,0.0388,0.5462,0.0917,0.1273,0.0788,0
26.18,-0.8691,0.352,0.6672,0.8319,0.038,0.5192,0.0841,0.1272,0.0647,0
26.2,-0.8571,0.3953,0.3033,0.8254,0.025,0.5335,0.0812,0.1267,0.0741,0
26.22,-0.47,2.2115,-0.2308,0.8294,0.0185,0.5211,0.0922,0.1267,0.0716,0
26.24,-0.3042,2.8636,0.2455,0.8195,0.024,0.5277,0.0901,0.1262,0.0884,0
26.26,-0.362,0.8668,0.8887,0.7969,0.0193,0.5242,0.0889,0.1272,0.0863,0
26.28,-0.2248,-1.7589,1.1708,0.8126,0.0274,0.5356,0.0894,0.1288,0.081,0
26.3,-0.7084,-1.0063,1.1838,0.8434,0.0334,0.5375,0.0831,0.1282,0.0704,0
26.32,-0.3819,0.9315,1.0107,0.8338,0.0217,0.5183,0.0791,0.1251,0.0825,0
26.34,0.3676,1.2322,0.7094,0.8175,0.034,0.537,0.0786,0.1269,0.0895,0
26.36,0.1672,1.6566,1.0039,0.805,0.0334,0.5452,0.0874,0.1264,0.0875,0
26.38,-0.1153,1.4371,0.7543,0.8142,0.0357,0.5114,0.0727,0.1287,0.0791,0
26.4,0.0998,0.1494,0.5687,0.8251,0.0241,0.5429,0.0901,0.1294,0.0839,0
26.42,-0.0032,0.0576,0.5123,0.8181,0.0315,0.5073,0.1139,0.1294,0.0897,0
26.44,-0.382,-0.0813,1.0513,0.8082,0.0303,0.519,0.1087,0.1276,0.0751,0
26.46,-1.5252,-2.9677,2.5309,0.7992,0.0317,0.5154,0.1068,0.1292,0.0777,0
26.48,-3.536,-5.2326,3.9894,0.7982,0.0298,0.5149,0.112,0.1289,0.0859,0
26.5,-3.9455,-6.2524,5.4577,0.8172,0.0238,0.5536,0.1108,0.1288,0.0793,0
26.52,-2.1955,-7.1696,5.9033,0.818,0.0225,0.5207,0.1107,0.1291,0.0683,0
26.54,-0.9561,-5.3772,2.9249,0.8396,0.0014,0.499,0.1135,0.128,0.0745,0
26.56,-0.8357,-2.6286,1.6947,0.848,-0.0044,0.5501,0.1165,0.1253,0.0679,0
26.58,-0.8247,-0.1588,0.9024,0.8667,0.0003,0.5186,0.1128,0.1269,0.0922,0
26.6,-0.7658,-0.2566,-0.7052,0.8334,0.0089,0.5564,0.1226,0.1303,0.0899,0
26.62,-0.1763,-1.1541,1.4707,0.8293,0.0181,0.5004,0.1281,0.1302,0.0959,0
26.64,-1.6947,0.0706,1.3382,0.8392,0.0212,0.4577,0.1243,0.1285,0.0989,0
26.66,-1.6785,-0.9409,0.8069,0.8284,0.0115,0.4459,0.114,0.1285,0.0823,0
26.68,-0.0577,-2.9364,1.2094,0.8109,0.0051,0.5185,0.1207,0.1283,0.0694,0
26.7,-0.1938,-0.4036,0.7055,0.821,0.0023,0.5585,0.1205,0.1271,0.0795,0
26.72,-0.3731,0.2302,-0.0439,0.8303,-0.013,0.5237,0.1163,0.1277,0.0784,0
26.74,0.9959,-0.4029,-0.167,0.8148,-0.0111,0.5128,0.1089,0.128,0.0624,0
26.76,1.712,-3.5641,0.2044,0.8287,-0.0024,0.5133,0.1085,0.1271,0.0802,0
26.78,0.7061,-4.168,0.5958,0.8245,-0.0083,0.5224,0.1102,0.1261,0.0726,0
26.8,-0.4227,-2.3561,0.0799,0.8351,0.0022,0.4995,0.1153,0.1254,0.0965,0
26.82,-0.5091,-3.0013,-0.3041,0.8464,0.0204,0.5545,0.1103,0.1294,0.0741,0
26.84,-0.292,-2.3704,0.1125,0.8285,0.0176,0.5463,0.1086,0.1282,0.0627,0
26.86,-1.0593,0.4908,0.1713,0.8563,0.0168,0.5216,0.1146,0.1299,0.0655,0
26.88,-0.4703,-0.5744,0.1854,0.8159,0.0129,0.4896,0.113,0.1277,0.0747,0
26.9,-0.1546,-1.2833,1.0006,0.8356,0.0001,0.5056,0.1062,0.1287,0.0715,0
26.92,0.2613,-0.8495,0.5379,0.846,-0.0041,0.5235,0.1133,0.1259,0.0824,0
26.94,0.2683,-0.3303,0.2273,0.8308,0.0075,0.5055,0.1098,0.1261,0.0783,0
26.96,0.5746,0.8334,0.0791,0.8131,0.0054,0.5322,0.1186,0.128,0.0826,0
26.98,0.5497,1.4173,-0.0566,0.8053,0.0098,0.5161,0.1215,0.1281,0.0927,0
27.0,0.0201,1.5585,-0.0177,0.8101,0.0083,0.5184,0.1187,0.1284,0.0987,0
27.02,-0.8198,2.5817,-0.4089,0.8184,0.0119,0.5406,0.1187,0.1273,0.0939,0
27.04,-1.135,1.276,-0.3687,0.8243,0.0272,0.5326,0.1222,0.1266,0.0733,0
27.06,-1.4612,-0.3464,0.0155,0.8213,0.0235,0.5155,0.1173,0.1267,0.0631,0
27.08,-1.1859,-0.531,0.6191,0.831,0.0184,0.4913,0.1215,0.1274,0.0843,0
27.1,-1.269,0.319,0.9345,0.8597,0.0198,0.5351,0.1164,0.1272,0.0908,0
27.12,-0.8146,-0.2855,0.1544,0.8513,0.0113,0.5634,0.1305,0.1263,0.0554,0
27.14,-1.1251,0.1962,0.2872,0.8245,0.0143,0.51,0.123,0.127,0.0717,0
27.16,-1.0148,0.8943,1.2221,0.829,0.0034,0.4707,0.1228,0.1268,0.0813,0
27.18,-0.5961,1.1019,0.9914,0.815,0.0028,0.5375,0.129,0.1295,0.0547,0
27.2,-0.2723,-0.3859,0.6783,0.8242,-0.0019,0.5365,0.132,0.1251,0.0769,0
27.22,-0.079,1.3424,0.6464,0.8215,0.0023,0.5369,0.1276,0.1242,0.0716,0
27.24,0.1293,1.4166,-0.0395,0.8345,0.0057,0.5654,0.1201,0.1275,0.0828,0
27.26,0.327,1.2807,0.1834,0.8074,0.0079,0.5361,0.1227,0.1302,0.0888,0
27.28,0.374,0.5201,0.8341,0.8171,0.0143,0.5399,0.123,0.1274,0.0993,0
27.3,0.0096,-1.2511,0.728,0.8365,0.0147,0.531,0.1183,0.1271,0.0989,0
27.32,0.0735,-1.2368,0.7326,0.8314,0.0136,0.5275,0.1265,0.126,0.0778,0
27.34,0.3508,-1.3171,1.0837,0.8301,0.014,0.4743,0.1338,0.1258,0.0705,0
27.36,0.3625,-0.7635,1.3351,0.828,0.0138,0.4982,0.1271,0.1267,0.0745,0
27.38,0.1473,-0.5864,1.322,0.8386,0.0068,0.495,0.1299,0.1297,0.089,0
27.4,-0.1015,0.7211,1.1201,0.8398,0.0073,0.5113,0.1273,0.1282,0.0902,0
27.42,-0.3433,1.3519,0.768,0.8246,0.0082,0.5292,0.1345,0.1275,0.0876,0
27.44,-1.2631,-1.0386,0.2288,0.8284,0.0134,0.5692,0.1285,0.1273,0.0742,0
27.46,-1.3082,-0.3827,0.0788,0.8236,0.0035,0.5254,0.1355,0.1273,0.0955,0
27.48,-0.1497,0.3755,-0.0867,0.8202,-0.0044,0.4896,0.1441,0.1277,0.0932,0
27.5,0.9417,2.3002,0.5446,0.8304,0.0048,0.522,0.1297,0.1269,0.0859,0
27.52,0.9577,1.6465,1.1563,0.8273,-0.0041,0.4879,0.1362,0.1272,0.0832,0
27.54,1.5363,-1.31,1.8561,0.8211,0.004,0.5062,0.1357,0.1308,0.0873,0
27.56,0.8862,-1.3408,1.2908,0.836,0.0121,0.5842,0.1172,0.1288,0.1043,0
27.58,-0.5251,-1.4329,0.1984,0.8314,0.0026,0.4806,0.1315,0.1266,0.0871,0
27.6,-0.8138,-0.2027,-0.0989,0.838,0.0176,0.5384,0.1295,0.1256,0.0801,0
27.62,-1.7919,-1.0874,-0.0362,0.8281,0.0236,0.5736,0.1387,0.1273,0.0779,0
27.64,-1.8991,0.7033,-0.2212,0.8465,0.0107,0.467,0.1476,0.1269,0.098,0
27.66,-1.4281,2.1796,-0.229,0.8496,0.0025,0.5135,0.141,0.1294,0.0876,0
27.68,-1.217,2.8356,-0.0309,0.8197,0.0088,0.5406,0.1287,0.127,0.0948,0
27.7,-1.38,1.596,0.2718,0.8191,0.0008,0.5382,0.132,0.1284,0.0865,0
27.72,-0.7657,1.1047,0.2487,0.8118,0.0087,0.5579,0.1405,0.127,0.082,0
27.74,-0.5922,-0.0117,0.208,0.8127,0.0111,0.5458,0.1363,0.1267,0.1038,0
27.76,-0.157,-0.5288,-0.0028,0.8201,-0.0005,0.5415,0.1378,0.1269,0.0882,0
27.78,0.4645,0.1609,0.2605,0.8316,-0.0028,0.5601,0.1341,0.1264,0.0816,0
27.8,0.4316,0.9888,0.5135,0.8323,0.0028,0.5402,0.1355,0.1268,0.0745,0
27.82,0.4107,0.32,0.2526,0.8507,0.0072,0.5235,0.1322,0.1274,0.0901,0
27.84,0.2136,-0.2524,-0.1284,0.8473,0.0081,0.529,0.136,0.1259,0.091,0
27.86,-0.573,-0.0557,0.2149,0.8302,0.0096,0.5505,0.1399,0.1259,0.0879,0
27.88,-0.9439,0.0902,0.5793,0.8054,0.0153,0.5517,0.1389,0.1271,0.1003,0
27.9,-0.6749,-0.1143,0.5941,0.8098,0.0102,0.5177,0.1375,0.1269,0.0852,0
27.92,-0.375,2.4066,0.7662,0.8298,0.0104,0.5036,0.1431,0.1276,0.1048,0
27.94,-0.0102,1.6109,0.8506,0.8254,0.0103,0.5355,0.1443,0.1275,0.11,0
27.96,0.5658,-1.5969,1.2745,0.8181,0.0119,0.5405,0.1362,0.1263,0.1076,0
27.98,0.4039,-2.1322,1.5331,0.8307,0.0072,0.5236,0.1444,0.1252,0.0875,0
28.0,-0.636,0.954,1.0328,0.8373,0.0019,0.5084,0.1413,0.1257,0.0889,0
28.02,-0.5228,0.787,0.7127,0.8282,0.0004,0.5048,0.1427,0.1257,0.0984,0
28.04,-0.3889,0.2537,0.7119,0.8439,0.0019,0.5372,0.1356,0.1282,0.1007,0
28.06,-0.4944,-0.2626,0.3279,0.8062,0.0128,0.5049,0.1396,0.126,0.0877,0
28.08,-0.0537,0.093,0.8998,0.835,-0.0002,0.52,0.1516,0.1266,0.0609,0
28.1,-0.4114,1.216,0.1005,0.8387,0.0053,0.5454,0.1371,0.1289,0.0895,0
28.12,-0.1342,0.7401,0.3315,0.8036,-0.004,0.5433,0.1328,0.1265,0.0784,0
28.14,1.0748,-0.025,0.0001,0.8508,-0.0139,0.5008,0.1369,0.1272,0.1082,0
28.16,1.3079,-0.9702,0.3138,0.8314,0.0049,0.5257,0.132,0.1254,0.0812,0
28.18,0.5464,-1.8958,0.5682,0.797,0.0194,0.5032,0.129,0.1257,0.0531,0
28.2,0.0249,-1.0979,0.6172,0.8116,0.0091,0.5249,0.1343,0.1242,0.0802,0
28.22,-0.035,-0.4892,0.4983,0.8278,0.0123,0.5681,0.1315,0.1271,0.0807,0
28.24,-0.6097,-1.0796,0.2002,0.8347,0.0088,0.5343,0.1404,0.1265,0.086,0
28.26,-0.4189,1.6334,0.1666,0.8364,0.0012,0.512,0.133,0.1282,0.0951,0
28.28,-0.3097,1.971,-0.1734,0.8316,0.0067,0.5203,0.1339,0.1282,0.094,0
28.3,0.2007,-2.4705,-0.1566,0.8123,0.0056,0.5632,0.1359,0.1267,0.0804,0
28.32,-0.3038,-1.2322,-0.0187,0.8275,0.0014,0.5223,0.1462,0.1281,0.0926,0
28.34,-0.6585,-0.1732,0.0737,0.8129,0.0039,0.5489,0.1337,0.128,0.1073,0
28.36,-0.4847,-0.1263,0.1049,0.8186,0.0103,0.5273,0.1383,0.1291,0.1098,0
28.38,-0.7163,-0.1935,0.094,0.8293,-0.0014,0.5272,0.1401,0.1292,0.1053,0
28.4,-0.27,-0.1253,-0.1558,0.8325,-0.0042,0.5332,0.1353,0.1283,0.1089,0
28.42,0.0435,-1.0342,0.1293,0.8312,-0.007,0.514,0.1405,0.127,0.0967,0
28.44,0.0201,-1.7718,0.5373,0.8346,-0.0035,0.4913,0.1376,0.128,0.0806,0
28.46,0.0652,-1.0715,0.2853,0.8246,0.0058,0.5552,0.1358,0.1294,0.0915,0
28.48,0.3066,-0.7968,0.2213,0.8262,0.0085,0.5618,0.1375,0.1268,0.091,0
28.5,-0.2233,-0.9782,0.2171,0.8205,0.0048,0.5308,0.1354,0.1245,0.0854,0
28.52,-0.5886,-0.3149,0.3445,0.8357,0.0104,0.5593,0.1238,0.1267,0.0814,0
28.54,-0.3842,-1.3552,0.5933,0.8293,0.0086,0.5193,0.1242,0.1277,0.0839,0
28.56,-0.2107,-0.2346,0.9498,0.8259,0.0031,0.5373,0.1298,0.1268,0.0759,0
28.58,-0.3901,0.5854,0.7525,0.8263,0.007,0.5295,0.1256,0.1256,0.0726,0
28.6,-0.4825,-0.0601,0.2181,0.8296,0.0071,0.5289,0.1249,0.1274,0.0675,0
28.62,-0.655,-0.3955,0.1717,0.8163,0.0081,0.5473,0.1363,0.1289,0.0789,0
28.64,-1.0636,-0.5727,0.581,0.8361,0.0102,0.5392,0.1427,0.1268,0.0774,0
28.66,-1.0381,0.2752,0.7827,0.8516,0.0065,0.5203,0.1418,0.1243,0.0773,0
28.68,-0.4427,1.0955,0.7794,0.8478,0.0033,0.511,0.1312,0.1278,0.0956,0
28.7,-0.1693,1.0124,0.8777,0.8407,0.0068,0.5099,0.1308,0.1301,0.0974,0
28.72,-0.2013,0.2588,0.6159,0.8227,0.0022,0.5142,0.1282,0.1291,0.087,0
28.74,-0.1798,0.3089,0.3271,0.8344,-0.0068,0.5299,0.1272,0.1281,0.091,0
28.76,0.0718,0.8846,0.4645,0.8299,-0.0051,0.5166,0.1244,0.1276,0.0878,0
28.78,0.1084,0.5799,0.3407,0.8192,-0.0029,0.4975,0.1159,0.1276,0.0913,0
28.8,-0.0823,-0.0256,-0.1302,0.8414,-0.0006,0.5276,0.1168,0.13,0.0756,0
28.82,-0.2481,-0.331,0.0049,0.8435,0.0,0.5502,0.1143,0.1297,0.0767,0
28.84,-0.4907,0.2595,0.2079,0.8382,0.004,0.5517,0.1229,0.1295,0.0914,0
28.86,-0.6288,0.9264,0.2329,0.8304,0.0039,0.5553,0.1296,0.1297,0.0859,0
28.88,-0.5539,1.1412,0.1582,0.8378,0.0029,0.543,0.1259,0.1275,0.0915,0
28.9,-0.5442,1.705,0.0758,0.851,0.0018,0.5271,0.1255,0.128,0.0924,0
28.92,-0.7876,1.5049,-0.0531,0.8363,0.007,0.5119,0.1259,0.1295,0.0839,0
28.94,-1.0467,1.459,-0.3327,0.8168,0.0126,0.4789,0.1258,0.1272,0.0916,0
28.96,-0.6504,0.8457,-0.5387,0.8323,-0.0001,0.4673,0.1248,0.1271,0.0876,0
28.98,0.1704,0.7856,-0.5604,0.8439,-0.0072,0.5132,0.123,0.1268,0.082,0
29.0,0.1022,1.3433,-0.5334,0.8446,-0.0033,0.5446,0.1231,0.126,0.0836,0
29.02,0.0541,0.3364,-0.3788,0.8299,-0.0052,0.5136,0.1173,0.1268,0.0817,0
29.04,0.6538,-0.1614,-0.1134,0.8256,0.0005,0.5142,0.1193,0.1274,0.096,0
29.06,0.6375,-0.1461,0.0336,0.8217,0.0086,0.5292,0.1227,0.1284,0.1003,0
29.08,0.3164,-0.5618,0.2506,0.8176,0.0058,0.5414,0.1219,0.128,0.0889,0
29.1,0.3882,-0.1866,0.3369,0.8391,0.0042,0.5423,0.1262,0.1267,0.078,0
29.12,0.0131,1.0247,0.1797,0.8401,0.0139,0.5188,0.1281,0.127,0.0743,0
29.14,-0.2219,0.038,0.2103,0.8334,0.0111,0.5163,0.1243,0.1271,0.0847,0
29.16,-0.2723,-0.9986,0.2282,0.8431,0.0111,0.5405,0.1182,0.1279,0.0947,0
29.18,-1.0444,0.9053,0.215,0.843,0.0201,0.5293,0.1175,0.1291,0.0968,0
29.2,-1.1636,2.2358,0.2192,0.8275,0.0221,0.521,0.1188,0.1283,0.079,0
29.22,-0.846,2.0711,0.4769,0.8267,0.0116,0.5348,0.1213,0.1265,0.0907,0
29.24,-1.1537,1.4135,0.6552,0.8436,0.0015,0.5566,0.1287,0.1264,0.1106,0
29.26,-1.1342,1.7163,0.5445,0.8275,-0.0008,0.5268,0.1241,0.1257,0.0952,0
29.28,-0.6388,0.669,0.4049,0.8091,0.0039,0.5047,0.1189,0.1271,0.0987,0
29.3,-0.1478,-0.1806,0.2858,0.8148,0.0044,0.5339,0.1252,0.1277,0.0939,0
29.32,-0.0698,0.7378,-0.0147,0.8142,-0.0008,0.5374,0.1218,0.125,0.0919,0
29.34,0.0284,0.4526,-0.0456,0.8139,-0.0013,0.5087,0.1206,0.1254,0.0996,0
29.36,0.4751,0.0272,0.044,0.815,0.0056,0.5121,0.1189,0.1265,0.1042,0
29.38,0.8992,-0.8526,0.4786,0.8315,0.0035,0.51,0.1223,0.1284,0.084,0
29.4,1.3614,-2.0437,1.0724,0.8238,0.0099,0.5148,0.1274,0.1289,0.0906,0
29.42,1.768,-2.5366,1.1482,0.8578,0.0155,0.5005,0.1213,0.1284,0.0882,0
29.44,0.5798,-2.1171,1.0783,0.8391,0.0096,0.5207,0.1195,0.1259,0.0832,0
29.46,-0.6176,-0.8945,0.6528,0.818,0.0095,0.5018,0.1252,0.1247,0.0717,0
29.48,-0.9998,-1.5089,0.4734,0.8319,0.0146,0.5207,0.1211,0.1245,0.0795,0
29.5,-1.1718,-0.6284,0.2478,0.8467,0.0025,0.4685,0.1227,0.1247,0.0837,0
29.52,-1.0663,1.1018,0.167,0.8359,0.0013,0.5137,0.1303,0.1287,0.0706,0
29.54,-1.5551,1.3906,-0.0558,0.8154,0.0073,0.5196,0.129,0.1276,0.0849,0
29.56,-1.3182,-0.0172,-0.0467,0.8114,0.0067,0.55,0.1294,0.1302,0.0825,0
29.58,-1.3451,-0.4926,0.1942,0.829,0.001,0.5748,0.1299,0.1292,0.084,0
29.6,-1.2017,0.0226,0.0016,0.833,0.0043,0.5313,0.1216,0.1294,0.0859,0
29.62,-0.8995,-0.9884,0.2294,0.8465,0.0172,0.5749,0.126,0.128,0.0941,0
29.64,-0.9868,0.2123,0.1809,0.8469,0.0024,0.5258,0.1225,0.1268,0.1069,0
29.66,-1.3459,1.0853,0.5204,0.8531,0.0037,0.5204,0.12,0.1268,0.0751,0
29.68,-0.509,-1.7492,0.6039,0.8252,0.0041,0.5428,0.1184,0.1265,0.0838,0
29.7,-0.9915,-0.5,1.0154,0.8408,-0.0045,0.5211,0.1323,0.1272,0.0958,0
29.72,-0.5791,0.2924,0.3379,0.8476,0.0006,0.5398,0.1236,0.1288,0.0978,0
29.74,-0.5124,-0.135,-0.1203,0.8264,0.0045,0.5645,0.1272,0.1272,0.0928,0
29.76,-0.0684,-0.0177,0.142,0.8335,0.0002,0.5456,0.1225,0.1273,0.0931,0
29.78,-0.124,-0.1762,-0.188,0.8507,0.0011,0.5372,0.1185,0.1278,0.1117,0
29.8,0.0206,-0.3043,-0.0958,0.8225,0.0048,0.514,0.1218,0.1279,0.0978,0
29.82,-0.1341,0.1597,-0.1784,0.8337,0.0036,0.5406,0.1216,0.1255,0.092,0
29.84,0.0612,0.2714,0.2694,0.8475,0.007,0.5463,0.1167,0.1269,0.0911,0
29.86,0.1178,-0.3549,0.065,0.8196,0.0175,0.5101,0.1152,0.1264,0.0693,0
29.88,0.1507,-0.6717,0.5287,0.8403,0.0212,0.5292,0.1221,0.126,0.0715,0
29.9,-0.2905,1.4468,0.3384,0.8322,0.0127,0.5451,0.1354,0.1247,0.0799,0
29.92,-0.1722,1.5912,0.6883,0.8313,0.0141,0.5268,0.1289,0.1266,0.0906,0
29.94,-0.4063,0.9978,1.0133,0.815,0.0046,0.502,0.1224,0.1288,0.0847,0
29.96,-0.6241,0.2363,0.7054,0.8147,-0.0051,0.5384,0.1313,0.1284,0.096,0
29.98,-0.3446,-0.4798,0.3754,0.8224,-0.0021,0.5698,0.1203,0.1262,0.0791,0
30.0,-0.4286,-0.1051,0.4037,0.8406,0.0049,0.5515,0.1249,0.1244,0.0652,0
30.02,-0.632,1.1067,0.5995,0.8428,0.0033,0.5091,0.126,0.1256,0.0784,0
30.04,-0.364,1.2362,0.6104,0.8253,0.0005,0.5212,0.1225,0.1281,0.0813,0
30.06,-0.2269,0.2379,0.5211,0.8259,-0.0029,0.5402,0.1232,0.1284,0.0761,0
30.08,-0.2764,-0.6537,0.4508,0.8389,0.004,0.5197,0.1246,0.1267,0.0926,0
30.1,-0.2168,-0.6498,0.2918,0.8361,0.008,0.4898,0.1199,0.1265,0.1055,0
30.12,-0.1947,-0.3614,0.4221,0.8234,0.0037,0.5041,0.1226,0.1266,0.099,0
30.14,-0.3829,-0.2272,0.5088,0.8236,0.0064,0.5419,0.1342,0.1259,0.0966,0
30.16,-0.6535,0.1061,0.1145,0.8369,0.0061,0.5185,0.1247,0.1252,0.0894,0
30.18,-0.5814,-0.0112,0.3057,0.8382,0.0076,0.5015,0.1178,0.1244,0.0737,0
30.2,-0.5517,-0.2554,0.6138,0.8325,0.0037,0.5319,0.1217,0.1258,0.0745,0
30.22,-0.5192,-0.9813,0.4768,0.8391,0.0051,0.5248,0.1121,0.1249,0.0947,0
30.24,-0.3746,-1.0587,0.27,0.8441,0.009,0.5198,0.1146,0.1254,0.1092,0
30.26,-0.8724,-0.8562,0.1472,0.8456,0.0037,0.5589,0.1175,0.1274,0.0912,0
30.28,-0.4147,0.3609,-0.0689,0.8331,-0.0015,0.5341,0.1123,0.1274,0.0745,0
30.3,-0.1147,0.2968,0.5316,0.8259,-0.0002,0.4913,0.1208,0.1288,0.0892,0
30.32,-0.1602,-0.5906,0.6684,0.8414,-0.0039,0.516,0.1265,0.1274,0.1021,0
30.34,0.5218,0.0087,0.3672,0.8133,0.0004,0.5451,0.1139,0.1298,0.0759,0
30.36,-0.3679,-0.7012,0.4816,0.845,-0.007,0.5042,0.1213,0.1267,0.109,0
30.38,-0.3868,0.1249,0.3057,0.8187,0.0032,0.5041,0.1141,0.1273,0.0827,0
30.4,-0.303,0.9173,-0.0403,0.8141,0.0011,0.5516,0.1236,0.1264,0.092,0
30.42,0.1536,0.3868,0.0255,0.8261,0.007,0.5133,0.12,0.1278,0.0785,0
30.44,-0.6475,0.7222,-0.1923,0.834,0.001,0.5281,0.1264,0.1275,0.094,0
30.46,-0.6539,0.1846,-0.1952,0.8415,0.0023,0.526,0.1359,0.1264,0.0792,0
30.48,-0.7487,0.5801,-0.1743,0.8459,0.0009,0.5059,0.1277,0.1268,0.0759,0
30.5,-0.7294,-0.7196,0.15,0.8265,0.0036,0.5016,0.124,0.1283,0.0846,0
30.52,-0.5364,-0.9971,0.3805,0.8298,0.005,0.5026,0.1215,0.1279,0.0796,0
30.54,-0.2296,0.0083,0.4517,0.8427,0.0091,0.5269,0.1257,0.1271,0.0762,0
30.56,-0.2099,-0.2065,0.4029,0.8416,0.0088,0.5229,0.1261,0.126,0.0851,0
30.58,-0.2884,-0.9039,0.0072,0.8301,0.0011,0.483,0.1228,0.126,0.0908,0
30.6,-0.2349,-0.4871,-0.0764,0.8306,0.0026,0.4845,0.12,0.1263,0.0954,0
30.62,-0.0779,-0.0038,0.2202,0.8459,0.01,0.4954,0.1159,0.1255,0.0904,0
30.64,0.2374,0.1856,0.3866,0.8529,0.0063,0.5014,0.1164,0.1265,0.0797,0
30.66,0.1735,0.8537,0.5535,0.8407,0.0039,0.5414,0.1225,0.1273,0.0937,0
30.68,-0.3984,0.443,0.2008,0.8177,0.0115,0.5059,0.1276,0.1255,0.0964,0
30.7,-0.1105,-1.0971,-0.0041,0.8129,0.0124,0.5128,0.1285,0.1271,0.0805,0
30.72,0.0078,-1.4608,0.0385,0.8249,0.0019,0.5683,0.1173,0.1276,0.0822,0
30.74,-0.4237,0.1439,0.1179,0.845,0.0057,0.5213,0.1164,0.1291,0.0897,0
30.76,-0.4158,-0.5766,0.2687,0.8515,0.006,0.5262,0.1259,0.1271,0.1038,0
30.78,-0.3809,0.2598,0.3913,0.8323,-0.0033,0.5211,0.13,0.1283,0.1124,0
30.8,-0.9247,-0.1008,0.1894,0.8512,0.0076,0.5224,0.1289,0.1291,0.0917,0
30.82,-0.4153,0.2703,0.1178,0.7992,-0.0008,0.4952,0.1283,0.126,0.0768,0
30.84,-0.1733,0.6509,0.2043,0.8087,0.0052,0.5224,0.1246,0.1269,0.0916,0
30.86,-0.0757,-0.3293,0.2338,0.8251,0.0052,0.5031,0.1295,0.128,0.086,0
30.88,0.2499,-0.7095,0.2701,0.8413,0.0058,0.5639,0.1247,0.1254,0.0904,0
30.9,-0.0562,-0.0845,0.3228,0.8292,0.0142,0.4998,0.1222,0.1272,0.0874,0
30.92,-0.2554,0.7547,0.1378,0.8219,0.0138,0.4986,0.1228,0.127,0.0866,0
30.94,-0.2003,1.4566,-0.0027,0.8287,0.0049,0.5352,0.1247,0.1262,0.0797,0
30.96,-0.2896,0.5944,0.249,0.824,0.0036,0.5295,0.1238,0.1263,0.0803,0
30.98,-0.0884,-0.6242,0.4089,0.8272,0.0062,0.517,0.1224,0.1274,0.0909,0
31.0,-0.0722,-0.6526,0.5867,0.8476,0.0043,0.5298,0.1221,0.1277,0.0917,0
31.02,-0.5026,-0.7559,0.8196,0.8535,0.0041,0.5222,0.124,0.1276,0.087,0
31.04,-0.4489,-0.9929,0.6706,0.8465,0.0062,0.5056,0.1257,0.1276,0.0939,0
31.06,-0.3535,0.5815,0.6527,0.8433,0.0047,0.5334,0.1225,0.1243,0.096,0
31.08,-0.4339,1.9107,0.3123,0.8263,0.0075,0.4987,0.1314,0.1253,0.0853,0
31.1,-0.8432,0.8077,0.2561,0.8407,0.0021,0.516,0.1197,0.1267,0.0926,0
31.12,-0.8328,-0.6988,-0.0231,0.8432,-0.0016,0.5127,0.1216,0.1273,0.0938,0
31.14,-0.6671,-0.2584,-0.3146,0.8252,0.0022,0.484,0.1298,0.1274,0.0974,0
31.16,-1.2122,-1.6086,0.0887,0.8287,0.0088,0.5422,0.1244,0.1264,0.089,0
31.18,-0.8719,-0.8549,-0.0411,0.8294,0.0027,0.4594,0.1117,0.1244,0.087,0
31.2,-1.1295,0.5287,0.1673,0.833,0.0038,0.5179,0.1183,0.1253,0.0935,0
31.22,-0.9998,1.0584,0.1298,0.8131,0.0089,0.5348,0.1158,0.1247,0.0725,0
31.24,-0.6417,-0.2428,-0.061,0.8265,0.0032,0.5103,0.1255,0.1254,0.092,0
31.26,-0.5273,-0.2687,-0.2184,0.8425,-0.004,0.5189,0.1327,0.1239,0.0917,0
31.28,-0.2723,0.0038,-0.2017,0.8197,-0.0018,0.5458,0.131,0.1253,0.0874,0
31.3,0.0798,-0.644,0.0159,0.8216,0.0036,0.5533,0.1264,0.1262,0.0933,0
31.32,0.0847,-1.6678,0.1652,0.8355,0.0023,0.5167,0.1208,0.1249,0.0971,0
31.34,-0.2475,-1.4005,0.2662,0.8443,0.004,0.4912,0.1121,0.1255,0.093,0
31.36,-0.2123,-0.2177,0.2654,0.8568,0.0107,0.5157,0.1091,0.1266,0.0855,0
31.38,0.3575,-0.0618,0.1038,0.8407,0.0077,0.5127,0.1161,0.1254,0.0771,0
31.4,0.2526,0.4198,0.5295,0.8546,0.0094,0.4741,0.1165,0.1254,0.0689,0
31.42,-0.2645,-0.2525,0.2691,0.8531,0.0057,0.4612,0.1251,0.1234,0.0745,0
31.44,0.0221,-2.2918,0.4447,0.835,0.0104,0.4879,0.12,0.1243,0.0563,0
31.46,-0.2474,-0.5604,-0.2226,0.8425,0.0082,0.4873,0.1178,0.1259,0.0984,0
31.48,-0.6728,-0.9704,-0.2298,0.8262,0.0073,0.5143,0.1255,0.127,0.0843,0
31.5,-0.6763,-1.2687,-0.1878,0.8442,0.0061,0.5312,0.1249,0.1279,0.0973,0
31.52,-0.1201,-0.9574,0.4466,0.8376,0.0109,0.4882,0.1209,0.1285,0.0862,0
31.54,-0.468,-1.3552,0.8015,0.8516,0.0031,0.489,0.1207,0.1269,0.0997,0
31.56,-0.0712,-1.9586,0.6943,0.8586,0.0021,0.526,0.1195,0.125,0.0971,0
31.58,0.1531,-1.9632,0.6534,0.8516,0.006,0.513,0.1199,0.1253,0.0998,0
31.6,-0.041,-1.8569,0.7689,0.8359,0.0034,0.4888,0.124,0.1257,0.1044,0
31.62,-0.0337,-2.0364,0.86,0.8212,0.0005,0.5086,0.1235,0.1252,0.1067,0
31.64,0.1752,-2.6462,0.9389,0.8313,0.002,0.528,0.1187,0.1251,0.1031,0
31.66,0.1563,-2.7639,0.9049,0.8565,0.0007,0.5247,0.1201,0.1259,0.0846,0
31.68,-0.0339,-1.3171,0.7691,0.847,0.0016,0.5339,0.1219,0.1263,0.0749,0
31.7,-0.0878,-1.4346,1.329,0.8334,0.0119,0.4745,0.1152,0.1258,0.0902,0
31.72,-0.5457,-2.0707,1.3771,0.8348,0.0136,0.4862,0.119,0.1278,0.0874,0
31.74,-0.4527,-3.1313,1.6007,0.8229,0.021,0.4769,0.1146,0.1256,0.0941,0
31.76,-1.4853,-2.2397,2.0211,0.8516,0.0071,0.4918,0.1084,0.1253,0.0992,0
31.78,-1.4463,-0.4233,1.2958,0.8533,-0.0035,0.5132,0.083,0.1264,0.0967,0
31.8,-1.4518,-0.4054,1.2011,0.8462,0.0061,0.5304,0.0929,0.1257,0.0857,0
31.82,-0.727,-0.5594,1.5575,0.8356,0.0008,0.4871,0.0838,0.1269,0.074,0
31.84,-0.5056,-0.0892,1.5399,0.8361,0.0012,0.5075,0.0805,0.1264,0.0803,0
31.86,-0.348,-0.3991,1.3084,0.8387,-0.004,0.5,0.0804,0.1261,0.0946,0
31.88,-0.1964,-1.2401,1.2229,0.8517,-0.0107,0.498,0.0835,0.1266,0.0945,0
31.9,-0.2953,-1.1396,1.066,0.8407,-0.0099,0.5164,0.0862,0.1259,0.0897,0
31.92,-0.3773,-0.5807,0.7344,0.8123,-0.008,0.5037,0.0837,0.1246,0.0993,0
31.94,-0.2022,-0.9274,0.5914,0.8391,-0.0084,0.4966,0.0806,0.125,0.1048,0
31.96,-0.0546,-0.768,0.5184,0.864,-0.0066,0.5032,0.0734,0.1255,0.0921,0
31.98,-0.439,-0.0867,0.5474,0.8462,-0.0072,0.5144,0.0914,0.1269,0.1201,0
32.0,-0.5799,0.2956,1.5351,0.8245,-0.0031,0.5022,0.0887,0.1266,0.0945,0
32.02,-0.8488,-0.1967,2.5189,0.8291,-0.0031,0.4933,0.0755,0.1261,0.0928,0
32.04,-1.1033,0.2658,1.9467,0.8339,-0.0009,0.5034,0.0941,0.127,0.1041,0
32.06,-0.9111,1.2164,1.2288,0.8266,-0.0019,0.4965,0.081,0.1241,0.1028,0
32.08,-0.4351,0.6074,1.6676,0.8508,-0.0047,0.506,0.0839,0.1252,0.0973,0
32.1,-0.0962,0.3449,1.8417,0.8557,-0.0131,0.5292,0.0888,0.1279,0.1021,0
32.12,-0.3168,0.8877,1.5994,0.8556,-0.0173,0.5199,0.081,0.1261,0.1059,0
32.14,-0.448,1.8288,0.994,0.8531,-0.0122,0.5129,0.0843,0.125,0.1046,0
32.16,-0.0518,1.9634,0.1308,0.8466,-0.0054,0.518,0.0963,0.128,0.1016,0
32.18,0.4524,0.6465,-0.1416,0.8494,-0.0061,0.5018,0.094,0.1281,0.0988,0
32.2,0.6785,-0.4341,0.5401,0.8484,-0.0133,0.5068,0.0994,0.1251,0.1005,0
32.22,-0.0268,-0.5452,0.4624,0.8489,-0.0108,0.5113,0.1052,0.1259,0.0975,0
32.24,0.5506,1.9316,-0.3189,0.8307,0.0009,0.4851,0.109,0.1275,0.084,0
32.26,0.8793,3.0919,-0.127,0.833,0.0062,0.5058,0.097,0.1256,0.1004,0
32.28,1.2829,2.374,0.1343,0.824,0.001,0.5225,0.1052,0.1275,0.0891,0
32.3,1.1004,2.3704,0.1676,0.8252,0.0025,0.4989,0.0989,0.1276,0.0964,0
32.32,0.7384,1.7792,0.189,0.8233,0.0015,0.5204,0.0839,0.1273,0.1088,0
32.34,0.5854,1.6732,0.302,0.8395,-0.0021,0.5119,0.0847,0.1275,0.1058,0
32.36,0.5656,1.957,0.4156,0.8488,-0.0009,0.4996,0.0913,0.1276,0.0921,0
32.38,0.518,1.7579,0.2931,0.8427,-0.0006,0.5175,0.0871,0.1279,0.0883,0
32.4,0.5002,1.2678,0.2214,0.8393,-0.003,0.5155,0.077,0.1271,0.0981,0
32.42,0.7395,1.043,0.3835,0.8443,0.0003,0.482,0.0712,0.1248,0.1014,0
32.44,1.0874,0.3977,-0.1932,0.8502,0.0036,0.5189,0.0649,0.1268,0.0901,0
32.46,0.1846,0.5034,-0.7474,0.8539,0.0059,0.515,0.0774,0.1276,0.0935,0
32.48,-0.862,1.9184,-0.5968,0.8458,-0.0004,0.5215,0.0823,0.1258,0.1056,0
32.5,-1.6789,2.3399,-0.4732,0.8305,-0.0,0.4824,0.0774,0.1274,0.1003,0
32.52,-1.7806,1.4726,-0.6306,0.8452,-0.0138,0.4884,0.0792,0.1265,0.0944,0
32.54,-1.5649,0.3441,-0.8512,0.8551,-0.0141,0.4893,0.0858,0.126,0.0782,0
32.56,-1.5528,0.0837,-0.6885,0.8455,-0.0074,0.5215,0.0796,0.1275,0.0848,0
32.58,-1.8863,0.9113,-0.3276,0.85,0.0021,0.5295,0.0764,0.1282,0.0945,0
32.6,-2.2568,2.724,-0.307,0.8588,0.0046,0.5294,0.0766,0.1277,0.1031,0
32.62,-2.0429,3.1357,-0.5725,0.8438,-0.0005,0.5247,0.0765,0.1274,0.1074,0
32.64,-1.2763,1.0925,-0.5414,0.8278,-0.0058,0.497,0.0779,0.1272,0.0999,0
32.66,-1.059,1.2779,-0.113,0.8548,-0.0167,0.5228,0.067,0.1271,0.1079,0
32.68,-0.8297,1.2855,0.5057,0.8766,-0.0178,0.4857,0.0569,0.1292,0.1109,0
32.7,0.629,-2.1829,0.2946,0.859,-0.0129,0.542,0.0614,0.1265,0.0942,0
32.72,0.7639,-2.7619,-0.1296,0.8441,-0.0122,0.4894,0.0736,0.1244,0.0804,0
32.74,1.1614,-1.961,-0.0577,0.8267,0.0002,0.4742,0.0683,0.1301,0.103,0
32.76,1.2987,-2.6432,-0.1161,0.8593,0.0016,0.4557,0.0592,0.1302,0.1021,0
32.78,1.0659,-2.1418,-0.4965,0.8701,0.0037,0.4665,0.0373,0.1308,0.1004,0
32.8,0.9672,-0.1854,-0.4485,0.8689,0.0096,0.4462,0.0253,0.1322,0.0993,0
32.82,1.1872,1.612,-0.0482,0.8781,0.0113,0.434,0.031,0.1327,0.096,0
32.84,1.3864,2.4175,0.3341,0.8711,0.0092,0.4721,0.0342,0.1338,0.086,0
32.86,0.9359,2.0477,0.7578,0.8374,0.0121,0.4647,0.0259,0.1358,0.0679,0
32.88,-0.7808,-0.4932,0.3248,0.8533,0.0152,0.4096,0.0264,0.1351,0.0826,0
32.9,-1.6339,-0.4515,0.326,0.8763,0.015,0.4362,0.0222,0.1378,0.0985,0
32.92,-2.6038,0.403,0.2135,0.8858,0.0124,0.4791,0.0311,0.1373,0.0776,0
32.94,-2.92,1.8846,0.1962,0.8953,0.0159,0.4043,0.0277,0.1376,0.0844,0
32.96,-3.6295,2.8498,0.2383,0.9145,0.0146,0.3459,0.0297,0.1388,0.0813,0
32.98,-3.5544,3.4256,0.3501,0.9154,0.0115,0.3118,0.0238,0.1412,0.0893,0
33.0,-3.1446,3.5779,0.2398,0.9208,0.0112,0.3258,0.0232,0.1423,0.0941,0
33.02,-2.2889,2.1482,0.4005,0.9195,0.0101,0.347,0.0259,0.1416,0.0932,0
33.04,-1.3287,0.3198,0.9622,0.908,0.0099,0.3299,0.0244,0.1412,0.0857,0
33.06,-1.1714,0.3999,1.0486,0.9212,0.0131,0.308,0.0253,0.1417,0.0716,0
33.08,-0.147,-0.8245,0.5749,0.9464,-0.0009,0.3277,0.0273,0.1431,0.0894,0
33.1,2.1529,-1.3365,0.3711,0.9711,0.0023,0.3367,0.0298,0.1454,0.0845,0
33.12,1.8771,0.1008,0.7362,0.9338,0.0205,0.3564,0.0221,0.1441,0.086,0
33.14,2.0382,0.7946,0.7894,0.9411,0.0141,0.3358,0.0291,0.1451,0.0841,0
33.16,1.3882,-0.8512,0.8791,0.9519,0.0155,0.3098,0.0277,0.1449,0.0747,0
33.18,0.4735,-0.641,0.3111,0.9392,0.0321,0.3147,0.0266,0.1455,0.0809,0
33.2,-0.0973,0.5892,-0.508,0.9374,0.0336,0.3026,0.0306,0.1467,0.0855,0
33.22,-0.5411,1.4306,-0.7779,0.949,0.0178,0.2882,0.0332,0.1477,0.0773,0
33.24,-1.1041,2.291,-0.6737,0.9507,0.0138,0.282,0.0306,0.1476,0.0721,0
33.26,-1.3388,3.9682,-1.0179,0.946,0.0307,0.2545,0.0277,0.1456,0.0845,0
33.28,-1.1388,6.4769,-1.0654,0.9426,0.0278,0.3443,0.0214,0.1461,0.0901,0
33.3,-1.2389,5.9487,-1.776,0.9449,0.02,0.2675,0.0244,0.1455,0.0708,0
33.32,-0.7352,4.1316,-1.4782,0.9475,0.0224,0.303,0.0269,0.1449,0.0762,0
33.34,-0.3392,-0.0593,-0.8737,0.94,0.0231,0.2682,0.027,0.1452,0.0692,0
33.36,0.1109,1.6922,-0.733,0.9306,0.031,0.2437,0.0337,0.147,0.0735,0
33.38,0.5717,2.744,-0.5081,0.9505,0.0301,0.2476,0.0306,0.146,0.0773,0
33.4,0.6817,1.8069,-0.3798,0.9591,0.0256,0.2453,0.0277,0.1456,0.075,0
33.42,0.4881,1.4175,-0.3206,0.9388,0.0318,0.2565,0.0317,0.1469,0.0689,0
33.44,0.4007,1.151,-0.0255,0.9267,0.0417,0.3099,0.0324,0.1455,0.0657,0
33.46,0.3403,-0.9894,-0.1551,0.9248,0.0311,0.3087,0.0309,0.1433,0.0777,0
33.48,0.1607,0.5238,-0.0519,0.9397,0.0475,0.2608,0.0229,0.1474,0.0819,0
33.5,0.4894,2.1465,0.25,0.9268,0.041,0.2984,0.021,0.1457,0.0842,0
33.52,-0.041,3.0926,-0.1291,0.9518,0.037,0.2952,0.031,0.1466,0.0667,0
33.54,-0.249,3.4515,-0.2712,0.9401,0.041,0.2577,0.0339,0.1459,0.0694,0
33.56,-0.0387,2.4525,-0.5621,0.9305,0.0462,0.2825,0.0258,0.1458,0.0695,0
33.58,0.0285,0.4016,-0.5517,0.9298,0.0453,0.3099,0.028,0.1461,0.0622,0
33.6,0.0481,-0.6579,-0.2,0.936,0.0403,0.2876,0.0329,0.1461,0.051,0
33.62,0.38,0.068,-0.0768,0.9436,0.0357,0.2713,0.0236,0.1464,0.0471,0
33.64,0.4353,-0.0921,-0.183,0.9273,0.0293,0.3167,0.0266,0.147,0.069,0
33.66,0.0913,0.2431,-0.1777,0.9322,0.0391,0.2849,0.0283,0.1481,0.061,0
33.68,0.1866,0.1577,0.1229,0.9275,0.0411,0.2955,0.0352,0.1485,0.0695,0
33.7,0.3702,1.8575,0.1451,0.9223,0.0424,0.2343,0.0261,0.1465,0.0655,0
33.72,0.2049,2.0559,0.1316,0.9282,0.0416,0.2207,0.0291,0.1487,0.0848,0
33.74,0.1034,1.5847,0.092,0.9322,0.033,0.2548,0.0249,0.1467,0.0845,0
33.76,0.0093,1.7717,0.1151,0.9257,0.0359,0.3138,0.0222,0.1459,0.0664,0
33.78,-0.0629,2.5907,0.2693,0.9247,0.0422,0.3407,0.0279,0.148,0.0639,0
33.8,0.077,2.7025,0.4298,0.9422,0.0332,0.3014,0.0319,0.1476,0.0843,0
33.82,0.2171,1.2108,0.3473,0.9479,0.0407,0.2696,0.0302,0.1478,0.0821,0
33.84,0.0751,0.7037,0.3671,0.9243,0.0415,0.2954,0.0293,0.1475,0.0495,0
33.86,-0.2207,1.0493,0.1628,0.9221,0.0307,0.3072,0.0285,0.1462,0.0407,0
33.88,-0.4538,1.1059,0.7848,0.9373,0.0386,0.3227,0.0259,0.1477,0.0427,0
33.9,-0.6266,2.1364,0.9286,0.9328,0.0395,0.3022,0.0189,0.1468,0.071,0
33.92,-0.4494,1.264,0.4338,0.9313,0.0385,0.3092,0.0182,0.1468,0.0752,0
33.94,-0.3486,-0.3582,0.2083,0.9465,0.0434,0.3105,0.0246,0.1472,0.0698,0
33.96,-0.2543,-0.3797,0.4879,0.9533,0.0461,0.2804,0.031,0.146,0.0763,0
33.98,0.3736,0.6649,0.5029,0.932,0.0357,0.2718,0.033,0.1451,0.0769,0
34.0,0.3483,0.6844,0.4978,0.9486,0.0352,0.2828,0.0332,0.1487,0.0815,0
34.02,0.5267,1.1224,0.4462,0.9392,0.042,0.2635,0.0457,0.1463,0.0832,0
34.04,0.3373,0.2493,0.103,0.9539,0.028,0.2801,0.0274,0.1463,0.0845,0
34.06,-0.2096,-0.4843,0.3407,0.9321,0.0286,0.2519,0.0242,0.1469,0.083,0
34.08,-0.3014,-0.2653,0.4062,0.9106,0.0374,0.2324,0.0273,0.1468,0.0742,0
34.1,-0.2205,-0.7089,0.5959,0.9122,0.0356,0.2578,0.0298,0.1462,0.0697,0
34.12,-0.4915,-0.7954,0.9501,0.9296,0.0307,0.2916,0.0333,0.1453,0.0749,0
34.14,-0.9383,0.9555,0.9208,0.9404,0.0393,0.2971,0.0352,0.1454,0.0808,0
34.16,-0.7835,1.8036,0.2821,0.9326,0.047,0.3164,0.0236,0.1484,0.0737,0
34.18,-1.0643,1.5078,0.219,0.9202,0.0373,0.3019,0.0235,0.1471,0.0522,0
34.2,-0.9484,2.2463,0.3009,0.9302,0.0448,0.3026,0.0304,0.1461,0.0618,0
34.22,-0.5839,0.9972,0.7694,0.9353,0.0337,0.339,0.0289,0.1469,0.0683,0
34.24,-0.496,-0.0761,0.9827,0.9444,0.0309,0.3224,0.0337,0.1476,0.067,0
34.26,-0.8851,-0.4444,1.1753,0.9388,0.0397,0.2822,0.0387,0.1469,0.0716,0
34.28,-1.047,-0.5908,1.1979,0.9305,0.0406,0.2949,0.0388,0.1468,0.0787,0
34.3,-0.9657,-0.9373,0.6654,0.9294,0.0292,0.3309,0.0349,0.1476,0.0835,0
34.32,-1.7199,-1.1721,-0.2706,0.9172,0.032,0.2736,0.031,0.1462,0.0896,0
34.34,-1.7751,-0.6231,-0.4935,0.9191,0.0498,0.3022,0.0345,0.1466,0.0617,0
34.36,-1.207,-0.8984,0.2652,0.9607,0.0268,0.3045,0.0318,0.1476,0.0549,0
34.38,-1.911,0.6391,-0.0318,0.9458,0.0328,0.3131,0.0363,0.1472,0.0148,0
34.4,-2.1631,2.0989,-0.0527,0.9284,0.039,0.297,0.0362,0.1459,0.0,0
34.42,-1.6155,0.638,0.0217,0.9394,0.0301,0.2899,0.029,0.1458,0.0,0
34.44,-1.008,-1.6595,0.0446,0.9493,0.0184,0.2869,0.035,0.147,0.0,0
34.46,-0.8834,-2.3952,0.0174,0.9362,0.0198,0.2784,0.0563,0.1483,0.0,0
34.48,-0.8011,-3.1206,0.0057,0.9325,0.0296,0.2839,0.0619,0.1486,0.0,0
34.5,-0.0998,-6.1618,0.568,0.9647,0.0275,0.2996,0.0512,0.1464,0.0,0
34.52,-0.4949,-8.4177,2.6689,0.9057,0.0349,0.3088,0.0687,0.1471,0.006,0
34.54,-1.5418,-7.0626,0.9051,0.8978,0.0434,0.3188,0.0676,0.1492,0.0,0
34.56,-2.4993,-6.6543,-0.0063,0.9258,0.0365,0.2794,0.0811,0.1477,0.0,0
34.58,-2.9158,-7.1302,-0.2087,0.9507,0.0311,0.2413,0.0844,0.1455,0.0,0
34.6,-2.8548,-6.2814,-0.8053,0.9659,0.0327,0.2415,0.077,0.1454,0.0,0
34.62,-2.6215,-4.2381,-1.6563,0.9763,0.0317,0.2784,0.0729,0.1475,0.0,0
34.64,-2.4829,-3.5239,-1.6625,0.9686,0.0223,0.3146,0.0741,0.1492,0.0,0
34.66,-2.7386,0.0356,-2.4317,0.9192,0.0321,0.273,0.0717,0.1465,0.0,0
34.68,-1.3468,-0.6408,-2.2456,0.9309,0.0379,0.2501,0.0767,0.1498,0.0,0
34.7,-0.9385,-3.6622,-1.627,0.9425,0.031,0.2816,0.0741,0.1451,0.0,0
34.72,-1.1102,-4.6277,-1.6209,0.957,0.036,0.2838,0.075,0.1451,0.0,0
34.74,-1.1379,-3.2866,-1.5663,0.9488,0.0403,0.2833,0.0739,0.1456,0.0,0
34.76,-0.5392,-1.9755,-0.9153,0.9336,0.043,0.2806,0.0746,0.1439,0.0,0
34.78,0.4739,-1.436,-0.086,0.9353,0.0497,0.2606,0.0783,0.1425,0.0,0
34.8,1.046,0.6648,-0.1397,0.9374,0.0517,0.2441,0.0735,0.1435,0.0,0
34.82,0.8927,0.1687,-0.5344,0.9293,0.0321,0.2648,0.0741,0.1433,0.0015,0
34.84,0.9506,-0.3845,-0.4678,0.9262,0.0391,0.259,0.0809,0.1436,0.0,0
34.86,1.0264,-0.7472,0.3817,0.9216,0.0479,0.2595,0.0829,0.1434,0.0033,0
34.88,0.903,0.5181,0.8205,0.9331,0.0447,0.2575,0.0781,0.1428,0.0029,0
34.9,0.7263,1.4484,0.9924,0.9511,0.0335,0.2512,0.0782,0.1418,0.0,0
34.92,0.8888,-0.2087,1.0508,0.9465,0.0354,0.2609,0.0781,0.1415,0.0,0
34.94,1.3074,-3.2699,0.8317,0.9221,0.0541,0.2966,0.0698,0.1424,0.0,0
34.96,0.8161,-1.8013,0.4571,0.9532,0.0419,0.3093,0.075,0.1412,0.0012,0
34.98,0.3971,-0.7741,0.5766,0.9362,0.0514,0.2673,0.0714,0.144,0.0,0
35.0,0.8761,-1.7802,0.7849,0.9095,0.06,0.2975,0.0795,0.1439,0.0,0
35.02,1.1953,-1.6535,0.5067,0.926,0.0494,0.2941,0.0851,0.1438,0.0,0
35.04,1.0965,-1.2001,0.8347,0.9291,0.049,0.2928,0.0814,0.1424,0.0,0
35.06,1.1102,-0.5234,1.4119,0.9129,0.057,0.3014,0.0746,0.1416,0.0,0
35.08,1.2193,-0.4992,1.8758,0.9083,0.0537,0.2964,0.0755,0.1422,0.0,0
35.1,0.6027,-2.4902,2.6293,0.9336,0.0332,0.2648,0.0857,0.1416,0.0,0
35.12,-0.0688,-2.6306,2.5672,0.949,0.0336,0.2687,0.08,0.1393,0.0,0
35.14,-0.5161,-3.4823,2.612,0.9367,0.0469,0.2935,0.0786,0.1422,0.0,0
35.16,-0.9048,-3.3601,2.4393,0.9533,0.0499,0.267,0.084,0.1405,0.0,0
35.18,-1.551,-0.5962,1.5688,0.9504,0.0478,0.2533,0.0721,0.1412,0.0,0
35.2,-1.5998,0.3651,0.8711,0.9404,0.0413,0.2599,0.073,0.1426,0.0,0
35.22,-1.1569,-0.4945,0.9008,0.9252,0.0349,0.2689,0.0811,0.1419,0.0,0
35.24,-1.0148,0.4267,1.3336,0.908,0.0317,0.2662,0.0736,0.1402,0.0,0
35.26,-0.8725,1.9964,1.401,0.945,0.0227,0.2577,0.0863,0.1411,0.0,0
35.28,0.1011,-3.6011,1.332,0.9592,0.0205,0.2332,0.0793,0.1425,0.0,0
35.3,0.1924,-5.3484,1.1252,0.9615,0.023,0.2309,0.0693,0.142,0.0,0
35.32,0.035,-3.1752,1.163,0.9493,0.0324,0.2501,0.0777,0.1414,0.0,0
35.34,0.0652,-0.0858,1.0285,0.9439,0.0389,0.2536,0.0786,0.1405,0.0,0
35.36,0.0932,1.884,0.7426,0.9512,0.0423,0.2558,0.0731,0.1399,0.0,0
35.38,-0.1249,2.0803,0.5509,0.9545,0.038,0.2719,0.0754,0.14,0.0,0
35.4,-0.3188,0.8038,0.4274,0.9348,0.0131,0.2669,0.083,0.1394,0.0,0
35.42,-0.2164,0.2259,-0.0324,0.9618,0.0157,0.2363,0.079,0.1381,0.0,0
35.44,-0.5983,-1.8683,-0.0551,0.9514,0.0302,0.2229,0.0659,0.1396,0.002,0
35.46,-0.7718,-2.0158,-0.1966,0.9557,0.0315,0.2376,0.0771,0.1404,0.0,0
35.48,-0.7618,-0.898,-0.5164,0.9626,0.0291,0.219,0.0838,0.1404,0.0,0
35.5,-0.435,0.5464,-0.565,0.9591,0.0306,0.2231,0.0841,0.1398,0.0,0
35.52,0.1668,1.1399,-0.5283,0.9545,0.0348,0.2769,0.0839,0.1389,0.0,0
35.54,0.5551,0.244,-1.179,0.9617,0.0343,0.3035,0.0832,0.1381,0.0,0
35.56,-0.2071,0.8802,-1.2347,0.9033,0.0323,0.2519,0.0967,0.1357,0.0,0
35.58,-0.0256,0.6628,-1.4164,0.8987,0.0444,0.2961,0.0867,0.1387,0.0,0
35.6,-0.1622,-0.2187,-0.2634,0.9307,0.0331,0.2596,0.0865,0.1413,0.0,0
35.62,-0.2583,0.2815,0.4523,0.9479,0.0278,0.2584,0.0825,0.1414,0.0,0
35.64,-0.4849,0.5768,0.7156,0.9524,0.0289,0.2758,0.0799,0.1401,0.0,0
35.66,-0.6987,-0.17,1.0124,0.9566,0.0296,0.2689,0.081,0.1399,0.0,0
35.68,-0.512,-0.5555,1.3798,0.9597,0.0287,0.2451,0.0809,0.142,0.0,0
35.7,-0.6723,0.3763,1.1796,0.9575,0.025,0.2779,0.0849,0.1423,0.0,0
35.72,-0.2937,-1.7513,0.6765,0.9451,0.0233,0.2702,0.0752,0.1386,0.0,0
35.74,-0.5033,-2.2316,0.4155,0.949,0.0257,0.2868,0.0768,0.1399,0.0,0
35.76,-0.4298,-1.6365,0.4024,0.936,0.0328,0.2841,0.078,0.1407,0.0,0
35.78,-0.3183,0.6106,0.5281,0.9349,0.0398,0.2592,0.0857,0.1417,0.0,0
35.8,-0.3972,3.2493,0.4372,0.9442,0.0377,0.2376,0.0935,0.1416,0.0,0
35.82,-0.4598,4.1024,-0.0823,0.9308,0.0236,0.2484,0.0846,0.1387,0.0,0
35.84,-0.2346,5.1497,-0.1608,0.9265,0.0213,0.2918,0.0762,0.1409,0.0,0
35.86,-1.1282,5.7396,-0.5436,0.9293,0.0269,0.276,0.0836,0.1398,0.0,0
35.88,-1.5235,6.1534,-0.4986,0.9298,0.0303,0.2765,0.0737,0.1428,0.0,0
35.9,-1.2788,5.1586,-0.4903,0.919,0.0363,0.2948,0.082,0.1414,0.0,0
35.92,-1.1815,4.8466,-0.3912,0.9069,0.0397,0.2913,0.0853,0.1395,0.0,0
35.94,-1.4389,5.9338,-0.1224,0.9115,0.0347,0.2792,0.079,0.1394,0.0,0
35.96,-1.3853,6.659,0.1751,0.939,0.0226,0.3029,0.0872,0.1386,0.0,0
35.98,-0.4621,5.4757,0.475,0.9542,0.0154,0.2874,0.0983,0.1396,0.0,0
36.0,0.0496,2.7376,0.188,0.9546,0.0243,0.2202,0.0804,0.1403,0.0,0
36.02,0.4064,1.089,0.1642,0.9417,0.0361,0.2478,0.0817,0.1393,0.0,0
36.04,0.4679,-0.2786,0.2453,0.9424,0.0377,0.2784,0.0824,0.1396,0.0,0
36.06,0.1507,-1.0867,0.0921,0.9264,0.0343,0.2795,0.0838,0.1391,0.0,0
36.08,-0.3776,-1.2928,-0.1373,0.9015,0.0341,0.2688,0.0872,0.1381,0.0,0
36.1,-0.6277,-1.6137,0.0218,0.9169,0.039,0.2743,0.0866,0.1399,0.0,0
36.12,0.2068,-2.9733,-0.1623,0.9243,0.0402,0.2504,0.0807,0.1398,0.0,0
36.14,0.1946,-2.0872,0.0779,0.9379,0.0373,0.2545,0.0675,0.1409,0.0,0
36.16,0.2519,-0.1113,0.412,0.9161,0.037,0.2805,0.0703,0.1402,0.0,0
36.18,0.6666,2.3745,0.9038,0.9124,0.0393,0.278,0.0822,0.1388,0.0,0
36.2,1.4096,3.8016,1.1163,0.9168,0.039,0.2766,0.0772,0.1375,0.0,0
36.22,1.7495,3.9535,0.9687,0.9073,0.038,0.2929,0.0586,0.1377,0.0,0
36.24,0.7969,4.3317,1.0574,0.8915,0.0446,0.2901,0.0655,0.14,0.0,0
36.26,0.7769,3.1736,1.6276,0.9111,0.0367,0.2816,0.0695,0.139,0.0,0
36.28,0.8835,1.631,1.1974,0.9232,0.0343,0.2595,0.0726,0.1396,0.0,0
36.3,0.8497,2.2084,0.4564,0.9405,0.0283,0.2794,0.0728,0.1406,0.0,0
36.32,0.4109,1.7757,0.2062,0.9545,0.0301,0.2709,0.0756,0.1408,0.0,0
36.34,0.2081,0.4393,0.1213,0.9604,0.0357,0.2517,0.0769,0.1394,0.0,0
36.36,0.337,-0.0853,-0.0709,0.9512,0.0406,0.2585,0.0729,0.1374,0.0,0
36.38,-0.6147,0.9141,0.3447,0.9151,0.0507,0.2728,0.0697,0.1377,0.0,0
36.4,-1.8347,2.8568,0.3475,0.8921,0.0406,0.3334,0.063,0.1383,0.0,0
36.42,-2.5913,2.6049,0.4613,0.8963,0.0401,0.3148,0.0801,0.1375,0.0,0
36.44,-2.1096,2.1292,0.7609,0.9016,0.0288,0.2928,0.084,0.139,0.0,0
36.46,-1.5867,2.1362,1.2487,0.9102,0.0167,0.293,0.0789,0.14,0.0,0
36.48,-1.2142,2.089,1.5818,0.9217,0.0139,0.2983,0.0743,0.1398,0.0,0
36.5,-0.4912,1.5267,1.5968,0.9304,0.0173,0.2795,0.0749,0.1395,0.0,0
36.52,0.2377,2.0115,2.1102,0.9322,0.0037,0.2438,0.0769,0.1386,0.0,0
36.54,0.2677,1.7113,1.9197,0.931,0.0211,0.2821,0.0818,0.1427,0.0,0
36.56,0.2209,1.6381,1.0734,0.9234,0.0328,0.302,0.0779,0.1407,0.0,0
36.58,-0.0589,0.166,0.7557,0.927,0.0339,0.2856,0.0751,0.1401,0.0,0
36.6,-0.1858,-0.2642,0.6198,0.9384,0.035,0.2694,0.0769,0.1401,0.0,0
36.62,-0.2424,0.712,0.2667,0.9477,0.034,0.2604,0.0811,0.1395,0.0,0
36.64,-0.7138,0.6327,-0.1803,0.9464,0.0204,0.2358,0.083,0.1394,0.0,0
36.66,-0.782,0.762,-0.4148,0.9294,0.033,0.2701,0.0815,0.1393,0.0,0
36.68,0.3423,1.0984,-0.8153,0.9245,0.0274,0.2807,0.083,0.1384,0.0,0
36.7,0.7517,1.8453,-0.1417,0.9348,0.0237,0.276,0.0738,0.1381,0.0,0
36.72,1.1499,1.5583,0.2,0.9357,0.0253,0.2816,0.0732,0.1395,0.0,0
36.74,1.6622,0.2671,0.2723,0.9329,0.0257,0.2863,0.0769,0.1409,0.0,0
36.76,1.9666,-1.0689,0.5988,0.9347,0.0207,0.2894,0.0772,0.1406,0.0,0
36.78,1.7647,-1.5301,0.9314,0.9262,0.0183,0.3321,0.0829,0.1385,0.0,0
36.8,1.7813,-1.5352,0.9682,0.9455,0.0278,0.2921,0.0784,0.1398,0.0,0
36.82,0.3857,0.4688,1.2271,0.931,0.0295,0.3103,0.0776,0.1399,0.0,0
36.84,-0.4063,0.823,1.1407,0.9228,0.0297,0.2967,0.0711,0.1403,0.0,0
36.86,-0.9472,0.996,0.8622,0.9149,0.0363,0.285,0.0673,0.1402,0.0097,0
36.88,-1.7285,2.1201,0.6135,0.9054,0.042,0.2869,0.0582,0.1401,0.0039,0
36.9,-2.5903,3.7676,0.4082,0.9052,0.0337,0.2851,0.0346,0.1406,0.0,0
36.92,-2.29,4.7296,-0.1656,0.9278,0.0278,0.3131,0.0458,0.1375,0.0,0
36.94,-1.3835,5.3286,-0.3914,0.9075,0.0319,0.3165,0.0682,0.1377,0.0,0
36.96,-0.8169,4.7921,-0.6362,0.9134,0.0316,0.2757,0.0766,0.1384,0.0,0
36.98,-0.1036,4.1359,-0.6689,0.9208,0.0343,0.2728,0.0819,0.1387,0.0,0
37.0,0.379,3.0955,-0.2604,0.9258,0.0343,0.3098,0.0857,0.1388,0.0,0
37.02,0.2376,1.6776,0.4885,0.9288,0.0297,0.3312,0.0868,0.1386,0.0,0
37.04,-0.2246,1.2583,0.9777,0.9198,0.0339,0.2755,0.0874,0.1375,0.0,0
37.06,-0.6444,2.1715,0.4776,0.9029,0.0437,0.2881,0.0933,0.1392,0.0,0
37.08,-1.3263,0.323,0.3667,0.9257,0.0277,0.2773,0.0892,0.1404,0.0,0
37.1,-1.7343,-0.0817,-0.0581,0.9322,0.0267,0.2802,0.0908,0.1389,0.0,0
37.12,-2.0102,0.1569,-0.2462,0.9253,0.0333,0.2873,0.0921,0.1388,0.0,0
37.14,-2.1456,0.1325,-0.2452,0.9209,0.0363,0.285,0.0923,0.1401,0.0,0
37.16,-1.9046,0.07,-0.5867,0.9309,0.0336,0.2711,0.0962,0.1394,0.0,0
37.18,-1.1889,1.1442,-0.6343,0.9516,0.0355,0.2639,0.0964,0.1403,0.0,0
37.2,-0.3855,1.5941,-0.7551,0.9125,0.0231,0.2546,0.0914,0.1407,0.0,0
37.22,0.0881,1.598,-0.3528,0.9074,0.0243,0.2806,0.0869,0.1407,0.0,0
37.24,0.163,0.9809,0.1544,0.9062,0.0293,0.3008,0.0886,0.1401,0.0,0
37.26,0.0117,0.227,0.4294,0.9057,0.0305,0.308,0.0891,0.1396,0.0,0
37.28,-0.0213,0.1243,0.4019,0.9094,0.0291,0.3045,0.0829,0.1398,0.0006,0
37.3,0.4132,1.1866,0.335,0.9029,0.0368,0.2748,0.0794,0.1385,0.0026,0
37.32,-0.2811,0.7661,0.2056,0.9349,0.0415,0.3299,0.0754,0.1376,0.0,0
37.34,-0.7515,-0.3664,-0.1319,0.9301,0.0294,0.3145,0.0809,0.1401,0.0,0
37.36,-0.7056,-0.188,0.0736,0.9163,0.0297,0.3214,0.0841,0.1388,0.0,0
37.38,-0.5847,-0.2405,0.3879,0.9109,0.0338,0.3103,0.0832,0.1378,0.0,0
37.4,-0.4694,-0.7261,0.5857,0.9203,0.0315,0.287,0.0778,0.1395,0.0,0
37.42,0.0301,0.1252,0.9942,0.9359,0.0254,0.3221,0.0708,0.1407,0.0,0
37.44,0.0622,-0.7459,1.3469,0.9101,0.0268,0.2891,0.0944,0.1387,0.0,0
37.46,0.1652,-0.9106,1.7421,0.9203,0.0173,0.2635,0.0966,0.1408,0.0,0
37.48,0.166,-1.3727,1.4693,0.9271,0.0262,0.2849,0.0866,0.1403,0.0,0
37.5,0.253,-2.8831,1.2532,0.9114,0.0303,0.3134,0.0806,0.1399,0.0,0
37.52,0.3111,-3.9386,1.405,0.8991,0.0278,0.316,0.0788,0.14,0.0,0
37.54,0.1788,-2.8866,1.5672,0.9206,0.0317,0.2957,0.075,0.1396,0.0,0
37.56,0.3384,-2.5183,0.7868,0.9237,0.0354,0.3184,0.082,0.1406,0.0,0
37.58,0.3532,0.0814,1.0861,0.926,0.0275,0.3139,0.0803,0.1385,0.0,0
37.6,0.4685,0.9161,0.829,0.9389,0.0354,0.3025,0.0837,0.1382,0.0,0
37.62,0.3481,1.1526,0.4894,0.9298,0.0336,0.2871,0.0803,0.1383,0.0,0
37.64,0.2183,1.0177,0.307,0.9171,0.0232,0.2895,0.0802,0.1385,0.0,0
37.66,0.1516,0.3798,0.2538,0.9211,0.0203,0.311,0.0866,0.1384,0.0,0
37.68,-0.5078,-0.5167,0.1216,0.9199,0.0373,0.3037,0.0722,0.1373,0.0,0
37.7,-0.9238,-0.6686,0.3615,0.927,0.034,0.3158,0.0962,0.1401,0.0,0
37.72,-0.7831,0.5958,0.2531,0.9379,0.0337,0.3116,0.0918,0.1395,0.0,0
37.74,-0.7689,1.5289,0.2317,0.9301,0.025,0.3258,0.0829,0.1387,0.0,0
37.76,-0.709,2.6543,0.5214,0.913,0.0235,0.3088,0.0781,0.1385,0.0,0
37.78,-0.4684,3.9033,0.8379,0.9044,0.0307,0.2719,0.0784,0.1387,0.0,0
37.8,-0.2969,3.7844,0.5492,0.9152,0.0252,0.3068,0.0808,0.1391,0.0,0
37.82,-0.5793,1.8493,0.5247,0.9245,0.0197,0.3007,0.0855,0.1388,0.0,0
37.84,-0.6594,0.5194,1.1572,0.9311,0.0222,0.3326,0.0831,0.1376,0.0,0
37.86,-0.2563,0.6621,1.1386,0.9306,0.0251,0.3275,0.0873,0.1377,0.0,0
37.88,0.0611,1.2491,1.111,0.9239,0.0245,0.3164,0.0898,0.1376,0.0,0
37.9,0.1145,1.3149,1.1997,0.9207,0.0221,0.3018,0.0835,0.1379,0.0,0
37.92,0.1693,0.9681,0.907,0.9264,0.0229,0.262,0.072,0.1404,0.0,0
37.94,0.2249,3.2455,0.402,0.8984,0.0256,0.2558,0.0855,0.1412,0.0,0
37.96,0.502,1.6313,0.473,0.9129,0.0139,0.342,0.0812,0.1404,0.0,0
37.98,0.0462,1.3671,0.4503,0.9145,0.021,0.3201,0.0786,0.1381,0.0,0
38.0,-0.2799,2.0647,0.382,0.9146,0.024,0.2703,0.0811,0.1382,0.0,0
38.02,-0.1481,2.6313,0.2805,0.9235,0.0217,0.2577,0.0834,0.1392,0.0,0
38.04,0.1554,2.4943,0.1817,0.9388,0.0246,0.2938,0.0813,0.1378,0.0,0
38.06,-0.0027,2.9065,0.3667,0.9366,0.0251,0.322,0.0878,0.1381,0.0,0
38.08,-0.0544,1.8809,-0.2354,0.9193,0.0281,0.3155,0.0791,0.1358,0.0,0
38.1,-0.4108,1.7406,-0.3294,0.9117,0.0289,0.2979,0.0837,0.1359,0.0,0
38.12,-0.4427,1.8279,-0.2399,0.9092,0.0246,0.309,0.0891,0.1379,0.0,0
38.14,-0.1385,1.7319,-0.0198,0.9169,0.0207,0.3154,0.0893,0.1383,0.0,0
38.16,0.1584,1.4276,0.2253,0.932,0.021,0.2943,0.0845,0.136,0.0,0
38.18,0.1038,1.2722,-0.0053,0.9278,0.0172,0.3167,0.0786,0.1375,0.0,0
38.2,0.3451,-0.1288,0.2372,0.9092,0.0259,0.3077,0.0861,0.1391,0.0163,0
38.22,0.6534,-0.1489,0.0909,0.9066,0.0318,0.3136,0.0858,0.1389,0.0,0
38.24,0.68,0.4669,0.4123,0.9071,0.0263,0.3082,0.0814,0.137,0.0,0
38.26,0.706,0.7875,0.6166,0.9034,0.0272,0.3112,0.081,0.1357,0.0,0
38.28,0.9529,0.7415,0.4093,0.9007,0.0365,0.3309,0.0848,0.1365,0.0,0
38.3,1.1729,1.4771,0.7026,0.9181,0.0207,0.3328,0.0796,0.1375,0.0,0
38.32,1.229,0.4133,0.6096,0.9313,0.0245,0.3028,0.0778,0.1371,0.0,0
38.34,0.7609,0.6385,0.7135,0.9238,0.0357,0.3078,0.0815,0.1366,0.0,0
38.36,0.4404,-0.0035,0.5398,0.9289,0.0346,0.3067,0.0856,0.137,0.0,0
38.38,0.1318,-0.5657,0.3883,0.9305,0.0305,0.2993,0.0816,0.1392,0.0,0
38.4,-0.0928,-0.2948,0.4846,0.9267,0.0305,0.2876,0.0735,0.1413,0.0,0
38.42,0.1802,0.1553,0.6752,0.9425,0.0295,0.2663,0.079,0.1387,0.0,0
38.44,-0.5586,-0.1139,0.842,0.9298,0.0364,0.2597,0.0794,0.139,0.0,0
38.46,-1.6686,0.9869,0.5313,0.9215,0.0395,0.2911,0.0832,0.1395,0.0,0
38.48,-1.1523,0.7113,0.4898,0.9138,0.0367,0.3326,0.0874,0.1386,0.0,0
38.5,0.0298,-0.7293,0.3793,0.9264,0.0273,0.349,0.085,0.1386,0.0,0
38.52,0.901,-1.9064,-0.0336,0.9496,0.0181,0.3281,0.0805,0.1393,0.0,0
38.54,1.2103,-1.2511,-0.4575,0.946,0.0205,0.2944,0.0868,0.138,0.0,0
38.56,0.7426,0.1885,0.5393,0.938,0.0288,0.3338,0.0885,0.1362,0.0,0
38.58,0.7225,0.6199,0.2603,0.9183,0.0275,0.3387,0.0843,0.1367,0.0,0
38.6,0.3615,1.9468,0.0128,0.9143,0.0313,0.3194,0.0856,0.1371,0.0,0
38.62,-0.3864,2.1441,0.2912,0.9111,0.0346,0.3202,0.0871,0.138,0.0,0
38.64,-1.0951,0.6126,0.7558,0.9106,0.0319,0.336,0.0865,0.1392,0.0,0
38.66,-1.2942,-1.2068,0.7311,0.9251,0.0228,0.3222,0.0858,0.1397,0.0,0
38.68,-1.8273,-1.1273,1.1047,0.9121,0.0184,0.285,0.0808,0.1392,0.0,0
38.7,-2.5243,-1.2001,1.0331,0.9099,0.0192,0.3129,0.0839,0.1402,0.0,0
38.72,-3.6212,-0.4068,0.7213,0.9157,0.0246,0.3392,0.0875,0.1389,0.0,0
38.74,-3.6102,0.0903,0.4717,0.9174,0.0266,0.351,0.0864,0.1389,0.0,0
38.76,-2.6015,0.2539,0.2897,0.9201,0.0254,0.3395,0.0846,0.1397,0.0,0
38.78,-1.9806,0.9735,0.0883,0.932,0.0272,0.3086,0.0894,0.1383,0.0,0
38.8,-2.356,2.3788,0.4694,0.9105,0.0337,0.32,0.0926,0.138,0.0,0
38.82,-1.9545,2.6291,0.3515,0.9055,0.0272,0.3035,0.0869,0.1371,0.0,0
38.84,-1.5579,1.446,0.3366,0.9219,0.0215,0.3264,0.0866,0.1385,0.0,0
38.86,-1.2545,-0.1685,0.4568,0.9268,0.0202,0.3234,0.0942,0.1372,0.0,0
38.88,-0.9931,-0.4652,0.4811,0.9201,0.0219,0.3013,0.0957,0.1357,0.0024,0
38.9,-0.7225,1.4205,0.2459,0.9187,0.0225,0.3075,0.0801,0.1385,0.0043,0
38.92,-0.6096,2.0551,0.3372,0.9066,0.0183,0.3223,0.084,0.1377,0.0,0
38.94,-0.8407,2.1647,0.1141,0.8962,0.0178,0.2998,0.0859,0.1379,0.0,0
38.96,-0.7019,1.5677,0.0561,0.8948,0.0187,0.3083,0.084,0.139,0.0,0
38.98,-0.3978,0.0343,-0.1503,0.917,0.0135,0.3214,0.083,0.1393,0.0,0
39.0,-0.0592,-0.8052,-0.4295,0.9315,0.0111,0.3243,0.0827,0.1381,0.0,0
39.02,0.2548,0.3243,-0.4209,0.9126,0.0208,0.3254,0.0814,0.1366,0.0,0
39.04,0.4207,0.0884,0.2406,0.9409,0.0241,0.3666,0.083,0.1413,0.0,0
39.06,0.472,-0.4418,0.074,0.9252,0.0185,0.3478,0.0928,0.1381,0.0,0
39.08,0.3805,0.6098,0.0034,0.9148,0.0299,0.2718,0.0894,0.1361,0.0,0
39.1,0.331,0.5665,0.0979,0.9152,0.032,0.2599,0.0901,0.136,0.0,0
39.12,0.3071,-0.3281,0.354,0.9147,0.0276,0.2864,0.0916,0.1372,0.0,0
39.14,0.1498,-0.4918,0.6259,0.9064,0.0304,0.2762,0.0849,0.1389,0.0,0
39.16,-0.335,0.0461,0.4401,0.9226,0.0301,0.2753,0.0838,0.1398,0.0,0
39.18,-0.6597,-0.3416,0.42,0.916,0.0293,0.2997,0.0805,0.1381,0.0,0
39.2,-0.3512,0.0158,0.1645,0.9185,0.0304,0.2903,0.0854,0.1373,0.0,0
39.22,0.0227,0.8276,-0.1556,0.9113,0.0337,0.3021,0.0891,0.1373,0.0,0
39.24,0.0491,1.3374,-0.2538,0.915,0.0293,0.3131,0.0885,0.138,0.0,0
39.26,-0.311,1.2221,-0.0898,0.9388,0.0169,0.2941,0.0851,0.1392,0.0,0
39.28,-0.4728,1.7827,-0.3613,0.9041,0.0355,0.3162,0.082,0.1394,0.0,0
39.3,-0.1389,0.9293,0.037,0.8858,0.0306,0.2897,0.0877,0.1382,0.0,0
39.32,0.271,0.2408,0.457,0.9043,0.0278,0.2793,0.0819,0.1393,0.0,0
39.34,0.2014,-0.3494,0.351,0.902,0.0226,0.2908,0.0766,0.1386,0.0,0
39.36,-0.0701,-0.9176,0.1412,0.8983,0.0217,0.3176,0.0785,0.1375,0.0,0
39.38,-0.0758,-1.3418,0.3244,0.9226,0.0302,0.3441,0.0848,0.1377,0.0,0
39.4,0.015,-1.0667,0.3207,0.9248,0.0334,0.3474,0.0776,0.1348,0.0,0
39.42,0.33,-0.7651,0.2012,0.9192,0.0377,0.3522,0.078,0.1367,0.0,0
39.44,0.4352,0.4434,0.5108,0.9302,0.0347,0.3022,0.0858,0.1382,0.0,0
39.46,0.0689,1.1135,0.6866,0.9352,0.028,0.3046,0.0923,0.1376,0.0,0
39.48,-0.4092,1.4364,0.5792,0.9247,0.0279,0.3257,0.0911,0.1366,0.0,0
39.5,-0.5175,1.7061,0.3252,0.9061,0.0365,0.3082,0.0827,0.1367,0.0,0
39.52,-0.2337,0.4336,0.1743,0.9063,0.03,0.3146,0.0785,0.1348,0.0,0
39.54,-0.2679,1.2369,0.1843,0.9256,0.0297,0.2951,0.0897,0.1385,0.0,0
39.56,-0.3578,1.2509,0.5352,0.9212,0.0273,0.2857,0.0889,0.1379,0.0,0
39.58,-0.1527,0.8599,0.6959,0.9126,0.0214,0.3035,0.0826,0.1371,0.0,0
39.6,0.1975,0.5664,0.7104,0.9099,0.0198,0.3243,0.0838,0.1376,0.0,0
39.62,0.3528,0.6773,0.7303,0.9144,0.0259,0.3286,0.0939,0.139,0.0,0
39.64,0.1285,0.9928,0.4814,0.9204,0.0238,0.3521,0.0832,0.1388,0.0,0
39.66,0.4042,0.5127,0.6723,0.9184,0.0273,0.2965,0.0729,0.1361,0.0,0
39.68,0.1882,0.5583,0.4036,0.9205,0.0225,0.32,0.083,0.1366,0.0,0
39.7,-0.0812,0.3455,0.3853,0.9083,0.0264,0.3243,0.083,0.1365,0.0,0
39.72,-0.0666,0.0569,0.568,0.9006,0.0317,0.3209,0.0824,0.1359,0.0,0
39.74,0.2062,-0.0277,0.7127,0.9126,0.0267,0.3361,0.092,0.1363,0.0,0
39.76,0.0787,-0.4796,1.015,0.9122,0.0169,0.3071,0.0835,0.1395,0.0,0
39.78,0.078,0.1658,0.7756,0.9143,0.0243,0.295,0.0791,0.1374,0.0,0
39.8,0.0194,0.1749,0.6505,0.9041,0.0252,0.3536,0.0828,0.1379,0.0,0
39.82,-0.1159,0.0912,0.3759,0.905,0.0205,0.3474,0.0845,0.1391,0.0,0
39.84,-0.1872,-0.3203,0.155,0.9097,0.0187,0.3256,0.0823,0.1391,0.0,0
39.86,-0.0768,-1.3341,0.1953,0.9066,0.0241,0.3409,0.0802,0.1379,0.0,0
39.88,0.121,-2.4895,0.2271,0.9093,0.0252,0.2604,0.0854,0.1392,0.0,0
39.9,0.0134,-0.6191,0.3117,0.9019,0.0261,0.2894,0.0787,0.1369,0.0,0
39.92,0.0478,1.4005,0.426,0.9221,0.0255,0.3232,0.0779,0.1358,0.0,0
39.94,0.0964,0.7681,0.4045,0.9138,0.0256,0.352,0.0809,0.1366,0.0,0
39.96,-0.1012,-0.9616,0.3388,0.8942,0.0275,0.3452,0.0863,0.1376,0.0,0
39.98,-0.4353,-1.2843,0.2764,0.8956,0.0286,0.301,0.09,0.1369,0.0,0
40.0,0.0774,-0.1935,-0.0824,0.9082,0.0198,0.2961,0.0819,0.1352,0.0,0
