time,gyr_x,gyr_y,gyr_z,acc_x,acc_y,acc_z,fsr_left,fsr_right,fsr_spine,label
0.02,-0.6427,-0.2078,0.0069,0.7759,-0.3423,0.5734,0.0113,0.098,0.2212,2
0.04,-0.9075,-2.7186,0.3376,0.782,-0.3397,0.5553,0.0122,0.0949,0.2304,2
0.06,-0.6063,-0.8794,0.4474,0.7808,-0.3465,0.5697,0.0181,0.0938,0.2236,2
0.08,-0.5786,0.714,0.1456,0.7734,-0.3465,0.5642,0.002,0.0986,0.2299,2
0.1,-0.5982,0.4824,0.3409,0.7722,-0.3487,0.5625,0.0,0.1008,0.2261,2
0.12,-0.5599,-0.4324,0.5526,0.7733,-0.3481,0.5667,0.0082,0.1001,0.2333,2
0.14,-0.3874,-0.4105,0.6071,0.7648,-0.3491,0.5716,0.011,0.1007,0.2325,2
0.16,-0.4683,-0.6614,0.5532,0.776,-0.3512,0.5656,0.0144,0.0994,0.2293,2
0.18,-0.2404,-0.5539,0.2716,0.7827,-0.3515,0.5631,0.0158,0.1,0.2239,2
0.2,-0.2617,-0.6582,0.071,0.7804,-0.3472,0.5625,0.0137,0.1013,0.2221,2
0.22,-0.7874,-1.1118,0.1559,0.7881,-0.3424,0.5571,0.0142,0.1006,0.2245,2
0.24,-0.7879,-0.1068,0.2263,0.7857,-0.342,0.5579,0.0199,0.1002,0.2228,2
0.26,-0.4924,0.8244,0.256,0.7715,-0.3422,0.5597,0.0218,0.1002,0.2268,2
0.28,-0.426,-0.5438,0.3849,0.7797,-0.345,0.5554,0.0086,0.1026,0.2357,2
0.3,-0.1626,-0.2883,0.4502,0.7712,-0.3467,0.5654,0.0198,0.1027,0.2301,2
0.32,-0.3813,-0.9827,0.7299,0.7787,-0.3431,0.5577,0.0173,0.1022,0.2299,2
0.34,-0.6424,-1.2681,0.703,0.7705,-0.3492,0.5556,0.016,0.1008,0.2372,2
0.36,-0.3438,-1.673,0.6084,0.7707,-0.3397,0.5658,0.0094,0.1002,0.2189,2
0.38,-0.1319,-1.2233,0.1665,0.7717,-0.3464,0.5633,0.0034,0.0945,0.2355,2
0.4,0.1322,-0.9272,0.3436,0.783,-0.3413,0.5625,0.0048,0.0965,0.2279,2
0.42,0.395,0.2504,0.6212,0.7759,-0.3464,0.5662,0.0139,0.0957,0.2347,2
0.44,0.2258,0.0903,0.6661,0.7685,-0.35,0.5632,0.0161,0.0963,0.2274,2
0.46,0.2453,0.2627,0.7357,0.781,-0.3475,0.5533,0.007,0.1004,0.2231,2
0.48,0.2331,0.7326,0.688,0.7788,-0.3417,0.5689,0.0067,0.103,0.2263,2
0.5,0.1301,0.7862,0.5763,0.7777,-0.3418,0.5724,0.0122,0.1016,0.2274,2
0.52,0.0686,0.5684,0.5409,0.7805,-0.344,0.5671,0.0119,0.0997,0.2249,2
0.54,-0.1159,0.7858,0.5624,0.7774,-0.3476,0.5693,0.0084,0.1006,0.2259,2
0.56,-0.1631,1.0422,0.4934,0.7707,-0.3529,0.5684,0.01,0.1015,0.2285,2
0.58,-0.0867,-0.2551,0.3987,0.7656,-0.3537,0.5657,0.0141,0.1003,0.2278,2
0.6,-0.7238,-2.3578,0.4969,0.7727,-0.3542,0.5584,0.0143,0.1013,0.2283,2
0.62,-0.7421,-1.6292,0.4496,0.7761,-0.3494,0.5593,0.0161,0.1014,0.2248,2
0.64,-0.4741,0.0387,0.6259,0.7901,-0.3412,0.5596,0.0137,0.1047,0.2256,2
0.66,0.1446,2.0606,0.6249,0.7767,-0.3455,0.5758,0.0067,0.0983,0.2326,2
0.68,-0.0498,0.7229,-0.0992,0.7798,-0.3518,0.5638,0.0118,0.103,0.2355,2
0.7,-0.4524,0.0901,0.3715,0.7652,-0.3474,0.5646,0.0067,0.1032,0.2282,2
0.72,-0.2548,0.1389,0.2449,0.7703,-0.3455,0.556,0.0115,0.0986,0.2195,2
0.74,-0.0407,-0.0131,0.2755,0.7721,-0.3422,0.5615,0.0078,0.0962,0.2325,2
0.76,-0.1073,-0.7619,0.4358,0.7733,-0.3514,0.5776,0.0094,0.1017,0.2202,2
0.78,-0.3284,-1.9336,0.4556,0.779,-0.3506,0.5695,0.0146,0.1005,0.2223,2
0.8,-0.602,-1.8359,0.5747,0.7798,-0.3443,0.5552,0.0166,0.0974,0.2255,2
0.82,-0.5722,-0.0674,0.5423,0.7803,-0.3464,0.5557,0.0138,0.0999,0.2335,2
0.84,-0.3979,0.8708,0.2998,0.7833,-0.3488,0.5612,0.0115,0.0993,0.2408,2
0.86,-0.2079,0.9642,0.1361,0.7815,-0.3464,0.5668,0.011,0.0973,0.2362,2
0.88,-0.0714,1.4199,0.174,0.7777,-0.3468,0.5673,0.0083,0.0989,0.2309,2
0.9,-0.1327,1.1486,0.2994,0.7785,-0.3509,0.5583,0.0034,0.0985,0.2347,2
0.92,-0.2742,-0.2105,0.396,0.7779,-0.3517,0.5581,0.0059,0.0968,0.2339,2
0.94,-0.5347,-1.1152,0.3844,0.7784,-0.3482,0.5626,0.0188,0.0973,0.2263,2
0.96,-0.6722,-1.0512,0.3587,0.7833,-0.3448,0.5535,0.0122,0.0998,0.2283,2
0.98,-0.123,-1.6191,0.5437,0.7885,-0.3433,0.5599,0.0107,0.0995,0.227,2
1.0,-0.2506,0.0717,0.5645,0.7931,-0.3544,0.5554,0.0132,0.1001,0.2276,2
1.02,-0.1192,1.3028,0.5281,0.788,-0.339,0.569,0.0058,0.1009,0.2257,2
1.04,0.0131,-0.0651,0.6229,0.7664,-0.351,0.554,0.0151,0.1002,0.2304,2
1.06,0.1914,-0.5469,0.4904,0.7747,-0.349,0.5574,0.0102,0.0992,0.2348,2
1.08,-0.0102,-0.6873,0.795,0.7726,-0.3486,0.5567,0.0163,0.0987,0.2273,2
1.1,-0.2645,-1.9443,0.8983,0.7802,-0.357,0.5617,0.0117,0.1035,0.231,2
1.12,-0.0111,-1.4494,0.8339,0.7851,-0.3522,0.5654,0.0192,0.1035,0.2237,2
1.14,0.0333,0.0035,0.5286,0.7855,-0.3507,0.564,0.0238,0.1023,0.2305,2
1.16,-0.0994,0.6012,0.4024,0.7841,-0.3503,0.5677,0.0179,0.0999,0.2345,2
1.18,-0.3079,0.8398,0.3616,0.7797,-0.3516,0.5689,0.0107,0.1015,0.231,2
1.2,-0.4002,0.9469,0.3328,0.772,-0.3509,0.5659,0.0096,0.1026,0.2282,2
1.22,-0.1959,0.1194,0.4444,0.7711,-0.3465,0.561,0.0139,0.0984,0.2301,2
1.24,-0.0519,-0.943,0.4824,0.7824,-0.3484,0.5525,0.0162,0.0972,0.2399,2
1.26,-0.0708,-0.6527,0.5021,0.7859,-0.3473,0.5565,0.0129,0.0969,0.2356,2
1.28,-0.1414,0.7986,0.4038,0.7786,-0.3528,0.5615,0.0159,0.102,0.2244,2
1.3,-0.0922,1.4568,-0.0678,0.7777,-0.3558,0.5695,0.0186,0.1016,0.2258,2
1.32,-0.0966,1.6557,-0.0058,0.7691,-0.3502,0.5649,0.0162,0.1015,0.2362,2
1.34,-0.4445,0.2807,0.1339,0.7594,-0.3503,0.5575,0.0288,0.1,0.2294,2
1.36,-0.6719,-0.4856,0.1161,0.7832,-0.3453,0.555,0.0158,0.0992,0.2286,2
1.38,-0.7664,-0.9645,-0.105,0.775,-0.345,0.5576,0.0182,0.0999,0.2294,2
1.4,-0.354,-1.2451,-0.0969,0.7689,-0.3472,0.5562,0.0127,0.1013,0.2265,2
1.42,-0.2237,0.3057,0.1886,0.7784,-0.351,0.5582,0.0196,0.1006,0.2224,2
1.44,-0.0211,2.0363,0.2235,0.7708,-0.3465,0.558,0.0144,0.1048,0.2284,2
1.46,-0.0273,1.6398,0.1896,0.7755,-0.3491,0.5516,0.0161,0.101,0.222,2
1.48,-0.0798,0.6081,0.3643,0.7832,-0.3509,0.5619,0.0161,0.0964,0.2198,2
1.5,-0.0956,0.0934,0.3781,0.7817,-0.3507,0.5708,0.0135,0.0993,0.2248,2
1.52,-0.2114,-0.1465,0.3194,0.7774,-0.3486,0.5729,0.0094,0.1001,0.2248,2
1.54,-0.292,0.0338,0.5178,0.7805,-0.3453,0.5694,0.0108,0.0979,0.2235,2
1.56,-0.1609,0.4563,0.7127,0.785,-0.3474,0.5567,0.0221,0.101,0.2247,2
1.58,-0.0467,0.5422,0.6369,0.7781,-0.3491,0.5599,0.0186,0.1022,0.2254,2
1.6,-0.124,0.9171,0.4625,0.7797,-0.3445,0.571,0.0056,0.1011,0.2317,2
1.62,-0.1741,0.3051,0.5861,0.7804,-0.3479,0.5786,0.0168,0.1073,0.2245,2
1.64,-0.0725,0.0008,0.6669,0.782,-0.3523,0.5471,0.0084,0.1032,0.2243,2
1.66,-0.4277,0.3534,0.4439,0.7676,-0.3418,0.5633,0.0178,0.0987,0.2309,2
1.68,-0.6053,-0.3665,0.4503,0.778,-0.3469,0.5655,0.0106,0.1061,0.2305,2
1.7,-0.3413,0.0909,0.3111,0.7818,-0.3436,0.5601,0.0158,0.1019,0.2315,2
1.72,-0.3584,0.9897,0.3538,0.7759,-0.347,0.5645,0.0137,0.0968,0.2257,2
1.74,-0.1726,-0.5966,0.4789,0.7766,-0.3475,0.5647,0.0139,0.0945,0.237,2
1.76,-0.2342,-0.4743,0.4802,0.7804,-0.3507,0.5719,0.0161,0.0999,0.2259,2
1.78,-0.303,-0.684,0.5284,0.773,-0.352,0.5621,0.0115,0.101,0.2281,2
1.8,-0.193,-0.5608,0.4538,0.7761,-0.3489,0.5589,0.0081,0.0996,0.2306,2
1.82,-0.3541,-0.215,0.2161,0.781,-0.3461,0.5551,0.0105,0.0991,0.2297,2
1.84,-0.463,-0.022,0.2196,0.7799,-0.3478,0.559,0.0104,0.0995,0.2316,2
1.86,-0.4337,-0.0205,0.308,0.7737,-0.3492,0.5648,0.0121,0.1021,0.2329,2
1.88,-0.434,0.4205,0.254,0.7687,-0.3491,0.5554,0.0174,0.1033,0.2319,2
1.9,-0.1479,1.4083,0.2872,0.7733,-0.3517,0.5548,0.0156,0.0999,0.2306,2
1.92,0.0937,1.0537,0.1345,0.7791,-0.3528,0.5698,0.0129,0.1018,0.2281,2
1.94,0.1618,0.3813,0.1334,0.7906,-0.3546,0.5738,0.0048,0.105,0.2293,2
1.96,-0.0334,-0.0841,0.6138,0.79,-0.3525,0.5636,0.0131,0.1004,0.2288,2
1.98,-0.1774,0.1029,0.1759,0.785,-0.3478,0.5704,0.0143,0.1023,0.2237,2
2.0,-0.2241,-0.2207,-0.027,0.7773,-0.3514,0.558,0.0072,0.1043,0.2334,2
2.02,-0.3999,-0.3248,0.1266,0.7804,-0.34,0.573,0.0181,0.105,0.2275,2
2.04,-0.2293,-0.2114,0.185,0.7793,-0.3489,0.5664,0.005,0.0978,0.2277,2
2.06,-0.227,-0.1154,0.3167,0.7722,-0.3495,0.5575,0.0044,0.0973,0.23,2
2.08,-0.2456,-0.0525,0.346,0.7843,-0.3476,0.5532,0.0116,0.1041,0.2339,2
2.1,-0.3698,0.0743,0.1222,0.7801,-0.347,0.5668,0.0175,0.1018,0.2274,2
2.12,-0.3284,-0.0997,0.3743,0.7779,-0.3519,0.5634,0.0162,0.0974,0.2321,2
2.14,-0.3294,-0.5556,0.3746,0.7812,-0.3529,0.5611,0.0112,0.0987,0.2362,2
2.16,-0.4145,-0.104,0.4088,0.7808,-0.3472,0.5667,0.014,0.0991,0.232,2
2.18,-0.2095,0.8312,0.4423,0.7734,-0.3431,0.5631,0.016,0.0997,0.2292,2
2.2,-0.0785,0.2021,0.2625,0.7694,-0.3478,0.5546,0.0164,0.1003,0.2283,2
2.22,-0.3721,-1.2592,0.2957,0.779,-0.3534,0.557,0.0161,0.098,0.227,2
2.24,-0.3716,-0.8362,0.3317,0.7849,-0.3486,0.5627,0.0076,0.0993,0.2303,2
2.26,-0.1694,0.1234,0.2861,0.7712,-0.3441,0.5574,0.0199,0.0986,0.2338,2
2.28,-0.0686,0.1661,0.5223,0.7762,-0.3477,0.5496,0.0151,0.1032,0.2397,2
2.3,-0.208,0.4107,0.5405,0.7676,-0.3483,0.5555,0.0189,0.1027,0.2275,2
2.32,-0.0796,0.6014,0.4878,0.7721,-0.3469,0.5601,0.0154,0.1002,0.229,2
2.34,0.1686,0.3875,0.322,0.7824,-0.3475,0.5546,0.0243,0.1012,0.2277,2
2.36,-0.387,-0.8261,0.1627,0.7826,-0.3508,0.5565,0.0134,0.1026,0.2333,2
2.38,-0.3553,0.8217,0.2251,0.7642,-0.3437,0.5595,0.0114,0.106,0.2277,2
2.4,-0.3029,0.633,0.1168,0.7695,-0.3462,0.5544,0.0097,0.1046,0.2298,2
2.42,-0.293,-0.1685,0.0172,0.7808,-0.3495,0.5599,0.0013,0.0984,0.2394,2
2.44,-0.5337,-1.1858,0.3383,0.7716,-0.3536,0.5589,0.0058,0.0999,0.2373,2
2.46,-0.5691,-1.4496,0.6089,0.7681,-0.3532,0.5562,0.0117,0.103,0.2322,2
2.48,-0.3338,-1.2766,0.6265,0.7746,-0.3497,0.5597,0.0113,0.1023,0.2266,2
2.5,-0.1153,0.136,0.4332,0.7754,-0.3493,0.5618,0.0142,0.1031,0.2242,2
2.52,-0.084,1.4148,0.2572,0.7734,-0.3482,0.5598,0.0195,0.1046,0.2314,2
2.54,-0.1319,0.7609,0.3413,0.7755,-0.3481,0.5586,0.0222,0.1017,0.234,2
2.56,-0.1632,-0.1546,0.5304,0.7776,-0.3565,0.5592,0.0193,0.0992,0.2245,2
2.58,-0.2757,-0.1331,0.546,0.7813,-0.3571,0.5585,0.0025,0.1007,0.2261,2
2.6,-0.2479,0.4706,0.4598,0.783,-0.3441,0.5493,0.0,0.0977,0.2259,2
2.62,0.0064,0.0253,0.3359,0.7759,-0.353,0.5576,0.0113,0.0948,0.2173,2
2.64,-0.0876,-0.9902,0.2416,0.7728,-0.3532,0.5689,0.0176,0.0973,0.2307,2
2.66,-0.3261,0.5126,0.1411,0.7754,-0.351,0.5642,0.0153,0.0973,0.2223,2
2.68,-0.1056,0.907,-0.0407,0.773,-0.3484,0.5569,0.0182,0.0987,0.2346,2
2.7,-0.315,0.0467,0.4081,0.7699,-0.3451,0.5575,0.0157,0.1048,0.2303,2
2.72,-0.1675,-0.4962,0.4825,0.7827,-0.3488,0.5596,0.01,0.1006,0.2235,2
2.74,-0.1058,-0.2354,0.3912,0.7828,-0.3515,0.5543,0.0138,0.1,0.2252,2
2.76,-0.2036,0.3247,0.3088,0.7766,-0.3527,0.5586,0.0144,0.1022,0.2271,2
2.78,0.0122,0.4715,0.4527,0.7784,-0.3492,0.5556,0.004,0.0997,0.2303,2
2.8,0.0901,0.8036,0.3922,0.7739,-0.3456,0.5582,0.0016,0.0988,0.2196,2
2.82,0.0769,0.3551,0.4565,0.7731,-0.3479,0.5641,0.0056,0.0985,0.2221,2
2.84,-0.0904,-0.8777,0.5968,0.7788,-0.3521,0.557,0.0101,0.0985,0.2271,2
2.86,-0.3234,-1.5088,0.4834,0.7816,-0.3542,0.5563,0.0163,0.099,0.2239,2
2.88,-0.3352,-0.7556,0.3798,0.7786,-0.3531,0.5636,0.0198,0.1,0.2279,2
2.9,-0.2018,0.5165,0.4584,0.7733,-0.3495,0.5572,0.0161,0.1032,0.2328,2
2.92,0.1534,0.4876,0.5246,0.7796,-0.3518,0.5723,0.0113,0.1022,0.2398,2
2.94,0.1211,0.6799,0.5908,0.7846,-0.3477,0.5678,0.0194,0.1006,0.2225,2
2.96,0.0632,1.7278,0.3005,0.7861,-0.3493,0.5581,0.0242,0.0974,0.2295,2
2.98,-0.3396,0.837,0.4784,0.7817,-0.3546,0.5507,0.0098,0.1016,0.235,2
3.0,-0.1921,-0.7319,0.4126,0.7756,-0.3559,0.5691,0.0107,0.1027,0.2349,2
3.02,-0.3518,-1.2085,0.3668,0.7713,-0.3564,0.5634,0.0079,0.1059,0.2415,2
3.04,-0.5362,0.076,0.145,0.7742,-0.347,0.5591,0.016,0.103,0.2347,2
3.06,-0.6589,-1.3688,0.0878,0.7734,-0.3511,0.5575,0.0162,0.1027,0.2272,2
3.08,-0.6776,-0.8663,-0.0377,0.7764,-0.3541,0.5597,0.0089,0.0964,0.2318,2
3.1,-0.4236,0.0812,0.0563,0.7849,-0.3482,0.5626,0.0058,0.0994,0.2361,2
3.12,-0.272,0.6641,0.1613,0.7781,-0.3493,0.5557,0.0104,0.1014,0.2327,2
3.14,-0.4143,1.0569,0.0353,0.7728,-0.3516,0.5561,0.0176,0.1036,0.2297,2
3.16,-0.4731,1.1107,-0.0783,0.7729,-0.3513,0.5592,0.0078,0.1018,0.2279,2
3.18,-0.421,0.6097,0.0843,0.7719,-0.3474,0.5537,0.0002,0.1009,0.2281,2
3.2,-0.3509,0.1228,0.2488,0.773,-0.3442,0.5571,0.0095,0.102,0.2303,2
3.22,-0.1135,0.2044,0.2989,0.7746,-0.3481,0.5703,0.0115,0.0991,0.2312,2
3.24,0.0678,0.2014,0.4463,0.7683,-0.3499,0.5662,0.0099,0.1021,0.2339,2
3.26,-0.0109,-0.4309,0.2307,0.765,-0.3473,0.5636,0.0208,0.1037,0.2329,2
3.28,-0.1283,-0.6365,0.1906,0.7847,-0.3448,0.5632,0.0253,0.1005,0.2245,2
3.3,-0.2706,1.3544,0.2817,0.78,-0.3427,0.563,0.011,0.1014,0.2251,2
3.32,-0.1783,1.9383,0.1958,0.7772,-0.3476,0.5624,0.0151,0.0999,0.2304,2
3.34,-0.1707,1.7864,0.2013,0.7796,-0.3455,0.5522,0.0155,0.1007,0.2297,2
3.36,-0.6214,-0.5679,0.3855,0.7839,-0.3507,0.5614,0.0105,0.0983,0.2349,2
3.38,-0.7494,-0.7979,0.4984,0.7696,-0.3511,0.5614,0.012,0.1,0.234,2
3.4,-0.804,-0.5864,0.3712,0.7801,-0.3512,0.5749,0.0115,0.0989,0.2325,2
3.42,-0.6236,-0.1714,0.207,0.7886,-0.3529,0.5654,0.0126,0.099,0.2311,2
3.44,-0.3602,0.2302,0.1462,0.7724,-0.3551,0.5578,0.0141,0.1019,0.2337,2
3.46,-0.1118,0.3014,0.4008,0.7699,-0.3519,0.5616,0.0124,0.1028,0.236,2
3.48,-0.0214,0.8861,0.4023,0.7728,-0.3488,0.567,0.0078,0.1034,0.232,2
3.5,-0.0297,0.5861,0.2752,0.7711,-0.3494,0.5695,0.012,0.1027,0.2337,2
3.52,-0.2363,-0.7824,0.3871,0.7778,-0.3512,0.5673,0.0146,0.1016,0.2363,2
3.54,-0.5249,-1.0752,0.4894,0.7859,-0.353,0.565,0.0104,0.1014,0.233,2
3.56,-0.3616,0.0984,0.4682,0.7812,-0.3537,0.562,0.0093,0.1006,0.2354,2
3.58,0.0911,0.9821,0.5086,0.7759,-0.3528,0.5524,0.0042,0.102,0.2361,2
3.6,0.2016,0.0232,0.4629,0.7696,-0.3536,0.5629,0.0158,0.1025,0.2322,2
3.62,0.2348,-1.0214,0.6915,0.7597,-0.3494,0.5629,0.0098,0.1002,0.2298,2
3.64,0.0205,-2.1221,0.8592,0.768,-0.3497,0.5573,0.0204,0.0996,0.2304,2
3.66,-0.2605,-0.4523,0.7277,0.7668,-0.3491,0.5544,0.0103,0.0974,0.2341,2
3.68,0.2871,-0.2988,0.5693,0.7778,-0.3553,0.571,0.0049,0.0976,0.2293,2
3.7,0.002,0.0445,0.625,0.7658,-0.3556,0.556,0.0002,0.0989,0.2311,2
3.72,-0.0181,-0.5709,0.7052,0.783,-0.3521,0.5616,0.0133,0.1022,0.2319,2
3.74,0.185,0.5985,0.3015,0.7847,-0.3493,0.5599,0.0084,0.1033,0.2336,2
3.76,-0.0867,0.9609,0.1056,0.7798,-0.3439,0.5571,0.0098,0.1013,0.2279,2
3.78,-0.5145,0.2629,0.2703,0.7794,-0.3456,0.5611,0.0029,0.1021,0.2186,2
3.8,-0.7684,-0.2204,0.2854,0.7755,-0.3492,0.5541,0.0043,0.1026,0.2236,2
3.82,-0.8125,0.4689,0.2679,0.7664,-0.3484,0.5571,0.0075,0.1019,0.2311,2
3.84,-0.6737,0.6213,0.0462,0.7677,-0.351,0.5575,0.0145,0.0992,0.2304,2
3.86,-0.5844,-0.3328,-0.1929,0.7754,-0.3541,0.5524,0.0219,0.0978,0.2291,2
3.88,-0.5473,-0.1693,-0.1336,0.7763,-0.3497,0.5564,0.0144,0.1,0.2314,2
3.9,-0.325,0.7652,-0.0209,0.7761,-0.3493,0.5554,0.0068,0.1022,0.231,2
3.92,-0.0962,0.1621,0.2189,0.776,-0.3542,0.5577,0.0152,0.1049,0.2274,2
3.94,0.2214,0.5692,0.1196,0.776,-0.3468,0.5552,0.0144,0.1016,0.2317,2
3.96,-0.0908,-0.2086,0.5669,0.7785,-0.3501,0.5651,0.0101,0.0975,0.224,2
3.98,-0.4845,0.0806,0.6242,0.7839,-0.3468,0.555,0.0129,0.0963,0.2406,2
4.0,-0.5547,0.2869,0.6977,0.7804,-0.3415,0.563,0.0,0.0943,0.2419,2
4.02,-0.4056,0.5319,0.3836,0.7708,-0.3449,0.5467,0.0093,0.1,0.2266,2
4.04,-0.5877,0.6816,0.3794,0.7769,-0.3481,0.5564,0.0088,0.1014,0.2347,2
4.06,-0.4172,0.1216,0.1038,0.7749,-0.3527,0.5588,0.0145,0.1001,0.2356,2
4.08,-0.5966,-0.028,-0.0239,0.7694,-0.3552,0.5556,0.0054,0.1025,0.2363,2
4.1,-0.5336,0.1762,-0.0476,0.7739,-0.3533,0.5648,0.0111,0.1019,0.2347,2
4.12,0.0521,0.6899,0.2457,0.775,-0.3504,0.5623,0.0111,0.1005,0.231,2
4.14,0.3718,0.7595,0.5518,0.7793,-0.3538,0.5638,0.0149,0.0986,0.2282,2
4.16,0.2513,-0.053,0.5598,0.7756,-0.3541,0.5607,0.0183,0.1004,0.2311,2
4.18,0.0864,-1.3266,0.5317,0.7712,-0.3533,0.5556,0.0215,0.1006,0.2302,2
4.2,0.0062,-1.4648,0.6438,0.7754,-0.3545,0.5565,0.0236,0.0973,0.2279,2
4.22,-0.045,-0.6758,0.4767,0.7787,-0.3511,0.5606,0.019,0.0974,0.2331,2
4.24,-0.1654,-0.8506,0.0899,0.7823,-0.347,0.5625,0.0163,0.1005,0.235,2
4.26,-0.4422,-0.8425,0.2722,0.7831,-0.3467,0.5506,0.0121,0.1034,0.2302,2
4.28,-0.3739,-0.3003,0.3896,0.7738,-0.3471,0.562,0.0079,0.1022,0.2179,2
4.3,-0.4025,1.9876,0.2761,0.7836,-0.3521,0.5549,0.0138,0.0992,0.2273,2
4.32,-0.206,2.4897,0.5185,0.7718,-0.3543,0.5629,0.0167,0.1023,0.2279,2
4.34,0.0609,1.8224,0.3392,0.7827,-0.3546,0.5595,0.0224,0.1062,0.2282,2
4.36,-0.1495,0.4456,0.5004,0.7721,-0.3533,0.5614,0.0224,0.1052,0.2317,2
4.38,-0.0535,-0.4454,0.7042,0.7723,-0.352,0.556,0.0057,0.0993,0.2308,2
4.4,0.0216,-1.7175,0.5978,0.7749,-0.3516,0.5556,0.0058,0.1012,0.2346,2
4.42,-0.1678,-2.4623,0.7352,0.7797,-0.349,0.5616,0.023,0.1005,0.2353,2
4.44,-0.0249,-1.1632,0.7671,0.7756,-0.3485,0.556,0.0145,0.0996,0.226,2
4.46,0.3078,0.0128,0.7426,0.7836,-0.3493,0.5476,0.011,0.1014,0.2291,2
4.48,0.3223,1.044,0.8014,0.7868,-0.3467,0.5558,0.0126,0.1019,0.2278,2
4.5,0.1115,1.1168,0.8052,0.781,-0.3441,0.564,0.0184,0.0998,0.2292,2
4.52,-0.1544,0.9989,0.6374,0.7737,-0.348,0.5609,0.0237,0.0975,0.2327,2
4.54,-0.2965,1.3166,0.5611,0.7725,-0.3524,0.5538,0.0215,0.0962,0.2304,2
4.56,-0.2408,0.6833,0.5768,0.778,-0.3525,0.5528,0.0148,0.0972,0.2298,2
4.58,-0.2277,-0.4136,0.415,0.7795,-0.3534,0.5623,0.0112,0.0993,0.2306,2
4.6,-0.2341,-0.1989,0.3725,0.7764,-0.3503,0.5621,0.0148,0.0969,0.2279,2
4.62,-0.3963,0.4473,0.1459,0.7704,-0.3516,0.5455,0.0056,0.097,0.2205,2
4.64,-0.5277,0.8807,0.2404,0.7776,-0.3502,0.5462,0.009,0.1019,0.2258,2
4.66,-0.5516,-0.2024,0.608,0.7773,-0.3502,0.5558,0.0067,0.0982,0.2246,2
4.68,-0.0225,0.6604,0.3682,0.7756,-0.355,0.5584,0.0076,0.1035,0.2287,2
4.7,0.2084,0.8293,0.3865,0.7738,-0.3553,0.5522,0.0027,0.1026,0.2263,2
4.72,0.1491,0.3454,0.6043,0.7702,-0.3586,0.5621,0.0046,0.0987,0.2246,2
4.74,0.0614,0.4609,0.4344,0.7782,-0.3527,0.5631,0.008,0.1007,0.2307,2
4.76,-0.2543,-0.4111,0.3711,0.7756,-0.3479,0.5633,0.0083,0.1039,0.2296,2
4.78,-0.3482,-0.8973,0.5521,0.7779,-0.3535,0.5491,0.0079,0.0987,0.2314,2
4.8,-0.2447,-1.3061,0.53,0.7725,-0.3523,0.5624,0.0062,0.1012,0.2323,2
4.82,-0.107,0.1662,0.1803,0.7806,-0.3484,0.5651,0.0119,0.1029,0.228,2
4.84,-0.121,1.0077,0.1361,0.7801,-0.3544,0.566,0.016,0.1037,0.2291,2
4.86,-0.0749,1.4266,0.3603,0.7713,-0.3584,0.5624,0.0191,0.1029,0.2343,2
4.88,0.058,1.693,0.3236,0.7695,-0.3528,0.561,0.02,0.102,0.2296,2
4.9,-0.0341,0.3202,0.1705,0.7713,-0.354,0.5674,0.0136,0.1036,0.2235,2
4.92,-0.1296,-0.2501,0.3131,0.7792,-0.3614,0.555,0.0121,0.1017,0.2287,2
4.94,0.1117,0.7072,0.5479,0.7787,-0.3533,0.5634,0.0135,0.0995,0.2265,2
4.96,0.1405,0.8033,0.4444,0.778,-0.3488,0.5593,0.0078,0.0943,0.2288,2
4.98,-0.1836,-1.9999,0.2636,0.7758,-0.3602,0.5735,0.0053,0.1041,0.2328,2
5.0,0.0648,-1.137,0.4404,0.7973,-0.3653,0.5485,0.0066,0.1028,0.2328,2
5.02,-0.0595,0.6914,0.369,0.7861,-0.3573,0.5697,0.0119,0.0983,0.2179,2
5.04,-0.0582,2.3619,0.1606,0.7753,-0.3431,0.5494,0.0096,0.099,0.2374,2
5.06,-0.0942,0.1183,-0.1675,0.781,-0.3504,0.5602,0.0057,0.1066,0.2295,2
5.08,-0.6646,-1.2142,-0.0151,0.7841,-0.3498,0.5575,0.0097,0.1032,0.2286,2
5.1,-0.4256,-0.703,0.1417,0.7724,-0.3484,0.5674,0.0143,0.1051,0.2377,2
5.12,-0.223,0.4017,0.1738,0.7682,-0.3517,0.5648,0.0192,0.1018,0.2318,2
5.14,-0.0803,1.1856,0.3118,0.7645,-0.354,0.5666,0.0174,0.1008,0.2268,2
5.16,-0.129,1.2435,0.0226,0.7684,-0.3494,0.5531,0.0198,0.1021,0.2288,2
5.18,-0.202,0.4707,-0.0596,0.772,-0.3481,0.5445,0.0189,0.1025,0.2325,2
5.2,-0.3218,0.2688,0.1801,0.7747,-0.3475,0.5474,0.0144,0.1006,0.2245,2
5.22,-0.5779,0.7972,0.1738,0.7717,-0.3492,0.5506,0.0152,0.0981,0.2185,2
5.24,-0.5478,0.8089,0.1555,0.7665,-0.3561,0.5529,0.0154,0.0959,0.2273,2
5.26,-0.1696,0.6188,0.3863,0.7784,-0.3553,0.5516,0.0105,0.096,0.2269,2
5.28,-0.1525,0.4079,0.3293,0.7846,-0.3538,0.5579,0.0118,0.1011,0.2196,2
5.3,-0.2548,-0.4487,0.1258,0.7772,-0.3535,0.5601,0.0184,0.0976,0.2255,2
5.32,-0.5207,-0.389,0.4774,0.7826,-0.3475,0.5604,0.0192,0.0957,0.2224,2
5.34,-0.2899,0.0047,0.3497,0.7821,-0.3449,0.5645,0.0091,0.0961,0.2245,2
5.36,-0.2513,0.4571,0.1826,0.782,-0.3477,0.5575,0.0073,0.0996,0.2262,2
5.38,-0.3561,-0.3667,0.2772,0.7814,-0.3373,0.5549,0.0086,0.1015,0.2247,2
5.4,-0.1132,-0.9719,0.5704,0.7699,-0.3464,0.5632,0.0165,0.1027,0.2237,2
5.42,-0.2063,-0.2247,0.4863,0.7759,-0.3474,0.5684,0.014,0.0999,0.2255,2
5.44,-0.1276,0.2583,0.4709,0.7734,-0.3533,0.5618,0.0214,0.0966,0.2371,2
5.46,-0.0295,0.403,0.3428,0.7663,-0.3526,0.5605,0.0109,0.1001,0.2277,2
5.48,-0.0855,0.39,0.3938,0.7712,-0.3518,0.5627,0.0131,0.1011,0.2269,2
5.5,-0.2455,-0.2461,0.3397,0.7729,-0.3572,0.5706,0.01,0.1028,0.2299,2
5.52,-0.1964,0.3688,0.368,0.783,-0.3586,0.5686,0.0061,0.1035,0.2303,2
5.54,-0.0888,1.261,0.4,0.7838,-0.3529,0.5617,0.0096,0.1019,0.2298,2
5.56,-0.0857,1.0991,0.3181,0.7761,-0.3509,0.5591,0.0138,0.0979,0.2302,2
5.58,-0.0697,0.5068,0.4145,0.7765,-0.3538,0.5624,0.0135,0.0952,0.2301,2
5.6,-0.0726,-0.2911,0.5849,0.7695,-0.3522,0.5692,0.0114,0.0999,0.2294,2
5.62,-0.1858,-0.5092,0.3783,0.7673,-0.3476,0.5638,0.0134,0.1035,0.2318,2
5.64,-0.4369,-0.4481,0.146,0.7702,-0.3463,0.5629,0.0066,0.0975,0.2303,2
5.66,-0.461,-0.7757,0.5204,0.7719,-0.35,0.5583,0.0069,0.0977,0.2349,2
5.68,-0.6713,0.11,0.421,0.7718,-0.3564,0.557,0.0184,0.1,0.2257,2
5.7,-0.0811,0.3404,0.4455,0.7727,-0.3461,0.5536,0.0112,0.0962,0.2416,2
5.72,0.1342,0.6657,0.3736,0.7648,-0.3437,0.5559,0.0096,0.1042,0.2422,2
5.74,0.0481,-0.5282,0.4237,0.7803,-0.35,0.5594,0.0008,0.1017,0.2343,2
5.76,-0.3347,-1.0013,0.3997,0.7812,-0.353,0.5663,0.0069,0.102,0.226,2
5.78,-0.4328,-0.964,0.5864,0.7801,-0.3528,0.5661,0.0155,0.0999,0.2317,2
5.8,0.203,0.6883,0.9878,0.7856,-0.3525,0.5713,0.0131,0.1006,0.2275,2
5.82,0.1347,1.8792,0.3576,0.7808,-0.3474,0.5609,0.0078,0.1003,0.2288,2
5.84,-0.1429,1.0967,0.1921,0.7746,-0.3478,0.5635,0.0054,0.1015,0.2405,2
5.86,-0.4371,0.0388,0.4785,0.7723,-0.3514,0.5642,0.014,0.1024,0.2461,2
5.88,-0.5622,-0.6094,0.5524,0.7689,-0.3558,0.5675,0.0156,0.1012,0.2322,2
5.9,-0.4377,-1.2804,0.5604,0.7706,-0.3596,0.5649,0.0059,0.0997,0.219,2
5.92,-0.234,-1.5022,0.5442,0.7773,-0.3575,0.5519,0.0015,0.1007,0.2238,2
5.94,-0.1031,-1.1045,0.3631,0.7806,-0.3548,0.5543,0.0049,0.1036,0.2292,2
5.96,-0.1458,-0.7257,0.3963,0.7833,-0.3571,0.5579,0.0093,0.1022,0.2238,2
5.98,-0.0595,-0.0989,0.6644,0.7762,-0.3505,0.554,0.0088,0.0978,0.2207,2
6.0,-0.4702,0.3218,0.4333,0.7721,-0.3486,0.5598,0.0156,0.1012,0.2316,2
6.02,-0.6034,0.4912,-0.0425,0.7859,-0.353,0.5537,0.0137,0.1062,0.2345,2
6.04,-0.6937,0.0605,-0.1081,0.7793,-0.3519,0.5599,0.007,0.1043,0.2309,2
6.06,-0.2721,0.5162,0.0445,0.7686,-0.3525,0.5408,0.0177,0.1011,0.229,2
6.08,-0.0401,-0.0494,0.2811,0.771,-0.3566,0.5575,0.0154,0.1034,0.2262,2
6.1,0.2194,-0.8543,0.0166,0.7869,-0.3567,0.5594,0.0128,0.1011,0.2298,2
6.12,-0.0287,0.3637,-0.0496,0.7833,-0.3471,0.569,0.0083,0.0978,0.2283,2
6.14,0.0601,-0.0691,0.2359,0.7855,-0.3517,0.5726,0.0093,0.0983,0.2301,2
6.16,-0.0678,-0.1642,0.2505,0.7825,-0.3572,0.5649,0.0094,0.102,0.235,2
6.18,-0.3556,0.1205,0.0035,0.7902,-0.3514,0.5649,0.021,0.103,0.2242,2
6.2,-0.3775,-0.5037,0.4913,0.7823,-0.3437,0.565,0.0184,0.1041,0.227,2
6.22,-0.2546,-0.8246,0.8763,0.7692,-0.3515,0.5653,0.0108,0.1041,0.2288,2
6.24,-0.2412,-0.516,0.6193,0.766,-0.3595,0.5582,0.0127,0.1001,0.2214,2
6.26,-0.2488,-0.443,0.1612,0.7705,-0.3541,0.5548,0.0141,0.0986,0.225,2
6.28,-0.1662,0.0776,-0.1992,0.7776,-0.3507,0.5597,0.0064,0.1023,0.23,2
6.3,-0.1959,0.9677,-0.1684,0.7737,-0.3529,0.5523,0.0022,0.1029,0.2241,2
6.32,-0.4558,0.5086,0.0405,0.7679,-0.3535,0.5598,0.0149,0.1012,0.2285,2
6.34,-0.5215,0.4279,0.2527,0.7814,-0.3544,0.5596,0.0036,0.1034,0.2306,2
6.36,-0.5082,-0.1388,0.3067,0.7829,-0.351,0.5633,0.0096,0.1072,0.2287,2
6.38,-0.2779,0.1491,0.9168,0.7731,-0.3497,0.5587,0.0161,0.1052,0.2262,2
6.4,-0.3724,1.6933,0.643,0.7722,-0.3501,0.5502,0.0107,0.1013,0.2296,2
6.42,-0.2328,1.2533,0.2762,0.7721,-0.3449,0.5596,0.0176,0.1021,0.2303,2
6.44,0.2101,-0.1151,0.6031,0.7794,-0.3494,0.5709,0.0105,0.104,0.2351,2
6.46,0.1309,-0.0665,0.6957,0.7667,-0.3575,0.5743,0.021,0.1023,0.2271,2
6.48,0.01,-0.1216,0.767,0.7728,-0.36,0.5664,0.0119,0.1012,0.2254,2
6.5,0.0879,-0.321,0.5615,0.7826,-0.3503,0.5644,0.006,0.103,0.231,2
6.52,-0.324,0.4221,-0.0564,0.7772,-0.3454,0.556,0.0134,0.1047,0.2378,2
6.54,-0.4016,0.9338,-0.1803,0.7765,-0.3458,0.5508,0.0174,0.1019,0.2323,2
6.56,-0.1691,0.9274,0.1457,0.7734,-0.3458,0.5545,0.0098,0.0987,0.2311,2
6.58,-0.1348,1.1146,0.3795,0.768,-0.3546,0.5568,0.0084,0.101,0.2297,2
6.6,-0.1343,1.2359,0.3057,0.7732,-0.3596,0.5516,0.0179,0.1045,0.2268,2
6.62,-0.0629,0.4847,0.099,0.7781,-0.3533,0.5503,0.0159,0.1045,0.2299,2
6.64,-0.1956,-0.3748,0.163,0.7755,-0.3528,0.5584,0.0063,0.1038,0.2331,2
6.66,-0.2265,-0.1411,0.5526,0.7783,-0.3515,0.5578,0.0146,0.1021,0.2398,2
6.68,0.1461,-0.2996,0.6828,0.7716,-0.3517,0.551,0.0153,0.1027,0.2403,2
6.7,-0.1208,-1.0737,0.2814,0.7786,-0.3566,0.5625,0.0167,0.1062,0.2275,2
6.72,-0.6095,-1.0366,0.2666,0.779,-0.351,0.557,0.0199,0.106,0.2304,2
6.74,-0.4297,0.2723,0.244,0.7781,-0.3457,0.5601,0.0084,0.102,0.2262,2
6.76,-0.1571,0.6984,0.1269,0.7939,-0.3535,0.5676,0.0123,0.1031,0.2291,2
6.78,0.0687,0.118,0.2886,0.7847,-0.3467,0.567,0.0217,0.0978,0.237,2
6.8,-0.0548,0.142,0.2656,0.7775,-0.3509,0.5661,0.0163,0.1022,0.2292,2
6.82,-0.0332,1.3244,0.1331,0.7742,-0.3525,0.558,0.0085,0.0998,0.2337,2
6.84,-0.1316,0.956,0.2133,0.78,-0.354,0.5739,0.0114,0.104,0.2293,2
6.86,-0.1075,-0.2595,0.5507,0.7771,-0.3499,0.5695,0.0182,0.1023,0.2267,2
6.88,-0.1188,-0.5276,0.5803,0.7819,-0.3456,0.5609,0.0132,0.1025,0.227,2
6.9,-0.2605,0.053,0.3034,0.7757,-0.3433,0.5625,0.0088,0.1003,0.2305,2
6.92,-0.4903,-0.088,0.4473,0.7732,-0.3449,0.5589,0.0116,0.1002,0.2346,2
6.94,-0.6037,-0.6879,0.4795,0.7772,-0.3479,0.5525,0.0083,0.101,0.2342,2
6.96,-0.542,-0.3437,0.0661,0.7819,-0.3478,0.5504,0.0104,0.0983,0.2332,2
6.98,-0.3752,0.1758,0.0603,0.7834,-0.349,0.5524,0.0153,0.0976,0.2354,2
7.0,-0.1313,-0.2778,0.3139,0.7746,-0.3516,0.5587,0.0027,0.1014,0.2362,2
7.02,0.0142,-0.3048,0.112,0.7776,-0.3467,0.5554,0.0048,0.106,0.2338,2
7.04,0.083,-0.4851,0.2661,0.7722,-0.3497,0.5538,0.0004,0.1073,0.2293,2
7.06,-0.0218,-2.1235,0.7234,0.7818,-0.3568,0.5578,0.0095,0.1032,0.2358,2
7.08,-0.4506,-1.8552,1.0439,0.7842,-0.3576,0.5691,0.0038,0.1047,0.2326,2
7.1,-0.1776,-1.2264,0.5076,0.7733,-0.3526,0.5696,0.0106,0.1044,0.2329,2
7.12,-0.0521,-0.0004,-0.0001,0.7854,-0.3467,0.5593,0.0081,0.1059,0.2322,2
7.14,0.1731,1.254,-0.6482,0.7813,-0.3527,0.5647,0.014,0.1024,0.2353,2
7.16,-0.0996,0.547,-0.0639,0.7792,-0.3557,0.5559,0.0184,0.1062,0.2241,2
7.18,0.0048,0.2188,0.1969,0.7818,-0.3562,0.5577,0.0096,0.1033,0.2301,2
7.2,-0.2323,0.4581,-0.0821,0.7703,-0.3529,0.5655,0.0159,0.1022,0.2343,2
7.22,-0.2002,0.5112,0.0144,0.7711,-0.3462,0.5624,0.0176,0.1017,0.2337,2
7.24,-0.1222,-0.0767,0.043,0.7731,-0.3444,0.5509,0.0143,0.1015,0.2274,2
7.26,-0.1021,0.0021,0.2136,0.7709,-0.3462,0.555,0.0082,0.1018,0.2278,2
7.28,-0.1976,-0.3981,0.6031,0.7741,-0.3453,0.5663,0.0063,0.1011,0.2357,2
7.3,-0.4714,-0.4421,0.749,0.774,-0.3468,0.5667,0.0035,0.1011,0.2301,2
7.32,-0.3225,0.1485,0.6121,0.7715,-0.3533,0.5579,0.0011,0.1035,0.228,2
7.34,0.1302,0.1053,0.4296,0.7757,-0.3514,0.5537,0.0065,0.1045,0.2402,2
7.36,-0.027,0.225,0.2728,0.7769,-0.3435,0.5632,0.01,0.1023,0.2317,2
7.38,-0.1292,-0.4652,0.4333,0.7783,-0.3511,0.5705,0.0102,0.101,0.2286,2
7.4,-0.5073,0.1018,0.5854,0.7672,-0.3555,0.5537,0.0063,0.1001,0.2314,2
7.42,-0.275,0.3542,0.4335,0.7804,-0.3538,0.555,0.0107,0.1044,0.2344,2
7.44,-0.3639,0.292,0.1962,0.7672,-0.3462,0.5581,0.0068,0.0995,0.2367,2
7.46,-0.6787,-0.2617,0.4011,0.7828,-0.3501,0.5637,0.0005,0.1018,0.233,2
7.48,-0.5542,-1.0213,0.7891,0.7719,-0.3445,0.5603,0.0154,0.1017,0.232,2
7.5,-0.3399,-1.5792,0.6226,0.7764,-0.3517,0.5719,0.0131,0.0958,0.2262,2
7.52,-0.1338,0.0532,0.4057,0.7885,-0.3499,0.5491,0.0012,0.1014,0.2336,2
7.54,0.0589,1.0344,0.4782,0.7738,-0.35,0.5554,0.0081,0.0976,0.2276,2
7.56,-0.0276,0.2812,0.5175,0.7728,-0.3481,0.5589,0.0087,0.0997,0.2243,2
7.58,-0.0578,-1.0243,0.2026,0.7735,-0.3524,0.5675,0.0103,0.1011,0.2246,2
7.6,-0.037,-0.5893,0.2828,0.7698,-0.3515,0.5636,0.0116,0.1034,0.2373,2
7.62,0.0156,0.5331,0.3361,0.7812,-0.3511,0.5596,0.0153,0.0998,0.2342,2
7.64,-0.2113,0.9,0.1094,0.7842,-0.3532,0.5665,0.0194,0.0994,0.2297,2
7.66,-0.5792,-0.2416,-0.0394,0.7739,-0.3535,0.5654,0.013,0.1032,0.229,2
7.68,-0.7932,-1.8099,0.2455,0.7757,-0.3514,0.56,0.0048,0.101,0.2249,2
7.7,-0.7661,-1.6398,0.5623,0.7828,-0.3484,0.561,0.007,0.1008,0.2323,2
7.72,-0.4088,-0.3407,0.3132,0.7774,-0.3471,0.5567,0.0063,0.1061,0.2397,2
7.74,-0.2175,0.1227,0.1887,0.7726,-0.3481,0.5645,0.0064,0.1001,0.2325,2
7.76,-0.1202,0.1081,0.0557,0.7767,-0.3525,0.5612,0.015,0.1006,0.2295,2
7.78,0.2364,-0.0878,0.41,0.7763,-0.3526,0.5666,0.0021,0.1032,0.2276,2
7.8,0.0197,-0.5215,0.2993,0.7819,-0.348,0.5537,0.0119,0.1038,0.2453,2
7.82,-0.0156,0.4022,0.4333,0.7812,-0.3478,0.556,0.0217,0.1071,0.233,2
7.84,-0.4001,0.419,0.2466,0.7803,-0.3486,0.5594,0.0081,0.1033,0.2268,2
7.86,-0.5253,0.1542,0.0843,0.7816,-0.343,0.5562,0.0032,0.0983,0.2311,2
7.88,-0.1948,0.1557,0.2329,0.7742,-0.346,0.553,0.0203,0.0985,0.2354,2
7.9,0.2665,1.1583,0.304,0.7929,-0.3485,0.558,0.0199,0.1011,0.2291,2
7.92,0.5978,1.1751,0.3385,0.7847,-0.3536,0.5673,0.0142,0.0985,0.2288,2
7.94,0.4131,0.6532,0.5631,0.7681,-0.3504,0.5579,0.0128,0.1004,0.2313,2
7.96,-0.0246,-1.225,0.46,0.7671,-0.3542,0.5473,0.0125,0.0988,0.2327,2
7.98,-0.4069,-1.4599,0.3859,0.7762,-0.3513,0.5449,0.0102,0.0978,0.2305,2
8.0,-0.3582,-0.1917,0.5635,0.7813,-0.3459,0.554,0.0095,0.1,0.2371,2
8.02,-0.1403,0.5579,0.7046,0.7783,-0.346,0.564,0.0129,0.1007,0.2417,2
8.04,-0.1839,0.4359,0.5228,0.7808,-0.35,0.5616,0.0162,0.1018,0.2326,2
8.06,-0.2431,-0.4997,0.1496,0.7874,-0.3576,0.5624,0.0188,0.1038,0.2304,2
8.08,-0.2332,-1.7171,-0.0571,0.7767,-0.3611,0.5712,0.02,0.1025,0.2369,2
8.1,-0.4638,-1.7201,-0.1921,0.7683,-0.3552,0.5584,0.0109,0.1029,0.2302,2
8.12,-0.453,-0.2841,-0.2827,0.7764,-0.3431,0.5545,0.0071,0.1019,0.2317,2
8.14,-0.6528,-0.0694,-0.3339,0.7687,-0.3428,0.542,0.0124,0.0988,0.2271,2
8.16,-0.8162,-0.4259,-0.0649,0.7834,-0.3402,0.5507,0.0155,0.1001,0.2261,2
8.18,-0.61,-0.0737,-0.1606,0.7794,-0.351,0.5511,0.0057,0.1021,0.234,2
8.2,-0.9187,-0.4245,-0.2573,0.7887,-0.3574,0.5512,0.0125,0.1019,0.2319,2
8.22,-0.4924,0.3675,0.4473,0.7768,-0.3407,0.554,0.0122,0.1043,0.2382,2
8.24,0.1226,-0.3657,0.4941,0.775,-0.3469,0.5532,0.0169,0.1037,0.2322,2
8.26,0.1818,-0.527,0.5264,0.7722,-0.3533,0.5608,0.008,0.1023,0.2294,2
8.28,-0.1705,-1.4571,0.829,0.778,-0.3496,0.5588,0.0048,0.0956,0.235,2
8.3,-0.2543,-0.8582,0.5891,0.7758,-0.343,0.5551,0.0114,0.0968,0.2319,2
8.32,-0.2314,-0.267,0.4947,0.7805,-0.3463,0.5707,0.0151,0.1015,0.2311,2
8.34,-0.2252,0.2314,0.4879,0.7845,-0.3495,0.5667,0.0156,0.1025,0.2331,2
8.36,-0.0221,1.0633,0.4332,0.7763,-0.3483,0.5563,0.0144,0.0999,0.2337,2
8.38,-0.059,1.3737,0.3701,0.7739,-0.3489,0.5591,0.0144,0.0972,0.2332,2
8.4,-0.2197,0.4993,0.2951,0.7782,-0.3486,0.5559,0.009,0.0996,0.2297,2
8.42,-0.3492,-0.834,0.4488,0.7803,-0.3455,0.545,0.0057,0.104,0.2315,2
8.44,-0.7747,-1.196,0.6927,0.7862,-0.3486,0.5453,0.012,0.1014,0.2382,2
8.46,-0.6695,-0.3578,0.4558,0.7797,-0.357,0.5533,0.0057,0.0989,0.2312,2
8.48,-0.3906,-0.21,0.4372,0.7765,-0.3607,0.5574,0.0184,0.1036,0.2358,2
8.5,0.0959,-0.321,0.5521,0.7897,-0.3555,0.5618,0.0176,0.1018,0.2346,2
8.52,0.4279,1.6905,0.7169,0.7805,-0.3467,0.5588,0.0099,0.1008,0.2286,2
8.54,0.195,0.038,0.2956,0.7676,-0.3451,0.5572,0.0135,0.1031,0.2281,2
8.56,-0.0398,-0.1829,0.3798,0.7856,-0.3566,0.5557,0.013,0.0988,0.2312,2
8.58,-0.2338,0.7122,0.0211,0.7915,-0.3539,0.5572,0.009,0.098,0.2329,2
8.6,-0.5077,-0.6988,0.0998,0.7817,-0.3522,0.5647,0.0152,0.0977,0.2325,2
8.62,-0.598,-1.1289,0.2401,0.7888,-0.3587,0.5552,0.0098,0.101,0.2248,2
8.64,-0.4862,-0.8603,0.6489,0.7859,-0.3561,0.545,0.0113,0.1062,0.2374,2
8.66,-0.2069,0.4588,0.5127,0.7807,-0.3527,0.5489,0.0104,0.1026,0.2374,2
8.68,-0.226,0.364,0.1949,0.7872,-0.3562,0.5494,0.0105,0.1018,0.2316,2
8.7,-0.3861,0.3844,0.0549,0.781,-0.3528,0.5543,0.0126,0.1011,0.2316,2
8.72,-0.3654,0.5908,0.0013,0.774,-0.3484,0.5549,0.0079,0.1011,0.2302,2
8.74,-0.1999,0.7698,0.2449,0.7765,-0.3503,0.5571,0.0136,0.1013,0.2282,2
8.76,-0.0863,1.3267,0.3965,0.781,-0.354,0.5608,0.0114,0.0989,0.2299,2
8.78,-0.0549,1.3606,0.1707,0.7859,-0.352,0.5616,0.0,0.0961,0.2315,2
8.8,-0.1077,0.5917,0.1517,0.7896,-0.3486,0.566,0.0092,0.0958,0.2286,2
8.82,-0.1355,0.3356,0.3316,0.7879,-0.3569,0.5658,0.0187,0.0965,0.2258,2
8.84,0.0925,0.3608,0.3343,0.7828,-0.3633,0.561,0.0197,0.0981,0.2314,2
8.86,-0.1185,0.8931,0.2267,0.7749,-0.3477,0.5518,0.0093,0.0988,0.2319,2
8.88,-0.1802,-0.2738,0.3785,0.7713,-0.343,0.5529,0.0158,0.1014,0.2322,2
8.9,-0.2651,-0.1713,0.3874,0.783,-0.3474,0.5446,0.0003,0.1027,0.2197,2
8.92,-0.0945,1.0036,0.1855,0.778,-0.3504,0.5596,0.0023,0.1022,0.2313,2
8.94,0.1303,0.2808,0.2052,0.7822,-0.3515,0.5578,0.0209,0.1058,0.2309,2
8.96,0.0639,0.8909,0.3026,0.7785,-0.3582,0.5595,0.0049,0.1004,0.2299,2
8.98,0.0045,0.5996,0.4705,0.7733,-0.3532,0.5632,0.0161,0.1002,0.2295,2
9.0,-0.0901,0.25,0.1807,0.7824,-0.3475,0.5577,0.0153,0.1071,0.2294,2
9.02,0.0989,-0.3757,0.1151,0.7804,-0.3536,0.5591,0.0086,0.0991,0.2319,2
9.04,-0.1116,-0.4704,0.0015,0.7832,-0.3513,0.5646,0.0078,0.0991,0.2312,2
9.06,-0.3366,-0.0636,0.0188,0.781,-0.3468,0.5617,0.002,0.1032,0.2289,2
9.08,-0.2135,0.2095,0.3778,0.7798,-0.3469,0.5594,0.0104,0.1059,0.2296,2
9.1,-0.0263,0.3567,0.6382,0.7823,-0.3528,0.5597,0.0129,0.1058,0.2328,2
9.12,-0.0025,0.6364,0.3587,0.7842,-0.3559,0.5605,0.0111,0.1023,0.2336,2
9.14,0.0094,0.6889,0.022,0.7833,-0.3525,0.5602,0.011,0.0991,0.2292,2
9.16,-0.0579,-0.0333,0.1723,0.783,-0.3499,0.561,0.0006,0.1003,0.23,2
9.18,-0.3464,-0.6727,0.3916,0.7824,-0.3511,0.5664,0.0,0.1016,0.2355,2
9.2,-0.4574,-0.1416,0.3404,0.7755,-0.3529,0.567,0.0124,0.0998,0.2282,2
9.22,-0.2143,0.0484,0.4234,0.7785,-0.3526,0.5617,0.0049,0.1022,0.2245,2
9.24,0.3066,0.5418,0.5927,0.7769,-0.3506,0.5601,0.0107,0.103,0.2282,2
9.26,0.4807,1.0152,0.552,0.7812,-0.3552,0.5721,0.021,0.1031,0.2367,2
9.28,-0.3618,-0.4506,0.2493,0.7584,-0.3485,0.5569,0.0094,0.1038,0.2321,2
9.3,-0.1764,0.8373,0.3215,0.7791,-0.3463,0.5429,0.0119,0.1004,0.2339,2
9.32,-0.0115,1.1603,0.0994,0.7779,-0.3505,0.5597,0.0067,0.1038,0.235,2
9.34,0.0256,0.6038,0.3431,0.7644,-0.3471,0.5601,0.0061,0.1047,0.2378,2
9.36,-0.1496,-0.4957,0.3299,0.7902,-0.3569,0.5609,0.003,0.0984,0.2264,2
9.38,-0.0522,-0.1269,0.6546,0.7842,-0.3604,0.5559,0.0069,0.0962,0.2295,2
9.4,-0.0778,0.5371,0.6985,0.7695,-0.3488,0.5638,0.0097,0.0989,0.2357,2
9.42,-0.0134,0.5517,0.7238,0.7726,-0.3477,0.5673,0.0125,0.1012,0.2343,2
9.44,-0.0937,-0.015,0.4356,0.7718,-0.3497,0.5563,0.0095,0.1014,0.2334,2
9.46,-0.2596,-0.8804,0.3651,0.7671,-0.3508,0.5562,0.0089,0.1015,0.2367,2
9.48,-0.3287,-1.1438,0.7379,0.7673,-0.3509,0.5516,0.0169,0.1033,0.2332,2
9.5,-0.4162,-0.2496,0.6996,0.7735,-0.3461,0.5473,0.0149,0.1038,0.2307,2
9.52,-0.3013,0.632,0.292,0.7817,-0.3443,0.5551,0.0111,0.1033,0.2324,2
9.54,-0.2759,0.2648,0.1419,0.7797,-0.3522,0.5617,0.0179,0.1037,0.2293,2
9.56,-0.7654,-0.4649,0.123,0.7698,-0.3562,0.5659,0.0149,0.1026,0.2293,2
9.58,-0.6599,-0.0849,0.2375,0.7753,-0.351,0.5648,0.0125,0.1025,0.2322,2
9.6,-0.4279,0.7718,-0.0279,0.7859,-0.3525,0.5619,0.0109,0.1033,0.2279,2
9.62,-0.692,-0.0921,0.0071,0.7809,-0.3548,0.5502,0.0014,0.098,0.2295,2
9.64,-0.611,-0.7253,0.1609,0.7797,-0.3511,0.5628,0.008,0.1032,0.2279,2
9.66,-0.4322,-0.1456,-0.1424,0.7909,-0.354,0.5711,0.002,0.1019,0.2284,2
9.68,-0.6724,-1.0738,0.1212,0.7768,-0.3494,0.5597,0.0097,0.1035,0.232,2
9.7,-0.458,-0.6082,0.3085,0.7854,-0.3553,0.57,0.0111,0.0968,0.2382,2
9.72,-0.1759,0.4048,0.1599,0.7839,-0.3507,0.563,0.0021,0.0989,0.2235,2
9.74,-0.0057,-0.1435,0.3488,0.7798,-0.3482,0.5518,0.0079,0.1062,0.2317,2
9.76,-0.1483,-1.0052,0.609,0.7832,-0.3478,0.5583,0.0182,0.103,0.2437,2
9.78,-0.0916,-1.244,0.6545,0.7795,-0.3497,0.5729,0.0081,0.1036,0.2363,2
9.8,-0.1773,-0.5912,0.5658,0.7773,-0.3504,0.5569,0.0104,0.1023,0.2297,2
9.82,0.0239,0.1374,0.508,0.7781,-0.3495,0.5644,0.0178,0.1028,0.2304,2
9.84,-0.0196,-0.0036,0.5177,0.7751,-0.349,0.5712,0.0171,0.1048,0.2312,2
9.86,-0.1246,-0.1253,0.3684,0.7735,-0.3504,0.5634,0.0132,0.1055,0.2325,2
9.88,0.0083,0.182,0.3664,0.7722,-0.3505,0.5525,0.0048,0.1036,0.2344,2
9.9,0.0784,0.0985,0.5529,0.7745,-0.3484,0.5503,0.0092,0.1041,0.2326,2
9.92,-0.0732,-0.0161,0.5627,0.7854,-0.3486,0.5581,0.0228,0.1056,0.231,2
9.94,-0.1979,0.1716,0.517,0.7886,-0.3494,0.5594,0.0108,0.104,0.2318,2
9.96,-0.0286,-0.0684,0.4825,0.7855,-0.3483,0.5561,0.0,0.1064,0.2291,2
9.98,0.2,0.6138,0.5103,0.7952,-0.3549,0.5541,0.0082,0.1047,0.2343,2
10.0,0.1997,0.4138,0.7116,0.7745,-0.3553,0.5482,0.011,0.1037,0.2404,2
10.02,-0.1931,0.5388,0.4711,0.7776,-0.3499,0.5551,0.004,0.1055,0.234,2
10.04,-0.2526,-0.4746,0.1866,0.7695,-0.3424,0.5473,0.0167,0.1014,0.2374,2
10.06,-0.0522,-0.1911,0.5201,0.7783,-0.352,0.5709,0.0162,0.1038,0.2299,2
10.08,-0.1745,-0.3767,0.8403,0.7808,-0.3544,0.5579,0.0087,0.1032,0.2345,2
10.1,0.1973,-1.2993,0.7325,0.7772,-0.3601,0.56,0.0116,0.1042,0.2233,2
10.12,0.366,0.6698,0.4214,0.7852,-0.3548,0.5653,0.0072,0.1053,0.2241,2
10.14,0.543,1.4358,0.2881,0.7819,-0.3471,0.5616,0.0039,0.1048,0.2367,2
10.16,0.0141,1.004,0.2856,0.7702,-0.3528,0.5605,0.0024,0.1024,0.2387,2
10.18,-0.4398,0.1345,0.2237,0.7745,-0.352,0.5642,0.0071,0.0991,0.2252,2
10.2,-0.1387,-0.0683,0.1718,0.7821,-0.3551,0.565,0.0101,0.0997,0.2212,2
10.22,0.0013,-0.3779,0.4832,0.7753,-0.3573,0.5561,0.0098,0.103,0.2269,2
10.24,0.0095,-0.4504,0.7015,0.7792,-0.3506,0.5476,0.0102,0.1018,0.2304,2
10.26,0.1645,0.0509,0.7086,0.7898,-0.3466,0.557,0.0128,0.1014,0.2242,2
10.28,0.1589,0.7462,0.3859,0.7861,-0.3489,0.5748,0.01,0.1038,0.224,2
10.3,-0.1316,0.8744,-0.053,0.7785,-0.3526,0.5787,0.0109,0.1048,0.231,2
10.32,-0.3503,0.3481,-0.1299,0.7804,-0.353,0.5653,0.0176,0.1049,0.2322,2
10.34,-0.3324,0.109,-0.0785,0.7784,-0.3478,0.5537,0.0124,0.1021,0.2358,2
10.36,-0.3814,0.0525,0.2608,0.764,-0.3544,0.5624,0.0175,0.0995,0.2283,2
10.38,-0.2434,0.8519,-0.0005,0.7735,-0.3544,0.554,0.012,0.1031,0.2289,2
10.4,-0.1823,0.8274,-0.0632,0.7842,-0.3489,0.5686,0.0075,0.0991,0.2371,2
10.42,0.0586,-0.0848,0.1515,0.7774,-0.3438,0.5629,0.0061,0.1036,0.2422,2
10.44,0.1909,-0.1191,0.8619,0.7748,-0.3554,0.5501,0.0145,0.1013,0.2303,2
10.46,0.0622,0.0581,0.5409,0.7796,-0.3471,0.5674,0.0129,0.1006,0.2419,2
10.48,-0.1499,0.0001,0.2526,0.782,-0.3556,0.5656,0.0041,0.1048,0.2327,2
10.5,0.0255,-0.0938,0.7752,0.7657,-0.3455,0.5616,0.0149,0.1041,0.2321,2
10.52,-0.1155,-0.5006,0.8961,0.7696,-0.3482,0.5643,0.0083,0.1023,0.2235,2
10.54,-0.4564,-0.5479,0.883,0.7832,-0.347,0.555,0.0132,0.1024,0.2221,2
10.56,-0.1234,0.3463,0.5804,0.7812,-0.3514,0.5454,0.01,0.1072,0.2334,2
10.58,0.0298,0.2465,0.5701,0.7795,-0.3537,0.5478,0.0082,0.1059,0.2411,2
10.6,-0.1985,-0.1724,0.5858,0.7837,-0.3528,0.5574,0.0087,0.1043,0.2347,2
10.62,-0.2997,-0.2254,0.5507,0.7825,-0.3464,0.56,0.0084,0.1015,0.2334,2
10.64,-0.2301,-0.3523,0.4951,0.7774,-0.3453,0.5657,0.0113,0.1031,0.2336,2
10.66,-0.0591,-0.2047,0.494,0.7781,-0.351,0.5639,0.0127,0.1045,0.2321,2
10.68,0.0959,0.4174,0.4311,0.7782,-0.3546,0.5572,0.0118,0.1054,0.2351,2
10.7,0.0099,0.8337,0.3441,0.7782,-0.3545,0.5618,0.015,0.1062,0.2387,2
10.72,-0.1906,0.5407,0.4537,0.7855,-0.3504,0.5586,0.0201,0.1004,0.2386,2
10.74,-0.2381,-0.3062,0.4889,0.7829,-0.3444,0.5515,0.0218,0.1003,0.2338,2
10.76,-0.1742,-0.4539,0.5584,0.7755,-0.3485,0.5604,0.0147,0.1011,0.2302,2
10.78,-0.218,-0.4031,0.5825,0.768,-0.3548,0.5541,0.0125,0.1057,0.2324,2
10.8,-0.1246,-0.2247,0.7019,0.7708,-0.355,0.5488,0.0202,0.1027,0.2246,2
10.82,-0.12,0.363,0.6083,0.7708,-0.344,0.5426,0.0068,0.1047,0.2295,2
10.84,-0.2022,0.2126,0.6357,0.766,-0.3497,0.5568,0.0093,0.0939,0.2443,2
10.86,-0.1968,0.4249,0.3411,0.7843,-0.3552,0.5479,0.0181,0.0938,0.2335,2
10.88,-0.3936,0.1653,0.4357,0.78,-0.3581,0.5577,0.0036,0.1081,0.2327,2
10.9,-0.2176,-0.0924,0.5177,0.786,-0.3539,0.5454,0.0057,0.1008,0.2269,2
10.92,-0.2853,-0.1503,0.32,0.7788,-0.3482,0.5519,0.0162,0.101,0.2342,2
10.94,0.0324,0.1406,0.0763,0.7726,-0.3484,0.5597,0.0147,0.1022,0.2419,2
10.96,0.1093,0.1532,0.1962,0.7764,-0.351,0.5539,0.0115,0.1046,0.2264,2
10.98,0.1321,0.3382,0.611,0.7782,-0.3498,0.5531,0.017,0.102,0.2298,2
11.0,0.0133,0.2119,0.5244,0.7828,-0.3512,0.562,0.0163,0.104,0.2374,2
11.02,-0.1983,-0.3154,0.3534,0.7683,-0.3492,0.5593,0.0085,0.1006,0.2297,2
11.04,-0.3216,-0.6108,0.3111,0.7696,-0.346,0.5584,0.0096,0.1014,0.2259,2
11.06,-0.3666,-0.592,0.2848,0.7814,-0.3478,0.5615,0.0116,0.1049,0.2314,2
11.08,-0.264,-0.0895,0.2682,0.7782,-0.3534,0.5518,0.0148,0.1017,0.2326,2
11.1,-0.099,0.0758,0.3587,0.7758,-0.3572,0.5442,0.0221,0.0994,0.2319,2
11.12,-0.1596,-0.5113,0.4665,0.776,-0.3559,0.5565,0.0149,0.102,0.2343,2
11.14,-0.2287,0.0285,0.3493,0.7835,-0.3548,0.5657,0.0071,0.1047,0.2331,2
11.16,-0.1125,-0.0069,0.6795,0.7915,-0.3542,0.5571,0.0106,0.1003,0.2307,2
11.18,0.0773,0.469,0.8077,0.7834,-0.3533,0.5553,0.0136,0.105,0.2322,2
11.2,-0.2054,0.0986,0.9436,0.7804,-0.353,0.5446,0.0133,0.1055,0.2332,2
11.22,0.0083,-0.5153,0.9404,0.7753,-0.3489,0.561,0.0081,0.095,0.2284,2
11.24,0.0914,0.4945,0.5543,0.7874,-0.3487,0.5479,0.0122,0.1033,0.2316,2
11.26,0.1552,-0.1051,0.2805,0.7674,-0.3485,0.5737,0.0212,0.1009,0.223,2
11.28,-0.314,-0.1709,0.0828,0.7767,-0.3527,0.5533,0.0186,0.1031,0.2229,2
11.3,-0.8257,-0.2013,0.1138,0.7919,-0.3565,0.5492,0.0209,0.0982,0.2341,2
11.32,-0.3898,0.7136,0.1194,0.7744,-0.3538,0.5626,0.0145,0.0993,0.2292,2
11.34,-0.2249,-0.136,0.0301,0.7771,-0.3584,0.5701,0.0205,0.0989,0.2364,2
11.36,-0.4386,-1.8197,-0.0435,0.7835,-0.3572,0.5525,0.0124,0.1002,0.2349,2
11.38,-0.4025,-1.7231,0.1469,0.7876,-0.3511,0.5522,0.0112,0.1015,0.228,2
11.4,-0.3919,-1.2541,0.1594,0.7823,-0.3447,0.5414,0.0151,0.1007,0.2286,2
11.42,-0.2662,-0.3579,-0.0983,0.7774,-0.3487,0.5327,0.0131,0.1021,0.2316,2
11.44,-0.1941,0.3083,-0.1923,0.7797,-0.3488,0.5479,0.0122,0.1026,0.232,2
11.46,-0.1149,-0.069,0.1993,0.7797,-0.3508,0.5595,0.017,0.1033,0.2332,2
11.48,-0.0206,-0.4796,0.4972,0.7835,-0.3535,0.5551,0.0176,0.1041,0.2369,2
11.5,-0.1589,-0.3539,0.151,0.7877,-0.3512,0.5515,0.0156,0.1048,0.2337,2
11.52,-0.2769,-0.3874,-0.2246,0.7781,-0.3558,0.55,0.0194,0.1071,0.2265,2
11.54,-0.2404,-0.501,-0.0358,0.7729,-0.3521,0.5474,0.0175,0.1068,0.2313,2
11.56,-0.3331,-0.2502,0.2629,0.7718,-0.3481,0.5417,0.0101,0.1078,0.2327,2
11.58,-0.3586,0.2408,0.1681,0.7832,-0.3537,0.5451,0.011,0.1029,0.2331,2
11.6,-0.3611,-0.7378,0.3626,0.7797,-0.3527,0.5509,0.0119,0.1062,0.2301,2
11.62,-0.1252,-0.7127,0.6989,0.7813,-0.3523,0.5449,0.0098,0.1044,0.2268,2
11.64,0.081,0.037,0.5491,0.7887,-0.3507,0.553,0.0111,0.1005,0.238,2
11.66,0.259,0.5775,1.1225,0.779,-0.3594,0.5609,0.0066,0.1059,0.2242,2
11.68,0.2324,1.2167,0.7322,0.7769,-0.3527,0.5741,0.0065,0.1047,0.2389,2
11.7,-0.1399,1.1696,0.6301,0.7769,-0.3538,0.5619,0.0056,0.1013,0.235,2
11.72,-0.6753,0.1103,0.1821,0.7748,-0.3534,0.5441,0.0234,0.1022,0.2349,2
11.74,-0.8684,-1.0543,0.1169,0.7812,-0.3502,0.549,0.0159,0.1033,0.233,2
11.76,-0.5399,-1.2803,0.254,0.7758,-0.3521,0.5436,0.0117,0.1037,0.2345,2
11.78,-0.2651,-1.2792,0.5165,0.7799,-0.3567,0.5466,0.0097,0.1034,0.2381,2
11.8,-0.0774,-0.5525,0.6201,0.7828,-0.3505,0.5554,0.0082,0.1052,0.2323,2
11.82,0.2106,-0.022,0.5895,0.7817,-0.3502,0.5621,0.0036,0.1057,0.2315,2
11.84,0.1676,-0.3805,0.5735,0.7788,-0.3512,0.5612,0.011,0.1045,0.2327,2
11.86,-0.2479,-0.9937,0.5338,0.7764,-0.3523,0.5579,0.0108,0.1059,0.2351,2
11.88,-0.3817,-0.4064,0.3928,0.7801,-0.3532,0.554,0.0001,0.1075,0.2343,2
11.9,-0.1928,1.0715,0.2676,0.7843,-0.3501,0.5544,0.0053,0.1036,0.2361,2
11.92,-0.0712,1.944,0.2282,0.7798,-0.3513,0.5556,0.0135,0.0999,0.2407,2
11.94,-0.0201,1.7157,0.1666,0.7745,-0.3559,0.5487,0.0068,0.1018,0.2365,2
11.96,-0.2457,0.2,0.1691,0.7752,-0.3543,0.5522,0.0075,0.1038,0.2413,2
11.98,-0.5562,-0.9887,0.2727,0.7771,-0.3585,0.5585,0.008,0.1087,0.2371,2
12.0,-0.5341,-1.2818,0.1589,0.775,-0.3614,0.5573,0.0021,0.1043,0.2347,2
12.02,-0.333,-0.5666,0.2553,0.7861,-0.353,0.5521,0.0076,0.1039,0.2298,2
12.04,0.3966,0.3267,0.5417,0.7837,-0.3482,0.5627,0.007,0.1014,0.2224,2
12.06,0.3085,0.7954,0.4497,0.7704,-0.3519,0.549,0.0172,0.104,0.2422,2
12.08,-0.2229,1.1439,0.292,0.782,-0.3499,0.5503,0.0135,0.0995,0.2254,2
12.1,0.0405,1.4986,0.0594,0.7806,-0.3525,0.56,0.0139,0.1012,0.2379,2
12.12,0.0393,0.9353,0.338,0.7886,-0.3407,0.5401,0.0189,0.1054,0.2304,2
12.14,0.0258,0.3383,0.2419,0.7873,-0.3437,0.5369,0.0112,0.1066,0.2262,2
12.16,0.0898,0.5427,0.1286,0.7839,-0.3521,0.5566,0.0161,0.1059,0.2307,2
12.18,0.0385,0.3334,0.1489,0.7735,-0.354,0.5528,0.0148,0.1043,0.2317,2
12.2,-0.1788,0.2494,0.0771,0.7716,-0.3523,0.5484,0.0071,0.1021,0.2303,2
12.22,-0.4395,0.5732,0.0008,0.7718,-0.3509,0.5517,0.008,0.1016,0.238,2
12.24,-0.5633,0.5346,-0.0699,0.7613,-0.3503,0.55,0.0081,0.1033,0.2305,2
12.26,-0.4739,-1.0429,0.168,0.7674,-0.3551,0.5514,0.0081,0.103,0.2282,2
12.28,-0.5025,-2.2296,0.497,0.7784,-0.3559,0.5526,0.0094,0.1028,0.2347,2
12.3,-0.685,-2.1338,0.7199,0.7816,-0.3478,0.5469,0.0108,0.1057,0.2342,2
12.32,-0.6093,-1.5216,0.7716,0.7837,-0.3454,0.5436,0.0182,0.1094,0.2322,2
12.34,-0.371,0.0598,0.4196,0.7807,-0.3498,0.551,0.0207,0.1084,0.2325,2
12.36,-0.2581,1.7846,0.043,0.7752,-0.3492,0.5593,0.0089,0.1039,0.2291,2
12.38,-0.1508,1.853,0.0802,0.77,-0.3493,0.5549,0.0075,0.1069,0.2262,2
12.4,-0.4421,0.9862,0.0715,0.7786,-0.348,0.5535,0.0084,0.1108,0.2354,2
12.42,-0.5573,0.589,0.061,0.7829,-0.3512,0.5527,0.0123,0.1054,0.2349,2
12.44,-0.2251,1.318,-0.3147,0.7747,-0.3529,0.5547,0.024,0.0984,0.2346,2
12.46,0.1536,1.6241,-0.2682,0.7705,-0.3523,0.5553,0.0155,0.1038,0.2322,2
12.48,0.0429,2.0773,-0.3742,0.7831,-0.3544,0.5509,0.0164,0.1056,0.2255,2
12.5,-0.2924,0.6348,-0.2091,0.776,-0.3478,0.5576,0.0164,0.1051,0.2196,2
12.52,-0.7861,-1.2545,0.0841,0.7833,-0.3547,0.5505,0.006,0.1083,0.238,2
12.54,-0.6794,-0.1739,0.0282,0.7873,-0.354,0.5541,0.0187,0.0983,0.2342,2
12.56,-0.4226,1.3027,-0.7001,0.7852,-0.3522,0.5465,0.0173,0.1022,0.2368,2
12.58,-0.4322,2.117,-0.4766,0.7756,-0.351,0.5556,0.0086,0.1061,0.2308,2
12.6,-0.4306,1.9308,-0.0123,0.7761,-0.3477,0.5526,0.0104,0.1075,0.2335,2
12.62,-0.5821,0.7808,0.1391,0.7832,-0.3576,0.5588,0.0079,0.1023,0.2302,2
12.64,-1.198,-0.2882,0.1951,0.7802,-0.3599,0.5587,0.0118,0.102,0.2292,2
12.66,-1.2054,-1.305,0.2762,0.7742,-0.3501,0.5479,0.0203,0.104,0.2248,2
12.68,-0.9222,-1.5586,0.3716,0.7814,-0.3474,0.5548,0.0122,0.1014,0.2323,2
12.7,-0.5971,-1.2985,0.3527,0.7808,-0.3493,0.5554,0.0068,0.1018,0.2342,2
12.72,0.0281,-1.0065,0.4477,0.7768,-0.3489,0.5466,0.0111,0.1026,0.2298,2
12.74,0.5197,-0.9804,0.6105,0.7751,-0.3491,0.5439,0.0113,0.1027,0.2348,2
12.76,0.6441,-0.9657,0.5917,0.7722,-0.3491,0.5463,0.0093,0.1048,0.2355,2
12.78,0.8475,-0.3084,0.4989,0.777,-0.3492,0.5549,0.0136,0.1042,0.235,2
12.8,0.9346,0.1716,0.3623,0.7774,-0.3495,0.5545,0.018,0.1051,0.2395,2
12.82,0.6082,0.0859,0.4231,0.7801,-0.3448,0.5533,0.0037,0.1068,0.225,2
12.84,0.3096,0.0657,0.5027,0.7724,-0.3442,0.5539,0.0101,0.11,0.2395,2
12.86,-0.2235,-0.3252,0.5596,0.7812,-0.3468,0.5542,0.01,0.1072,0.2346,2
12.88,-0.273,-0.6819,0.6988,0.7789,-0.3493,0.5668,0.0068,0.1074,0.2182,2
12.9,-0.2477,-0.0296,0.455,0.7882,-0.3468,0.5482,0.0154,0.1054,0.2399,2
12.92,0.1047,-0.3191,0.7188,0.7847,-0.3527,0.552,0.0091,0.1001,0.2336,2
12.94,0.336,-0.3966,1.1375,0.7813,-0.3486,0.5622,0.0001,0.1051,0.2332,2
12.96,0.0678,0.6676,0.5272,0.7702,-0.3535,0.5464,0.0088,0.101,0.2266,2
12.98,-0.1146,0.9162,0.3834,0.7848,-0.3508,0.5535,0.0084,0.1008,0.2387,2
13.0,0.2846,0.3188,0.465,0.7706,-0.3492,0.5611,0.0114,0.1013,0.229,2
13.02,-0.1325,-0.1526,0.5122,0.7756,-0.3509,0.5597,0.0163,0.1085,0.2285,2
13.04,-0.1315,0.1243,0.5431,0.779,-0.3569,0.5448,0.0143,0.108,0.2326,2
13.06,-0.1125,-0.0791,0.3577,0.7726,-0.3533,0.5455,0.0111,0.108,0.2301,2
13.08,-0.3237,-0.1425,0.326,0.7757,-0.3489,0.5475,0.0066,0.1016,0.2283,2
13.1,-0.1804,0.0796,0.4396,0.782,-0.3465,0.5468,0.0056,0.1016,0.2227,2
13.12,-0.1523,0.8644,0.4464,0.7751,-0.3501,0.5453,0.0102,0.1035,0.2213,2
13.14,-0.1967,1.0431,0.5531,0.7672,-0.3477,0.5499,0.0111,0.1033,0.2284,2
13.16,-0.094,-0.0017,0.7946,0.7746,-0.3478,0.5515,0.0108,0.1029,0.2383,2
13.18,-0.1485,-0.2149,0.5736,0.787,-0.358,0.5495,0.0138,0.1046,0.2368,2
13.2,-0.112,0.6914,-0.1479,0.7913,-0.3596,0.5532,0.0153,0.1074,0.23,2
13.22,0.2124,0.8656,-0.5765,0.7862,-0.3557,0.5532,0.0134,0.1066,0.2347,2
13.24,0.2284,0.774,-0.4031,0.7764,-0.3552,0.5541,0.0088,0.1049,0.2314,2
13.26,0.0641,0.2505,-0.0194,0.7765,-0.348,0.5618,0.0096,0.103,0.2248,2
13.28,-0.1968,-0.4151,-0.1609,0.7726,-0.3523,0.5629,0.0112,0.1062,0.2305,2
13.3,-0.7252,-0.9136,-0.0261,0.7822,-0.3548,0.5644,0.0,0.1035,0.2273,2
13.32,-0.8499,-0.8668,-0.007,0.7808,-0.3446,0.5488,0.0166,0.106,0.2377,2
13.34,-0.4408,-0.6961,0.3667,0.7856,-0.3448,0.5574,0.0192,0.1025,0.2287,2
13.36,0.043,-0.9386,0.6519,0.7713,-0.353,0.5658,0.0,0.1016,0.2348,2
13.38,-0.1301,-0.4245,0.6097,0.7686,-0.3511,0.5582,0.009,0.1026,0.2304,2
13.4,-0.063,-0.0345,0.5586,0.7698,-0.3447,0.558,0.007,0.1044,0.2287,2
13.42,-0.2397,-0.1438,0.5989,0.7743,-0.3447,0.5604,0.0141,0.1074,0.2324,2
13.44,-0.4991,0.1426,0.543,0.7782,-0.3488,0.5533,0.0067,0.1023,0.2198,2
13.46,-0.4952,-0.2449,0.358,0.7841,-0.3539,0.5553,0.0242,0.1006,0.2239,2
13.48,-0.5672,0.2714,0.3778,0.7793,-0.3487,0.5508,0.0124,0.1031,0.2379,2
13.5,-0.1028,1.0683,0.466,0.7836,-0.353,0.5578,0.0119,0.1022,0.2396,2
13.52,0.1526,0.8562,0.4004,0.7829,-0.354,0.5621,0.0072,0.1074,0.2364,2
13.54,0.0088,0.0377,0.6038,0.7791,-0.3512,0.5612,0.0104,0.1084,0.2322,2
13.56,0.0279,0.1797,0.5193,0.7799,-0.3558,0.5699,0.0059,0.1065,0.2324,2
13.58,0.2282,0.5922,0.4194,0.7805,-0.3554,0.5672,0.0067,0.1032,0.2325,2
13.6,0.2708,0.0587,0.5051,0.7842,-0.3461,0.5526,0.0123,0.1023,0.229,2
13.62,-0.0155,-0.8283,0.6903,0.7805,-0.3491,0.5545,0.0128,0.1035,0.23,2
13.64,-0.3036,-0.96,0.6127,0.7714,-0.3572,0.5589,0.0113,0.1041,0.2331,2
13.66,-0.3835,-0.3823,0.1115,0.7802,-0.3529,0.5542,0.0057,0.1056,0.2302,2
13.68,-0.4622,0.2468,-0.0765,0.7886,-0.3533,0.5599,0.0046,0.1041,0.2295,2
13.7,-0.3139,0.9424,-0.2694,0.7841,-0.3527,0.552,0.006,0.1042,0.2343,2
13.72,-0.3267,1.3109,-0.2562,0.7867,-0.3496,0.5534,0.0114,0.1061,0.2313,2
13.74,-0.1725,0.4711,-0.2619,0.7752,-0.3511,0.5657,0.0138,0.0996,0.2262,2
13.76,-0.5086,0.2203,-0.0344,0.7834,-0.3489,0.5469,0.0171,0.1019,0.2338,2
13.78,-0.2817,-0.8206,0.4334,0.7943,-0.3471,0.5706,0.0049,0.1078,0.235,2
13.8,-0.2638,-0.7227,0.2869,0.7949,-0.3525,0.5586,0.015,0.1068,0.237,2
13.82,-0.4738,0.617,0.094,0.7849,-0.358,0.5383,0.0145,0.1045,0.2237,2
13.84,0.0243,0.0337,0.208,0.7997,-0.3488,0.5493,0.0025,0.1073,0.2369,2
13.86,-0.2306,0.6927,0.484,0.7807,-0.3434,0.5564,0.0096,0.1049,0.2354,2
13.88,-0.2699,1.2497,0.2084,0.7766,-0.3483,0.5637,0.0055,0.1071,0.2306,2
13.9,-0.248,0.837,0.1696,0.7758,-0.3527,0.5666,0.0051,0.1065,0.2394,2
13.92,-0.4446,1.1165,0.0475,0.7752,-0.3553,0.565,0.0075,0.1059,0.2292,2
13.94,-0.3102,0.2631,0.5144,0.7784,-0.3484,0.564,0.0078,0.1035,0.2312,2
13.96,-0.1259,0.0818,0.657,0.7786,-0.3449,0.5659,0.0023,0.107,0.2397,2
13.98,-0.2734,0.1173,0.5398,0.778,-0.3488,0.5522,0.008,0.1068,0.2371,2
14.0,-0.1709,-0.2226,0.4418,0.7758,-0.3482,0.5476,0.0194,0.1054,0.2331,2
14.02,0.0322,-0.1083,0.5384,0.7724,-0.3457,0.5495,0.01,0.1052,0.2383,2
14.04,0.0713,-0.0061,0.5296,0.7731,-0.3497,0.5457,0.0017,0.1044,0.2369,2
14.06,0.0269,-0.1088,0.3955,0.7842,-0.3506,0.5514,0.0095,0.1037,0.2326,2
14.08,0.0027,-0.1801,0.4127,0.7868,-0.3541,0.5595,0.0171,0.1023,0.2337,2
14.1,0.1407,-0.0104,0.4307,0.7763,-0.3602,0.562,0.0151,0.1037,0.2289,2
14.12,0.255,0.4188,0.3217,0.7746,-0.3537,0.5622,0.0088,0.1078,0.2244,2
14.14,0.1023,0.0814,0.2546,0.7764,-0.349,0.5479,0.0096,0.1058,0.2298,2
14.16,0.1298,-0.5887,0.2045,0.776,-0.3479,0.5449,0.0123,0.1053,0.2305,2
14.18,0.1963,-0.6783,0.3101,0.7717,-0.3511,0.5474,0.0082,0.1039,0.2336,2
14.2,0.0101,-0.7791,0.4104,0.7821,-0.3576,0.5581,0.0094,0.0997,0.2414,2
14.22,0.1392,-0.2704,0.2747,0.7763,-0.3556,0.5528,0.009,0.1089,0.2401,2
14.24,0.3628,0.6537,-0.0503,0.7848,-0.3499,0.5597,0.0163,0.1076,0.2275,2
14.26,-0.1136,0.7889,-0.0685,0.7723,-0.3472,0.5704,0.0131,0.1033,0.2294,2
14.28,-0.2783,-0.0071,0.0082,0.7846,-0.3519,0.5657,0.0127,0.104,0.2333,2
14.3,-0.3448,0.2705,-0.0022,0.7782,-0.3535,0.5508,0.013,0.0992,0.2331,2
14.32,-0.8595,-0.2678,-0.1328,0.7871,-0.3485,0.54,0.0251,0.1027,0.2221,2
14.34,-0.92,-0.1153,-0.1928,0.791,-0.3499,0.556,0.0186,0.1016,0.2309,2
14.36,-0.2165,-0.2203,-0.0753,0.7883,-0.3534,0.5539,0.0055,0.1047,0.2257,2
14.38,-0.3888,0.4211,0.2172,0.7781,-0.3488,0.5471,0.0135,0.1028,0.2319,2
14.4,-0.2748,-0.121,0.1514,0.7838,-0.3486,0.5537,0.0166,0.1019,0.2314,2
14.42,-0.2728,0.5666,0.2377,0.7864,-0.3489,0.5554,0.0144,0.1079,0.2383,2
14.44,-0.5549,0.3461,0.3536,0.7809,-0.3538,0.5439,0.0136,0.1063,0.2415,2
14.46,-0.4549,-0.0559,0.5013,0.7859,-0.3561,0.5555,0.0058,0.1026,0.2392,2
14.48,-0.1052,0.1892,0.5301,0.7835,-0.3534,0.5497,0.0047,0.1034,0.2324,2
14.5,-0.0955,0.5378,0.3753,0.7783,-0.3509,0.546,0.0049,0.1034,0.2267,2
14.52,-0.3807,0.3154,0.3266,0.7769,-0.3475,0.5542,0.0111,0.1012,0.2291,2
14.54,-0.506,0.3351,0.2995,0.779,-0.3455,0.5557,0.0169,0.1022,0.2347,2
14.56,-0.3804,0.5307,0.1838,0.7786,-0.3483,0.5479,0.0109,0.104,0.2317,2
14.58,-0.3508,0.147,0.2567,0.779,-0.3473,0.5424,0.004,0.103,0.2265,2
14.6,-0.3406,0.6374,0.3621,0.7901,-0.3416,0.5498,0.0032,0.1035,0.2285,2
14.62,-0.0375,2.0662,0.0664,0.7906,-0.3433,0.5534,0.01,0.1053,0.2338,2
14.64,-0.0315,1.9239,-0.3524,0.7832,-0.3473,0.5552,0.0161,0.1064,0.2449,2
14.66,-0.2287,0.7635,-0.246,0.7862,-0.3484,0.5521,0.0157,0.1041,0.2342,2
14.68,-0.2325,0.425,0.1296,0.7806,-0.3527,0.5446,0.0144,0.0992,0.2286,2
14.7,-0.1969,0.2793,0.1031,0.7777,-0.3475,0.5611,0.0107,0.0997,0.2361,2
14.72,-0.5354,-1.2887,0.1707,0.7716,-0.3557,0.5515,0.0124,0.1018,0.2371,2
14.74,-0.0684,-0.8355,0.3589,0.7896,-0.3577,0.5513,0.0022,0.0953,0.2331,2
14.76,-0.1707,-1.0205,0.1548,0.7813,-0.3589,0.5352,0.0144,0.1037,0.2409,2
14.78,-0.0043,0.4749,0.1208,0.7844,-0.3443,0.5516,0.0069,0.1037,0.2328,2
14.8,0.1649,0.2424,0.294,0.7789,-0.3529,0.55,0.023,0.1028,0.2331,2
14.82,0.3884,0.9066,0.2312,0.7776,-0.3534,0.5608,0.0183,0.1012,0.2323,2
14.84,0.1592,-0.3759,0.1007,0.7717,-0.3476,0.5456,0.0119,0.1087,0.2356,2
14.86,-0.0935,-0.2413,0.0332,0.7861,-0.3504,0.5447,0.0212,0.1015,0.2332,2
14.88,-0.1215,-0.2366,0.6982,0.7801,-0.3373,0.5442,0.0132,0.1072,0.2336,2
14.9,0.0163,-0.5037,0.9858,0.7815,-0.3422,0.5535,0.0108,0.1027,0.227,2
14.92,0.9033,1.3389,0.2866,0.7919,-0.3591,0.5604,0.0085,0.1052,0.2252,2
14.94,1.3875,2.3704,-0.0235,0.7855,-0.3588,0.5651,0.0113,0.1011,0.2272,2
14.96,1.2272,1.5364,-0.1302,0.7715,-0.357,0.5647,0.0122,0.103,0.225,2
14.98,0.1781,-0.2202,-0.1482,0.7671,-0.3457,0.5606,0.0116,0.1041,0.2202,2
15.0,-0.7189,-1.4558,0.0285,0.7704,-0.3382,0.5616,0.0098,0.0993,0.2201,2
15.02,-0.9405,-1.3215,-0.116,0.776,-0.336,0.5622,0.0112,0.0975,0.2225,2
15.04,-0.8577,-0.7544,-0.1999,0.7785,-0.3377,0.5622,0.0139,0.0994,0.2233,2
15.06,-0.434,-0.1921,-0.0618,0.7783,-0.3487,0.5641,0.0126,0.1009,0.223,2
15.08,-0.096,0.4088,-0.1418,0.777,-0.3542,0.5568,0.0152,0.1035,0.2229,2
15.1,-0.073,0.5375,0.1479,0.7719,-0.3536,0.5499,0.0167,0.1056,0.2266,2
15.12,0.0409,0.9351,0.5154,0.7729,-0.3495,0.5537,0.01,0.1009,0.2294,2
15.14,-0.3843,0.5727,0.3996,0.7758,-0.3451,0.5515,0.0139,0.0992,0.2288,2
15.16,-0.7332,-0.2262,-0.0837,0.7774,-0.3496,0.5627,0.0136,0.1004,0.2311,2
15.18,-0.6617,-0.4767,0.4007,0.7877,-0.3462,0.5482,0.0142,0.0989,0.2254,2
15.2,-0.4932,-0.5506,1.1495,0.7838,-0.3498,0.557,0.0085,0.097,0.2297,2
15.22,-0.1192,0.5753,0.6102,0.7878,-0.3492,0.5545,0.001,0.0961,0.2283,2
15.24,-0.3891,0.2395,0.1573,0.784,-0.3424,0.5526,0.0013,0.1038,0.2253,2
15.26,-0.1727,-0.1478,0.2308,0.7785,-0.3468,0.5453,0.0095,0.1003,0.2296,2
15.28,-0.2128,-0.0397,0.4574,0.7716,-0.3491,0.5523,0.0159,0.1024,0.2192,2
15.3,-0.5479,-0.3416,0.4378,0.7749,-0.3453,0.5511,0.0,0.101,0.226,2
15.32,-0.5157,-1.3999,0.703,0.7841,-0.3516,0.5445,0.0081,0.0996,0.2246,2
15.34,-0.4064,-1.1461,0.6917,0.7854,-0.3459,0.5511,0.0127,0.1073,0.2194,2
15.36,-0.292,-0.698,0.1749,0.793,-0.3526,0.5559,0.0093,0.0988,0.2257,2
15.38,-0.3921,-0.5219,0.1557,0.7819,-0.3475,0.5559,0.0117,0.1007,0.2232,2
15.4,-0.6972,-1.4044,0.1294,0.7673,-0.3481,0.5487,0.0041,0.0999,0.227,2
15.42,-0.7761,-1.2082,0.3226,0.7822,-0.3499,0.5519,0.0071,0.1004,0.2288,2
15.44,-0.3994,0.3913,0.0744,0.7827,-0.3524,0.5548,0.0064,0.0999,0.2241,2
15.46,-0.3783,0.4273,-0.2127,0.7772,-0.3548,0.5426,0.0064,0.1036,0.2238,2
15.48,-0.4137,-0.2397,-0.0425,0.7718,-0.3497,0.539,0.0006,0.1039,0.2253,2
15.5,-0.5006,-0.3062,0.3231,0.7785,-0.3462,0.5402,0.0041,0.1003,0.2259,2
15.52,-0.5038,-0.1558,0.1844,0.7815,-0.3454,0.5472,0.0111,0.0983,0.2243,2
15.54,-0.4043,-0.4507,-0.0222,0.7759,-0.3489,0.5542,0.0116,0.0993,0.2262,2
15.56,-0.503,-0.8608,0.0085,0.7743,-0.3523,0.5474,0.0121,0.0996,0.2283,2
15.58,-0.4301,-0.1412,0.007,0.782,-0.3496,0.5414,0.0144,0.0998,0.2245,2
15.6,-0.0435,1.4443,0.1848,0.7888,-0.3468,0.544,0.015,0.1029,0.2202,2
15.62,0.0737,2.0538,0.187,0.7753,-0.3434,0.5499,0.0061,0.103,0.2211,2
15.64,-0.1419,1.4292,0.1008,0.7767,-0.3472,0.5595,0.0054,0.0997,0.2334,2
15.66,-0.4148,0.3496,0.1874,0.7703,-0.345,0.557,0.0119,0.098,0.2248,2
15.68,-0.4222,-1.6669,0.4918,0.7817,-0.3492,0.5523,0.0056,0.099,0.2174,2
15.7,-0.2192,-2.6847,0.3688,0.782,-0.3524,0.5517,0.0082,0.0996,0.2303,2
15.72,-0.0498,-2.6859,0.214,0.7798,-0.3519,0.5472,0.0132,0.095,0.232,2
15.74,-0.425,-1.8077,0.2913,0.7788,-0.3534,0.5547,0.0254,0.1012,0.2202,2
15.76,-1.0716,-1.4413,-0.0352,0.7853,-0.3429,0.5473,0.0175,0.102,0.2211,2
15.78,-0.6937,-2.0129,-0.2267,0.7954,-0.3479,0.5487,0.0114,0.1042,0.2365,2
15.8,-0.6779,-0.511,-0.0807,0.7775,-0.3463,0.5456,0.011,0.1045,0.2325,2
15.82,-0.357,0.8623,0.612,0.7975,-0.3498,0.5439,0.013,0.1,0.2271,2
15.84,-0.3383,1.0791,0.7768,0.7958,-0.3523,0.5441,0.0024,0.102,0.2213,2
15.86,0.1575,0.6133,0.5336,0.7913,-0.3541,0.5608,0.0122,0.1055,0.2236,2
15.88,0.4409,0.1571,0.5786,0.7838,-0.3523,0.547,0.0074,0.0997,0.2134,2
15.9,0.1815,-0.5255,0.4122,0.7846,-0.3541,0.5406,0.0076,0.0978,0.2231,2
15.92,-0.1786,-0.5965,0.4036,0.7782,-0.3565,0.5458,0.0208,0.0996,0.2367,2
15.94,-0.1907,0.042,0.5762,0.7739,-0.3527,0.5555,0.0084,0.0995,0.2222,2
15.96,-0.2167,0.0427,0.6298,0.7793,-0.3465,0.5579,0.0079,0.1016,0.2219,2
15.98,-0.2676,0.1117,0.3017,0.7839,-0.3481,0.5596,0.0041,0.1044,0.2264,2
16.0,-0.2542,0.208,0.0374,0.7821,-0.3544,0.5497,0.008,0.1059,0.2262,2
16.02,-0.1889,-0.2697,0.4945,0.7771,-0.3538,0.5482,0.0139,0.1048,0.2224,2
16.04,-0.2936,-0.4718,0.7485,0.7788,-0.3535,0.5452,0.0057,0.1017,0.2192,2
16.06,-0.4154,-0.4269,0.5198,0.7828,-0.3507,0.5465,0.0062,0.1023,0.2211,2
16.08,-0.2716,-0.0119,0.4073,0.7821,-0.3488,0.5479,0.0172,0.1029,0.2243,2
16.1,0.0834,1.1981,0.3305,0.7825,-0.3474,0.5452,0.0155,0.102,0.2245,2
16.12,0.1791,1.4971,0.1621,0.7811,-0.3429,0.5487,0.0087,0.1011,0.2238,2
16.14,-0.1981,0.4796,-0.0001,0.7764,-0.3505,0.5411,0.0108,0.099,0.2237,2
16.16,-0.3554,0.5302,-0.024,0.7793,-0.3563,0.5451,0.0145,0.104,0.2243,2
16.18,-0.2248,1.4012,0.1781,0.7793,-0.3512,0.5516,0.0053,0.104,0.2252,2
16.2,-0.1042,1.0711,0.3231,0.7727,-0.3467,0.5446,0.0,0.1005,0.2247,2
16.22,-0.0648,-0.1507,0.2427,0.7736,-0.3508,0.5531,0.0155,0.0991,0.2276,2
16.24,-0.4252,-0.7585,0.2176,0.7816,-0.3484,0.5578,0.009,0.0954,0.2293,2
16.26,-0.2625,-1.5951,0.7253,0.785,-0.3454,0.5435,0.0104,0.1065,0.2158,2
16.28,0.1595,-0.0135,0.7638,0.778,-0.3443,0.5445,0.0153,0.1044,0.2224,2
16.3,-0.2232,0.2249,0.7423,0.7722,-0.3486,0.5495,0.0065,0.1019,0.2223,2
16.32,-0.3199,1.0605,0.5216,0.7901,-0.3517,0.5473,0.0056,0.1059,0.2355,2
16.34,-0.2568,1.3041,0.2135,0.7831,-0.3458,0.5461,0.0094,0.1038,0.2222,2
16.36,-0.483,-0.6288,0.735,0.7869,-0.3486,0.5444,0.0,0.1,0.2206,2
16.38,-0.479,0.1813,0.6887,0.7909,-0.3514,0.5561,0.0152,0.0991,0.2325,2
16.4,-0.3668,0.1752,0.6343,0.7873,-0.35,0.5487,0.007,0.1019,0.2268,2
16.42,-0.1244,-0.3978,0.4826,0.7847,-0.3552,0.5525,0.0093,0.1014,0.2273,2
16.44,-0.1407,-0.4062,0.254,0.7852,-0.3549,0.5527,0.0151,0.1052,0.2249,2
16.46,0.0855,0.5623,0.1189,0.7843,-0.3497,0.553,0.0178,0.1034,0.234,2
16.48,0.2228,1.1416,0.1255,0.7871,-0.3438,0.5498,0.0171,0.099,0.2291,2
16.5,-0.127,0.2376,-0.0581,0.7829,-0.3512,0.546,0.0182,0.0964,0.2228,2
16.52,-0.4831,-0.2856,0.0843,0.7838,-0.3466,0.5416,0.0114,0.0994,0.2265,2
16.54,-0.3159,-0.6322,0.5493,0.7811,-0.3467,0.5375,0.0108,0.1006,0.2288,2
16.56,-0.1267,-0.1414,0.8242,0.78,-0.3475,0.5482,0.0086,0.0989,0.2283,2
16.58,-0.1968,-0.0364,0.6478,0.7757,-0.3465,0.5549,0.0131,0.0985,0.2236,2
16.6,-0.411,-0.1666,0.5248,0.7723,-0.3449,0.5459,0.0185,0.1006,0.2194,2
16.62,-0.3375,-0.242,0.4698,0.7698,-0.344,0.5404,0.0155,0.102,0.225,2
16.64,-0.1937,-0.255,0.6118,0.7726,-0.3475,0.5476,0.0133,0.1023,0.2306,2
16.66,-0.1526,0.0055,0.8189,0.7811,-0.3498,0.5452,0.0176,0.1013,0.2365,2
16.68,0.0167,0.4569,0.6509,0.7827,-0.3519,0.543,0.0165,0.0995,0.241,2
16.7,0.1169,0.6876,0.4941,0.7822,-0.3514,0.5546,0.0116,0.1004,0.2331,2
16.72,0.2599,0.2688,0.4318,0.7829,-0.3442,0.5491,0.0167,0.1018,0.2281,2
16.74,0.2545,0.5582,0.4372,0.7801,-0.3499,0.5515,0.0113,0.1011,0.2225,2
16.76,-0.017,0.0361,0.4082,0.7781,-0.3477,0.5497,0.0047,0.1032,0.2289,2
16.78,-0.031,-0.8503,0.2511,0.7794,-0.3457,0.5435,0.0117,0.1065,0.2344,2
16.8,0.14,0.2702,-0.2897,0.7809,-0.351,0.5444,0.016,0.1028,0.2268,2
16.82,-0.0396,0.7663,-0.1468,0.7727,-0.351,0.5437,0.0256,0.1005,0.2259,2
16.84,-0.0549,0.5346,0.0346,0.7749,-0.3436,0.5592,0.0102,0.1053,0.2259,2
16.86,-0.0348,0.7381,0.4957,0.7836,-0.3446,0.5588,0.0051,0.1045,0.2294,2
16.88,-0.1892,0.3799,0.0386,0.7768,-0.3523,0.5498,0.0141,0.0991,0.236,2
16.9,-0.246,0.102,-0.2321,0.7817,-0.3565,0.5472,0.0118,0.1031,0.217,2
16.92,0.0284,0.858,-0.1882,0.7862,-0.3543,0.5598,0.0139,0.1037,0.2223,2
16.94,-0.4862,1.4401,0.0133,0.7782,-0.3444,0.5538,0.0045,0.1019,0.2339,2
16.96,-0.3792,0.8923,0.0013,0.7823,-0.3502,0.5665,0.0116,0.0993,0.2251,2
16.98,-0.2745,0.4796,-0.2651,0.7831,-0.3464,0.549,0.0106,0.1083,0.2264,2
17.0,-0.4127,-0.3458,-0.24,0.78,-0.3489,0.5358,0.0106,0.1048,0.2123,2
17.02,-0.4468,-0.3661,-0.1468,0.7807,-0.3511,0.5475,0.0104,0.0998,0.2213,2
17.04,-0.0732,0.9314,-0.1248,0.789,-0.3495,0.5434,0.0136,0.0972,0.2253,2
17.06,0.0409,1.1961,-0.2849,0.7836,-0.3433,0.5413,0.0138,0.1005,0.2267,2
17.08,-0.2193,0.5153,-0.1429,0.7785,-0.343,0.555,0.0184,0.1004,0.2247,2
17.1,-0.3101,-0.3383,0.1721,0.7819,-0.3497,0.5546,0.0058,0.1031,0.2283,2
17.12,-0.3216,0.0821,0.248,0.7867,-0.3505,0.5502,0.0073,0.1024,0.2327,2
17.14,-0.4283,0.364,0.2775,0.7875,-0.3452,0.5553,0.0139,0.0992,0.2309,2
17.16,-0.3532,0.7554,0.1884,0.781,-0.3412,0.5552,0.0125,0.1004,0.2299,2
17.18,-0.1827,0.721,-0.0291,0.7812,-0.3436,0.5536,0.0133,0.102,0.2229,2
17.2,-0.2208,0.9032,-0.103,0.7802,-0.3481,0.5549,0.0131,0.1036,0.217,2
17.22,-0.1802,0.5143,0.1047,0.7798,-0.3489,0.5576,0.0092,0.1014,0.224,2
17.24,-0.019,0.1683,0.198,0.7811,-0.3489,0.5588,0.0074,0.0995,0.2281,2
17.26,0.0678,0.7607,-0.0182,0.7813,-0.3497,0.5521,0.0069,0.1024,0.2238,2
17.28,0.0509,1.1414,-0.1248,0.7816,-0.3493,0.5486,0.011,0.1032,0.2266,2
17.3,-0.02,1.1032,-0.0934,0.7801,-0.3491,0.5477,0.0151,0.1014,0.2332,2
17.32,-0.0464,-0.1488,0.1003,0.785,-0.3506,0.5405,0.0093,0.1001,0.2328,2
17.34,-0.3575,-1.3837,0.7249,0.7872,-0.3527,0.5465,0.0095,0.1011,0.2289,2
17.36,-0.5444,-0.8117,0.8444,0.7858,-0.35,0.547,0.0113,0.1022,0.2283,2
17.38,-0.2335,-0.5281,0.352,0.7837,-0.3477,0.5487,0.0059,0.1006,0.2288,2
17.4,-0.2374,-1.0344,0.1165,0.7837,-0.3458,0.5477,0.0051,0.0998,0.2205,2
17.42,-0.2679,-0.1698,0.2833,0.783,-0.3488,0.5519,0.009,0.1008,0.2225,2
17.44,-0.1653,0.3778,0.5047,0.7753,-0.3503,0.545,0.0112,0.1026,0.219,2
17.46,-0.2634,0.3785,0.4025,0.7713,-0.3463,0.5481,0.026,0.1001,0.2153,2
17.48,-0.4983,0.9727,0.1291,0.7751,-0.3462,0.5526,0.0099,0.1009,0.2104,2
17.5,-0.4868,-0.7471,-0.1051,0.7745,-0.3472,0.5524,0.0135,0.1034,0.2228,2
17.52,-0.6757,-2.016,0.1047,0.7964,-0.351,0.5573,0.0055,0.1024,0.2229,2
17.54,-0.1087,-1.2615,-0.0711,0.7953,-0.3551,0.5442,0.0159,0.1055,0.2231,2
17.56,0.0844,-0.4609,0.1934,0.7787,-0.3497,0.544,0.0026,0.1027,0.2281,2
17.58,-0.04,-0.0046,0.4747,0.785,-0.3454,0.5479,0.0174,0.1052,0.2301,2
17.6,0.1567,0.4768,0.4845,0.7793,-0.347,0.5525,0.0131,0.0993,0.2217,2
17.62,-0.0521,-1.5145,0.4454,0.7633,-0.3531,0.5567,0.0035,0.1048,0.2251,2
17.64,0.0994,-1.1333,0.5056,0.785,-0.3525,0.55,0.015,0.1033,0.2181,2
17.66,-0.1544,-0.356,0.6666,0.783,-0.3495,0.5471,0.0093,0.0972,0.2255,2
17.68,-0.1938,-0.0756,0.3169,0.7867,-0.3486,0.5507,0.0088,0.1021,0.2214,2
17.7,-0.1214,0.5221,0.1186,0.7866,-0.3513,0.5647,0.009,0.1077,0.2159,2
17.72,-0.2786,0.9778,-0.1869,0.7906,-0.3496,0.5627,0.007,0.107,0.2155,2
17.74,-0.4105,0.4131,-0.2608,0.7682,-0.3446,0.5547,0.0138,0.1019,0.2196,2
17.76,-0.3961,-0.4357,0.0964,0.7654,-0.3447,0.5565,0.013,0.1001,0.2253,2
17.78,-0.1836,-0.0521,-0.0805,0.7773,-0.3523,0.5608,0.0085,0.1021,0.2298,2
17.8,-0.1405,0.146,0.043,0.7788,-0.3497,0.5549,0.0105,0.1005,0.2304,2
17.82,-0.1064,0.0233,0.1497,0.7809,-0.3429,0.5469,0.0161,0.0972,0.221,2
17.84,-0.0215,-0.7303,0.04,0.7813,-0.3437,0.5419,0.0064,0.0999,0.223,2
17.86,-0.4561,-2.2309,-0.0242,0.7842,-0.3477,0.5442,0.0037,0.1025,0.226,2
17.88,-0.5164,-2.8598,-0.1231,0.7862,-0.3507,0.5476,0.0063,0.1033,0.2309,2
17.9,-0.2595,-2.2418,-0.0772,0.7843,-0.3507,0.5465,0.0008,0.104,0.235,2
17.92,-0.2652,-0.7013,-0.0706,0.7903,-0.3473,0.5461,0.0,0.1025,0.2295,2
17.94,-0.0954,1.0819,-0.208,0.7943,-0.3437,0.5472,0.0043,0.101,0.2239,2
17.96,-0.0915,1.5397,-0.1059,0.7873,-0.3448,0.5465,0.0099,0.1005,0.2177,2
17.98,-0.2291,1.024,-0.0672,0.7847,-0.3488,0.5443,0.0104,0.0987,0.2181,2
18.0,-0.2798,0.3782,-0.1202,0.7865,-0.3491,0.5423,0.0072,0.099,0.2205,2
18.02,-0.2454,0.0476,0.1131,0.7853,-0.3504,0.5438,0.0083,0.1039,0.2264,2
18.04,-0.1587,0.3733,0.3795,0.7879,-0.3442,0.5508,0.0162,0.1022,0.2349,2
18.06,-0.0284,0.1862,0.4195,0.7866,-0.3448,0.5427,0.0146,0.0989,0.2272,2
18.08,-0.1983,0.1761,0.3036,0.7783,-0.344,0.5442,0.0158,0.1009,0.2241,2
18.1,-0.2402,-0.0828,0.1292,0.785,-0.3423,0.5421,0.001,0.1049,0.2282,2
18.12,-0.0844,0.648,0.2874,0.7981,-0.3416,0.5313,0.0179,0.101,0.2327,2
18.14,-0.3324,0.3248,0.1789,0.7953,-0.3435,0.5554,0.0093,0.104,0.2259,2
18.16,-0.5067,0.1561,0.2561,0.7779,-0.3429,0.5512,0.0182,0.1053,0.2266,2
18.18,-0.4621,-0.108,0.2422,0.787,-0.341,0.5502,0.005,0.0993,0.2264,2
18.2,-0.339,-0.6813,0.2831,0.7838,-0.3482,0.552,0.0102,0.1022,0.2259,2
18.22,0.0286,0.6882,0.3016,0.7812,-0.3489,0.5537,0.0132,0.1004,0.2278,2
18.24,0.0131,1.5989,0.1232,0.7835,-0.3446,0.5519,0.0137,0.099,0.2155,2
18.26,-0.6078,-0.2929,0.289,0.7863,-0.3438,0.5516,0.013,0.1002,0.2123,2
18.28,-0.2542,-1.0171,0.4484,0.7838,-0.3511,0.5417,0.0109,0.1075,0.2234,2
18.3,-0.1348,0.0922,0.3742,0.7751,-0.3456,0.5467,0.024,0.1006,0.2214,2
18.32,-0.0461,-0.2249,0.6036,0.7807,-0.3461,0.5376,0.0245,0.1021,0.2291,2
18.34,0.0189,-0.5668,0.7193,0.7774,-0.3496,0.5351,0.0144,0.1018,0.2229,2
18.36,-0.0229,-0.9751,0.9431,0.7855,-0.3475,0.5503,0.0172,0.1008,0.2287,2
18.38,-0.0458,0.2057,0.2881,0.7925,-0.3475,0.5466,0.0164,0.1017,0.2252,2
18.4,0.1853,0.6334,0.1746,0.7782,-0.3486,0.5458,0.0155,0.0993,0.2219,2
18.42,0.0863,-0.3185,0.2145,0.7805,-0.3417,0.5436,0.0154,0.1013,0.2187,2
18.44,0.1696,-0.3264,0.2888,0.7791,-0.3472,0.5416,0.0132,0.1008,0.2175,2
18.46,0.1544,-0.2685,0.1823,0.7686,-0.3465,0.5506,0.0136,0.1046,0.2188,2
18.48,0.14,-0.0469,0.2685,0.7844,-0.3453,0.5458,0.0173,0.1034,0.2284,2
18.5,0.089,0.4683,0.35,0.7932,-0.3429,0.534,0.0213,0.1033,0.2293,2
18.52,-0.0957,-0.0714,0.249,0.7825,-0.3429,0.5399,0.0114,0.1038,0.2282,2
18.54,-0.2037,-0.7758,0.3394,0.7888,-0.3482,0.5481,0.0121,0.1026,0.2222,2
18.56,-0.2561,-0.0291,0.2956,0.7908,-0.3503,0.5466,0.0111,0.1032,0.2208,2
18.58,-0.1647,0.8188,0.1288,0.7829,-0.3515,0.5485,0.0098,0.0991,0.2228,2
18.6,0.0086,0.6278,0.1707,0.7775,-0.3507,0.5452,0.0102,0.0996,0.2241,2
18.62,-0.1569,-0.2241,0.1391,0.7804,-0.346,0.5383,0.0124,0.104,0.2257,2
18.64,-0.3217,-0.37,0.1734,0.7857,-0.345,0.539,0.0086,0.1043,0.2247,2
18.66,-0.0098,1.3652,0.4834,0.7809,-0.3499,0.5445,0.0141,0.1047,0.2186,2
18.68,0.4594,3.2981,0.6733,0.7725,-0.3521,0.5519,0.0248,0.1011,0.2159,2
18.7,0.6602,3.2863,0.5904,0.7725,-0.3475,0.5512,0.0153,0.1013,0.2212,2
18.72,0.3654,1.6207,0.5439,0.7808,-0.342,0.5499,0.0184,0.1063,0.2218,2
18.74,-0.247,-1.2718,0.6277,0.7856,-0.3378,0.5574,0.0151,0.1041,0.2224,2
18.76,-0.718,-3.1354,0.5764,0.7886,-0.3387,0.5504,0.0092,0.1046,0.2235,2
18.78,-0.5758,-0.7484,0.7699,0.7915,-0.3434,0.5443,0.0119,0.0995,0.2202,2
18.8,0.0196,1.687,0.5284,0.7865,-0.3438,0.5537,0.0119,0.1021,0.2253,2
18.82,0.241,2.518,0.491,0.778,-0.3436,0.5573,0.0167,0.1049,0.2258,2
18.84,-0.1368,1.4142,0.193,0.7737,-0.3482,0.5559,0.0116,0.1054,0.2287,2
18.86,-0.2753,-0.2559,0.2852,0.7776,-0.343,0.5616,0.0176,0.1058,0.2225,2
18.88,-0.4727,-1.6079,0.2206,0.7909,-0.3435,0.5533,0.0157,0.1067,0.2231,2
18.9,-0.6708,-0.7039,0.6011,0.7813,-0.3446,0.5428,0.01,0.1034,0.2257,2
18.92,-0.3858,-0.4619,0.5798,0.7769,-0.3444,0.5388,0.0085,0.1019,0.2267,2
18.94,-0.1051,0.6369,0.7628,0.7788,-0.3465,0.5386,0.0,0.1035,0.2165,2
18.96,0.0122,0.3308,0.1741,0.7864,-0.3493,0.5613,0.0135,0.1025,0.2249,2
18.98,-0.2693,-1.1837,0.4032,0.7836,-0.3458,0.5378,0.0082,0.0948,0.2292,2
19.0,-0.5603,-1.137,0.4722,0.7855,-0.3522,0.5489,0.0096,0.1053,0.226,2
19.02,-0.4556,-1.548,0.1294,0.7925,-0.3484,0.5581,0.0103,0.1029,0.2308,2
19.04,-0.3061,0.5871,0.4223,0.7688,-0.3424,0.5351,0.0153,0.1038,0.2229,2
19.06,-0.3035,0.2154,0.3038,0.793,-0.343,0.5429,0.0,0.101,0.2175,2
19.08,-0.1635,-0.0525,0.5782,0.7925,-0.3435,0.5513,0.0026,0.1039,0.2093,2
19.1,-0.45,0.6928,0.691,0.7802,-0.3567,0.5367,0.0071,0.1029,0.2296,2
19.12,-0.339,0.2806,0.1625,0.7881,-0.3491,0.5485,0.0149,0.1069,0.222,2
19.14,-0.2132,1.9557,-0.0749,0.7839,-0.3438,0.5612,0.0175,0.1039,0.2257,2
19.16,-0.5545,1.5434,0.0081,0.7811,-0.3383,0.5591,0.0058,0.1051,0.2177,2
19.18,-0.5954,-0.9377,0.2836,0.7799,-0.3453,0.5669,0.0127,0.1093,0.225,2
19.2,-0.5978,-1.9516,0.1824,0.7816,-0.3475,0.5565,0.0154,0.1039,0.2287,2
19.22,-0.537,-0.4506,0.4663,0.7874,-0.3472,0.5413,0.0139,0.1047,0.2302,2
19.24,-0.1402,1.1792,0.442,0.7911,-0.3498,0.5524,0.0127,0.1019,0.2232,2
19.26,0.05,0.4471,0.3864,0.7839,-0.342,0.5501,0.0151,0.1053,0.2206,2
19.28,-0.0784,0.3834,0.4657,0.7818,-0.3458,0.5552,0.0145,0.1051,0.2245,2
19.3,-0.2289,0.4543,0.2804,0.7929,-0.3518,0.544,0.0066,0.103,0.2126,2
19.32,-0.221,0.398,0.4736,0.7865,-0.3467,0.5465,0.0095,0.1035,0.2098,2
19.34,-0.3401,0.5261,0.6416,0.7798,-0.349,0.5513,0.0139,0.1004,0.2126,2
19.36,-0.6881,0.2784,0.3807,0.7812,-0.3525,0.5531,0.0138,0.1002,0.2217,2
19.38,-0.8228,-0.364,-0.1371,0.7832,-0.3484,0.5457,0.0092,0.1041,0.2241,2
19.4,-0.703,-0.2269,0.0368,0.7845,-0.3491,0.546,0.0081,0.1052,0.2206,2
19.42,-0.5096,0.4551,0.5552,0.7804,-0.3494,0.5453,0.0035,0.1043,0.2229,2
19.44,-0.2541,0.4372,0.5869,0.7782,-0.3497,0.5506,0.0052,0.1037,0.2219,2
19.46,-0.247,0.134,0.4192,0.7864,-0.3506,0.5531,0.0079,0.1011,0.2253,2
19.48,-0.3336,-0.0851,0.3574,0.7872,-0.3487,0.5429,0.0151,0.1012,0.2244,2
19.5,-0.2924,-1.0121,0.4201,0.7807,-0.3477,0.5411,0.0221,0.1042,0.2228,2
19.52,-0.1958,-1.477,0.5465,0.7856,-0.349,0.5481,0.0185,0.1044,0.2277,2
19.54,-0.0467,-0.5007,0.5174,0.788,-0.3491,0.5514,0.012,0.1041,0.2263,2
19.56,-0.105,0.1691,0.6247,0.7809,-0.3471,0.55,0.006,0.1051,0.2275,2
19.58,-0.2254,0.1959,0.8054,0.7831,-0.3484,0.5514,0.0132,0.103,0.2256,2
19.6,-0.1503,0.2267,0.5249,0.784,-0.3485,0.5553,0.0165,0.1008,0.2246,2
19.62,-0.0746,-0.0868,0.2859,0.7784,-0.3474,0.5521,0.0099,0.1037,0.2301,2
19.64,-0.1842,-0.1597,0.3001,0.7854,-0.3488,0.5447,0.0105,0.1019,0.2286,2
19.66,-0.4885,0.3878,0.268,0.7877,-0.3439,0.543,0.0109,0.1031,0.2285,2
19.68,-0.3465,1.1576,0.0527,0.7794,-0.3456,0.547,0.0118,0.1019,0.2204,2
19.7,-0.4933,0.631,0.2298,0.778,-0.3435,0.548,0.0119,0.1053,0.2145,2
19.72,-0.4382,-0.8532,0.0984,0.7755,-0.343,0.5494,0.0064,0.1057,0.2076,2
19.74,-0.3939,-0.3306,0.0438,0.7746,-0.3436,0.5509,0.0037,0.1019,0.2162,2
19.76,-0.4672,-0.234,0.2382,0.7715,-0.3494,0.5422,0.0161,0.0997,0.2255,2
19.78,-0.2272,1.0805,0.262,0.778,-0.3493,0.5549,0.0107,0.1028,0.2283,2
19.8,-0.3556,1.213,-0.1851,0.7803,-0.3493,0.5491,0.0099,0.1022,0.2194,2
19.82,-0.2311,0.9166,0.0677,0.7854,-0.3514,0.5546,0.0081,0.1006,0.2266,2
19.84,-0.4696,-0.2371,0.287,0.7775,-0.3514,0.5426,0.015,0.1002,0.2275,2
19.86,-0.408,-0.6176,0.2148,0.7786,-0.349,0.5479,0.0185,0.1019,0.2224,2
19.88,-0.3065,-0.4107,0.1821,0.7764,-0.3482,0.5524,0.0058,0.1058,0.2256,2
19.9,-0.2365,-0.7522,0.4711,0.7868,-0.3495,0.5574,0.0042,0.1003,0.2311,2
19.92,-0.3069,-0.9548,0.4439,0.7867,-0.3483,0.5517,0.0071,0.1021,0.2257,2
19.94,-0.044,1.2463,0.3133,0.7771,-0.3436,0.55,0.0099,0.1033,0.2259,2
19.96,-0.1744,0.8083,-0.333,0.7735,-0.3407,0.5452,0.0,0.1035,0.227,2
19.98,-0.191,-0.6548,-0.0539,0.7807,-0.3441,0.5338,0.0163,0.1042,0.227,2
20.0,-0.1828,2.1229,-0.0309,0.7903,-0.3442,0.5481,0.0067,0.1048,0.2244,2
20.02,-0.2063,1.9223,0.1696,0.776,-0.3452,0.5463,0.0079,0.1052,0.2211,2
20.04,-0.3626,1.4478,0.2721,0.7872,-0.3496,0.549,0.0064,0.11,0.2185,2
20.06,-0.2181,1.1535,0.1925,0.7817,-0.3492,0.5483,0.007,0.1067,0.222,2
20.08,-0.1194,0.4931,0.0064,0.7805,-0.347,0.5504,0.0164,0.1084,0.222,2
20.1,-0.2598,-1.9535,0.1543,0.7743,-0.3538,0.5489,0.0076,0.1052,0.222,2
20.12,-0.2259,-2.3936,0.3785,0.7921,-0.3385,0.5471,0.0195,0.1036,0.2249,2
20.14,-0.2772,-1.6699,0.4314,0.7827,-0.3359,0.5601,0.0101,0.1044,0.2262,2
20.16,-0.3349,-1.6558,0.5871,0.7722,-0.3435,0.5614,0.017,0.106,0.2291,2
20.18,0.0072,-0.2473,0.0867,0.7819,-0.3582,0.5575,0.0133,0.1095,0.2212,2
20.2,0.0197,0.0961,0.1691,0.7731,-0.3489,0.5546,0.0119,0.1115,0.222,2
20.22,0.1239,-0.2422,0.5076,0.7756,-0.3453,0.5472,0.0091,0.1082,0.2187,2
20.24,0.0043,-1.8364,0.1865,0.7853,-0.3424,0.5433,0.0098,0.1049,0.217,2
20.26,-0.3691,-2.1807,0.131,0.7957,-0.3506,0.5512,0.0133,0.1059,0.217,2
20.28,-0.553,-1.4568,-0.3203,0.7929,-0.3499,0.547,0.0143,0.1035,0.2241,2
20.3,-0.5748,-1.5735,-0.0433,0.7935,-0.3462,0.5412,0.0051,0.1059,0.2114,2
20.32,-0.5628,-2.3648,0.5464,0.7913,-0.348,0.5465,0.0147,0.1061,0.2189,2
20.34,-0.1565,-1.4908,0.4324,0.7935,-0.3484,0.5468,0.014,0.1029,0.2323,2
20.36,-0.2834,-1.5705,0.3315,0.7789,-0.3439,0.5437,0.0087,0.1004,0.2253,2
20.38,-0.2599,-1.3662,0.4718,0.7727,-0.3399,0.5392,0.0227,0.0984,0.2217,2
20.4,-0.1333,-0.9601,0.493,0.7828,-0.346,0.5375,0.0202,0.0976,0.2223,2
20.42,-0.0274,-0.2781,0.475,0.7843,-0.3472,0.5345,0.0059,0.103,0.2156,2
20.44,0.1799,1.0956,0.3499,0.7871,-0.3447,0.5384,0.0175,0.1018,0.2172,2
20.46,0.0616,0.9324,0.0877,0.7832,-0.3484,0.5434,0.0161,0.0994,0.222,2
20.48,-0.1189,0.6989,0.0617,0.7887,-0.3482,0.5453,0.0074,0.0988,0.2191,2
20.5,-0.0524,0.8883,0.1766,0.787,-0.3438,0.5452,0.0092,0.101,0.2252,2
20.52,-0.0133,-0.0399,0.3156,0.7829,-0.3383,0.5477,0.017,0.1027,0.2266,2
20.54,-0.1344,-0.5362,0.3605,0.7833,-0.34,0.5456,0.0168,0.0987,0.2244,2
20.56,-0.156,0.2752,0.3428,0.7799,-0.3509,0.5546,0.0157,0.1013,0.2232,2
20.58,-0.067,0.6845,0.3874,0.7749,-0.3501,0.5514,0.0243,0.1022,0.2206,2
20.6,-0.0904,0.5732,0.3163,0.7797,-0.3444,0.5374,0.0203,0.1014,0.2252,2
20.62,-0.1503,0.5856,0.047,0.7841,-0.3446,0.5474,0.017,0.1021,0.2246,2
20.64,-0.3342,0.2611,-0.0431,0.7829,-0.3465,0.5529,0.0283,0.1014,0.2208,2
20.66,-0.4548,-0.3696,0.0397,0.7859,-0.3477,0.5414,0.024,0.1037,0.222,2
20.68,-0.3237,-0.5753,0.1311,0.7868,-0.3442,0.5327,0.0135,0.103,0.2198,2
20.7,-0.052,0.1993,0.1531,0.7882,-0.342,0.5396,0.0104,0.1039,0.2199,2
20.72,0.3406,1.1565,0.1186,0.789,-0.3436,0.5472,0.0085,0.1047,0.2222,2
20.74,0.3079,0.6911,0.3437,0.7888,-0.3471,0.5381,0.0128,0.1028,0.2209,2
20.76,-0.118,-0.0427,0.4923,0.7888,-0.3461,0.5412,0.0126,0.1027,0.2169,2
20.78,-0.2501,0.4069,0.6015,0.7917,-0.3418,0.5506,0.0077,0.1004,0.2203,2
20.8,-0.1393,0.1261,0.6431,0.7914,-0.3392,0.5523,0.0012,0.0986,0.2249,2
20.82,-0.4818,-0.5024,0.6156,0.7814,-0.3417,0.5545,0.0104,0.0973,0.2202,2
20.84,-0.4596,-0.6682,0.4679,0.782,-0.339,0.5526,0.0155,0.1028,0.2195,2
20.86,-0.5424,-1.3449,0.6753,0.7864,-0.3437,0.5458,0.0127,0.1063,0.2231,2
20.88,-0.344,-1.4849,0.7378,0.7812,-0.3468,0.55,0.0115,0.1008,0.2257,2
20.9,-0.1545,-0.275,0.5699,0.78,-0.3534,0.5556,0.0108,0.1019,0.2235,2
20.92,-0.3165,0.4659,0.3432,0.7832,-0.3529,0.5481,0.0219,0.1009,0.2182,2
20.94,-0.1235,-0.0187,0.5934,0.7807,-0.3442,0.5466,0.0212,0.102,0.2233,2
20.96,0.0316,-0.0384,0.6266,0.7814,-0.3522,0.5445,0.0144,0.1046,0.2247,2
20.98,0.2153,0.4557,0.2586,0.79,-0.3539,0.5451,0.0113,0.1008,0.2247,2
21.0,0.2061,1.1685,0.4325,0.7908,-0.3528,0.5391,0.019,0.1018,0.2254,2
21.02,-0.1634,0.6957,0.5351,0.7899,-0.3476,0.5397,0.015,0.1027,0.2335,2
21.04,-0.4489,0.2753,0.4365,0.7911,-0.3507,0.5529,0.01,0.0959,0.2252,2
21.06,-0.4287,0.3857,0.2945,0.7853,-0.3471,0.551,0.0162,0.0979,0.2172,2
21.08,-0.2535,0.3521,0.5092,0.78,-0.3482,0.551,0.0156,0.1021,0.2162,2
21.1,-0.7035,-0.8804,0.6754,0.7844,-0.3459,0.549,0.0135,0.0987,0.2217,2
21.12,-0.7224,-1.3033,0.8307,0.7808,-0.3437,0.5531,0.0102,0.1011,0.2255,2
21.14,-0.4928,-1.1654,0.7045,0.7909,-0.3488,0.5424,0.0073,0.0975,0.2192,2
21.16,-0.172,0.5962,0.6579,0.7957,-0.3499,0.5444,0.0112,0.0958,0.2132,2
21.18,-0.0581,1.9563,0.29,0.7941,-0.3546,0.5326,0.0184,0.0999,0.2172,2
21.2,-0.1309,1.3727,0.4105,0.7707,-0.3416,0.547,0.02,0.1043,0.2184,2
21.22,-0.1929,-0.0982,0.1262,0.782,-0.3525,0.5509,0.0082,0.1006,0.2224,2
21.24,-0.2902,-0.0458,0.3104,0.7902,-0.3515,0.5539,0.007,0.0989,0.2252,2
21.26,-0.8901,-1.817,0.6542,0.7967,-0.344,0.5358,0.013,0.105,0.2155,2
21.28,-1.237,-2.8258,0.8235,0.7902,-0.351,0.5354,0.0174,0.0992,0.2261,2
21.3,-1.2717,-2.6463,0.7075,0.7972,-0.3572,0.5296,0.0156,0.0976,0.2215,2
21.32,-0.8793,-1.6667,0.8864,0.7887,-0.3547,0.5369,0.0213,0.106,0.2214,2
21.34,0.0911,1.1995,0.2946,0.7853,-0.3458,0.5297,0.0054,0.1022,0.2163,2
21.36,0.1682,2.0142,0.4286,0.7864,-0.3514,0.5405,0.0163,0.1021,0.225,2
21.38,0.2838,3.1549,0.2265,0.7728,-0.351,0.5501,0.0061,0.0994,0.2207,2
21.4,-0.1889,-0.8956,0.6404,0.7832,-0.352,0.5413,0.023,0.1024,0.2182,2
21.42,-0.1143,-0.9655,0.5984,0.7877,-0.3441,0.552,0.0108,0.1026,0.2268,2
21.44,-0.1636,-0.4222,0.5835,0.7868,-0.3466,0.5611,0.0177,0.0938,0.2209,2
21.46,-0.4981,0.0588,0.2726,0.7861,-0.3509,0.5323,0.0134,0.0986,0.2186,2
21.48,-0.1472,1.0198,0.0995,0.7949,-0.3499,0.5428,0.0124,0.1018,0.2258,2
21.5,-0.3929,1.643,0.2387,0.7922,-0.3478,0.5606,0.0187,0.0969,0.2265,2
21.52,-0.5005,-0.6618,0.2044,0.7858,-0.3439,0.5521,0.0151,0.0992,0.2262,2
21.54,-0.8907,-1.8334,0.2976,0.7839,-0.3496,0.5358,0.0096,0.0996,0.2319,2
21.56,-0.6465,-1.5912,0.3747,0.7815,-0.3461,0.5323,0.0108,0.0992,0.2171,2
21.58,-0.1443,0.1264,0.6514,0.7858,-0.3443,0.5353,0.017,0.1041,0.2208,2
21.6,0.2334,1.465,0.7967,0.7856,-0.3501,0.5429,0.0124,0.0993,0.2207,2
21.62,0.1142,1.5133,0.88,0.7747,-0.3484,0.5493,0.0181,0.1007,0.2143,2
21.64,-0.333,0.8116,0.5176,0.7915,-0.3509,0.5509,0.011,0.0996,0.2271,2
21.66,-0.5552,0.3575,0.5654,0.7886,-0.3426,0.5401,0.0139,0.0989,0.2176,2
21.68,-0.7119,-1.8474,0.3551,0.7763,-0.3437,0.5375,0.0155,0.1011,0.2135,2
21.7,-0.802,-2.8528,1.1166,0.7827,-0.3516,0.5411,0.0129,0.1037,0.2205,2
21.72,-0.5472,-0.747,1.0453,0.7853,-0.3516,0.5349,0.0141,0.0984,0.2275,2
21.74,-0.0799,1.3459,0.7681,0.7851,-0.3427,0.5274,0.0036,0.1005,0.2248,2
21.76,-0.0921,0.6084,0.6043,0.7787,-0.3512,0.5348,0.0165,0.1023,0.2301,2
21.78,-0.4691,-0.7899,0.5159,0.7876,-0.3564,0.5441,0.0182,0.1012,0.2337,2
21.8,-0.5295,-0.9461,0.5516,0.777,-0.3498,0.5421,0.022,0.0997,0.2195,2
21.82,-0.5944,-0.8592,0.7522,0.7809,-0.3519,0.5341,0.0166,0.0995,0.2157,2
21.84,-0.1828,-0.3448,0.545,0.7718,-0.3512,0.5349,0.0145,0.1029,0.2201,2
21.86,0.3963,-0.8027,0.6995,0.7862,-0.3565,0.5387,0.01,0.0952,0.2248,2
21.88,0.1637,0.0109,0.5017,0.7877,-0.3538,0.5308,0.0121,0.102,0.2197,2
21.9,0.1369,0.7341,0.4147,0.7816,-0.3511,0.5312,0.0102,0.1011,0.2243,2
21.92,-0.194,0.4664,0.2307,0.7807,-0.3517,0.5432,0.0131,0.0957,0.217,2
21.94,-0.472,-1.5392,0.2918,0.7817,-0.3547,0.538,0.0206,0.0986,0.2227,2
21.96,-0.4625,-1.2008,0.1281,0.7892,-0.3527,0.5306,0.0124,0.0997,0.2206,2
21.98,-0.0798,-0.788,0.5221,0.7895,-0.3496,0.5504,0.0124,0.0967,0.2211,2
22.0,0.0886,-0.5484,0.6738,0.7934,-0.3554,0.5433,0.0093,0.0953,0.2195,2
22.02,0.0684,0.1524,0.3315,0.7962,-0.356,0.546,0.0044,0.0969,0.2155,2
22.04,-0.1879,0.8984,-0.0032,0.7831,-0.35,0.5395,0.0068,0.1003,0.2177,2
22.06,-0.2414,0.4223,-0.0042,0.781,-0.3501,0.5413,0.0082,0.1024,0.2254,2
22.08,-0.0793,-0.2999,0.1039,0.7878,-0.3591,0.5445,0.0064,0.0995,0.2263,2
22.1,-0.0569,0.5639,0.3719,0.7849,-0.3502,0.5337,0.0178,0.0973,0.2223,2
22.12,-0.27,0.3434,0.4645,0.7852,-0.3495,0.53,0.0135,0.1013,0.2257,2
22.14,-0.449,0.5669,0.2975,0.794,-0.3527,0.5315,0.0159,0.0995,0.2209,2
22.16,-0.0679,0.7533,0.1622,0.7909,-0.3576,0.54,0.0052,0.1009,0.217,2
22.18,-0.0011,0.0503,0.391,0.7889,-0.3565,0.5369,0.0112,0.099,0.2129,2
22.2,0.076,0.915,0.5013,0.7882,-0.3524,0.5309,0.0128,0.0966,0.2167,2
22.22,-0.1553,0.7253,0.2861,0.7793,-0.3478,0.5247,0.0168,0.0998,0.2194,2
22.24,-0.3238,0.307,0.3234,0.7803,-0.3443,0.5313,0.0165,0.099,0.2209,2
22.26,-0.3466,0.7044,0.3532,0.7954,-0.3482,0.5347,0.0171,0.1004,0.2254,2
22.28,-0.1438,0.1268,0.3594,0.7902,-0.3466,0.536,0.0122,0.102,0.2238,2
22.3,-0.3367,-0.4997,0.324,0.7807,-0.349,0.5437,0.0095,0.1013,0.2208,2
22.32,-0.39,-0.8136,0.2911,0.7853,-0.3485,0.5393,0.0075,0.0994,0.2244,2
22.34,-0.0627,0.1053,0.2821,0.792,-0.3519,0.5341,0.0114,0.0979,0.2189,2
22.36,0.444,2.0989,0.1316,0.7919,-0.3526,0.5359,0.018,0.0988,0.2186,2
22.38,0.3018,2.3397,0.0115,0.7815,-0.3507,0.5308,0.0239,0.1014,0.2132,2
22.4,0.0269,1.1933,0.1311,0.7731,-0.354,0.5334,0.0256,0.1006,0.2166,2
22.42,-0.1295,-0.5015,0.3639,0.7785,-0.3564,0.5394,0.0195,0.1016,0.2122,2
22.44,-0.3704,-1.458,0.5896,0.7829,-0.3508,0.5321,0.0157,0.1057,0.2175,2
22.46,-0.3956,-0.9787,0.5683,0.7905,-0.3486,0.5373,0.0174,0.103,0.2219,2
22.48,-0.0354,0.6761,0.4633,0.7886,-0.3461,0.5392,0.0176,0.1033,0.2176,2
22.5,-0.0165,0.8026,0.3167,0.7837,-0.3493,0.5343,0.0085,0.1046,0.2191,2
22.52,0.0486,0.509,0.3009,0.7802,-0.3529,0.5404,0.01,0.0984,0.2167,2
22.54,-0.0656,0.2971,0.3834,0.7857,-0.354,0.5505,0.014,0.1004,0.2208,2
22.56,-0.3563,0.2298,0.1583,0.7837,-0.3568,0.543,0.0076,0.1042,0.2219,2
22.58,-0.3972,0.069,0.0683,0.7825,-0.3557,0.5397,0.0126,0.0976,0.2257,2
22.6,-0.2059,0.242,0.2422,0.7809,-0.3489,0.5459,0.0167,0.099,0.2281,2
22.62,-0.3603,0.7332,0.166,0.7893,-0.3451,0.5325,0.0204,0.1003,0.216,2
22.64,-0.2169,0.2913,-0.2002,0.7944,-0.3469,0.5429,0.0073,0.0983,0.2171,2
22.66,-0.1029,-0.28,-0.0694,0.7882,-0.3505,0.5461,0.0086,0.1034,0.2253,2
22.68,0.0089,-0.2735,0.4678,0.7913,-0.3514,0.5409,0.0167,0.1017,0.222,2
22.7,-0.1458,0.7269,0.2846,0.789,-0.3535,0.541,0.0141,0.0978,0.2229,2
22.72,0.0657,1.3276,-0.1757,0.7918,-0.3467,0.5337,0.0162,0.0999,0.2141,2
22.74,0.2744,1.197,-0.25,0.7807,-0.3464,0.5338,0.0149,0.1023,0.2161,2
22.76,0.1479,0.2798,0.1632,0.7696,-0.3489,0.5411,0.0226,0.104,0.2164,2
22.78,-0.0242,-1.008,0.8481,0.7852,-0.3514,0.5476,0.0193,0.1041,0.2168,2
22.8,-0.1416,-0.0698,0.6335,0.7813,-0.3509,0.5406,0.0065,0.1021,0.2157,2
22.82,0.1277,0.7347,0.3552,0.7755,-0.3543,0.5473,0.0089,0.102,0.222,2
22.84,0.1059,0.9709,0.2127,0.7808,-0.3535,0.5503,0.0087,0.101,0.2274,2
22.86,0.0729,0.541,0.5772,0.7881,-0.3517,0.5464,0.0115,0.1013,0.2221,2
22.88,0.0567,0.7853,0.8158,0.7843,-0.3563,0.5454,0.0187,0.1036,0.2174,2
22.9,-0.3125,0.0777,0.6389,0.7806,-0.352,0.54,0.022,0.1032,0.2192,2
22.92,-0.487,0.1908,0.3832,0.7789,-0.3436,0.5378,0.0225,0.103,0.2154,2
22.94,-0.7106,-0.3808,0.4426,0.7793,-0.3463,0.5297,0.0152,0.1029,0.217,2
22.96,-0.7323,-0.8676,0.6269,0.7881,-0.3486,0.5348,0.0106,0.0999,0.2263,2
22.98,-0.4099,-0.5392,0.5659,0.7899,-0.3475,0.5428,0.0145,0.0999,0.2275,2
23.0,-0.1315,0.4492,0.6838,0.7896,-0.3459,0.5409,0.0185,0.1013,0.2217,2
23.02,-0.0346,1.2937,0.6173,0.7862,-0.3483,0.5347,0.0181,0.0973,0.2228,2
23.04,0.0318,1.4434,0.4213,0.7802,-0.3572,0.5376,0.0156,0.0996,0.2178,2
23.06,0.0395,1.1713,0.3051,0.7841,-0.3573,0.5395,0.0163,0.1034,0.2223,2
23.08,-0.0508,0.2056,0.4305,0.7824,-0.3525,0.5463,0.015,0.1032,0.2212,2
23.1,0.1992,0.1188,0.524,0.7849,-0.3473,0.5493,0.0128,0.1024,0.2246,2
23.12,0.0076,-0.0606,0.4616,0.7915,-0.3469,0.5404,0.0132,0.0993,0.2252,2
23.14,-0.0393,0.1171,0.5577,0.7906,-0.3458,0.5401,0.0169,0.1014,0.2259,2
23.16,-0.2901,0.138,0.5887,0.7863,-0.3514,0.5485,0.0121,0.1026,0.2248,2
23.18,0.0249,0.2992,0.2149,0.783,-0.3523,0.5459,0.0128,0.1019,0.2345,2
23.2,0.0225,0.133,0.2235,0.7804,-0.3459,0.5472,0.0162,0.1009,0.2358,2
23.22,-0.2371,-0.5031,0.3783,0.7764,-0.3448,0.5537,0.0123,0.1009,0.2351,2
23.24,-0.0174,-0.8853,0.2773,0.7769,-0.3473,0.548,0.0163,0.0992,0.2342,2
23.26,0.1104,-0.3634,0.0527,0.7831,-0.3498,0.5369,0.0102,0.1012,0.2267,2
23.28,-0.1881,0.3423,-0.1121,0.7896,-0.3527,0.5313,0.0087,0.1001,0.2288,2
23.3,-0.1614,0.6084,-0.2669,0.7793,-0.3524,0.5288,0.0107,0.1001,0.2299,2
23.32,-0.2566,-0.2215,-0.1381,0.7895,-0.3562,0.541,0.0169,0.097,0.2281,2
23.34,-0.4444,-0.0331,-0.0658,0.805,-0.3565,0.5424,0.0129,0.0994,0.2257,2
23.36,-0.2254,-0.3108,0.2583,0.7947,-0.3581,0.5494,0.0129,0.1041,0.2274,2
23.38,-0.21,-0.3682,0.8079,0.7811,-0.3546,0.547,0.0155,0.1011,0.2233,2
23.4,0.1194,0.4086,0.6228,0.7775,-0.3494,0.5414,0.0142,0.0959,0.2329,2
23.42,0.0758,0.9156,0.1796,0.7832,-0.3487,0.5394,0.0136,0.0978,0.2308,2
23.44,-0.0011,0.3633,0.5594,0.7724,-0.3475,0.5327,0.0149,0.102,0.2273,2
23.46,0.2034,0.9048,0.8387,0.7811,-0.3507,0.542,0.0171,0.0989,0.2433,2
23.48,0.0052,1.3385,0.6585,0.7842,-0.3553,0.5518,0.0158,0.0964,0.2326,2
23.5,-0.3454,0.5731,0.5238,0.7921,-0.3533,0.5477,0.0146,0.1036,0.2252,2
23.52,-0.449,-0.1935,0.1288,0.7847,-0.3498,0.5503,0.0198,0.1,0.2346,2
23.54,-0.3758,-0.1704,0.4132,0.7867,-0.3512,0.5425,0.0195,0.102,0.2322,2
23.56,-0.2358,-0.0618,0.6204,0.7856,-0.3494,0.5394,0.0141,0.0996,0.2279,2
23.58,-0.4272,-0.0019,0.2902,0.7885,-0.3454,0.5416,0.0073,0.1012,0.2331,2
23.6,-0.3391,-0.5279,0.4781,0.7923,-0.3476,0.543,0.009,0.1016,0.228,2
23.62,-0.028,-0.4415,0.7098,0.7998,-0.3498,0.5379,0.0079,0.0997,0.2363,2
23.64,0.1125,0.795,0.3941,0.7915,-0.3472,0.5516,0.0144,0.0969,0.2317,2
23.66,0.3087,1.0471,0.3873,0.7755,-0.3486,0.5485,0.0169,0.0968,0.2258,2
23.68,0.2434,-0.5937,0.7022,0.7824,-0.3494,0.5364,0.0164,0.0969,0.2297,2
23.7,-0.1652,-1.0699,0.7063,0.7854,-0.3506,0.5455,0.0141,0.1039,0.2209,2
23.72,-0.1704,-0.8462,0.3352,0.7844,-0.348,0.5496,0.0088,0.1023,0.2134,2
23.74,-0.3552,0.1695,0.1626,0.7892,-0.3487,0.5476,0.0051,0.0959,0.2193,2
23.76,-0.2352,1.0397,0.0717,0.7902,-0.3527,0.5355,0.0201,0.0986,0.213,2
23.78,-0.042,1.6187,-0.0024,0.773,-0.3428,0.5359,0.0081,0.0992,0.2244,2
23.8,-0.4244,1.0135,0.4485,0.7785,-0.347,0.5453,0.0012,0.1003,0.2174,2
23.82,-0.3665,-0.4883,0.1909,0.799,-0.3458,0.5515,0.0074,0.0991,0.2177,2
23.84,-0.326,-0.0681,0.1081,0.7904,-0.3548,0.5336,0.0139,0.104,0.2264,2
23.86,-0.2094,1.0072,-0.0386,0.7868,-0.3499,0.5336,0.0103,0.1028,0.225,2
23.88,-0.0537,-0.1183,0.3901,0.783,-0.3506,0.5316,0.0169,0.1038,0.2252,2
23.9,-0.2485,0.0102,0.7758,0.7901,-0.3577,0.5428,0.0199,0.101,0.2284,2
23.92,-0.2361,1.4525,0.5446,0.7838,-0.3505,0.5411,0.0199,0.1018,0.2266,2
23.94,-0.2726,0.3883,-0.0937,0.7909,-0.3453,0.5498,0.0206,0.1006,0.2286,2
23.96,0.1012,-0.3257,-0.0006,0.7865,-0.3449,0.5489,0.0219,0.102,0.219,2
23.98,-0.3294,-0.3909,0.2607,0.7773,-0.3522,0.5455,0.0102,0.0999,0.217,2
24.0,-0.0345,-0.3651,0.4544,0.7854,-0.3546,0.5519,0.0093,0.1017,0.2225,2
24.02,-0.0644,-0.3305,0.6015,0.7816,-0.3482,0.5395,0.0108,0.1,0.2211,2
24.04,-0.2139,0.3409,0.3838,0.7765,-0.3517,0.5535,0.0127,0.0959,0.2193,2
24.06,-0.3844,-0.338,-0.0238,0.7771,-0.3443,0.5465,0.0132,0.1005,0.2341,2
24.08,-0.332,-0.175,0.1414,0.7746,-0.3546,0.5478,0.0205,0.0996,0.2236,2
24.1,-0.4175,-0.1752,0.1091,0.7754,-0.3527,0.5467,0.0122,0.0937,0.2288,2
24.12,-0.251,0.275,-0.0058,0.7808,-0.3546,0.555,0.0158,0.1028,0.2234,2
24.14,-0.0664,-0.8167,0.3217,0.7862,-0.3475,0.5345,0.0071,0.0995,0.2247,2
24.16,-0.5601,-0.3803,0.7024,0.7924,-0.3385,0.5374,0.0229,0.0992,0.2256,2
24.18,-0.1026,0.0844,0.2775,0.7849,-0.3524,0.5541,0.0097,0.0976,0.2243,2
24.2,0.363,0.8674,0.1768,0.7995,-0.3497,0.5509,0.0181,0.1025,0.213,2
24.22,0.2521,2.6455,0.202,0.7885,-0.3518,0.5405,0.0118,0.0975,0.228,2
24.24,-0.5391,-0.326,0.1369,0.7827,-0.343,0.5457,0.0119,0.1093,0.2221,2
24.26,-0.6587,-0.594,0.1939,0.7894,-0.3451,0.5415,0.0192,0.0986,0.2095,2
24.28,-0.3925,-0.2578,0.5429,0.7863,-0.3516,0.5366,0.0213,0.1006,0.221,2
24.3,-0.3644,-0.0472,0.5442,0.7859,-0.3533,0.5471,0.0163,0.0989,0.2238,2
24.32,-0.3057,-0.1204,-0.0083,0.7873,-0.3486,0.541,0.0099,0.0963,0.225,2
24.34,0.0239,-0.3568,0.1206,0.7798,-0.3473,0.5412,0.018,0.1052,0.2209,2
24.36,-0.0625,-0.4024,0.375,0.7781,-0.3532,0.5551,0.0081,0.0977,0.2311,2
24.38,0.1713,-0.3953,0.3662,0.793,-0.3566,0.5586,0.0141,0.1047,0.2292,2
24.4,0.3474,1.0607,0.3399,0.7929,-0.3573,0.5437,0.0106,0.0981,0.2256,2
24.42,0.2583,2.227,0.2449,0.7877,-0.3392,0.5419,0.0146,0.0968,0.2217,2
24.44,0.1772,0.9153,0.3792,0.7804,-0.3439,0.5395,0.0183,0.1043,0.2188,2
24.46,-0.3023,-0.251,0.301,0.7792,-0.3555,0.5494,0.0092,0.1013,0.2221,2
24.48,-0.6009,0.0702,0.3983,0.7859,-0.3545,0.542,0.0136,0.0974,0.2221,2
24.5,-0.3533,0.2934,0.288,0.7898,-0.3534,0.5499,0.0249,0.1,0.2298,2
24.52,-0.0214,0.8927,0.7057,0.7743,-0.3447,0.5412,0.0139,0.1029,0.2254,2
24.54,0.2372,0.2206,0.4312,0.7735,-0.3476,0.5371,0.0137,0.0993,0.2263,2
24.56,0.0542,-1.4815,0.6123,0.7772,-0.3549,0.5388,0.0125,0.1,0.2227,2
24.58,-0.2256,-1.3943,0.554,0.7922,-0.3509,0.5538,0.0048,0.1031,0.2214,2
24.6,-0.3515,0.5667,0.579,0.7897,-0.3486,0.5498,0.0116,0.1048,0.2251,2
24.62,-0.4026,-0.0725,0.2505,0.7894,-0.3515,0.554,0.0236,0.1038,0.2293,2
24.64,-0.5129,-1.2915,0.4156,0.786,-0.3571,0.5419,0.0139,0.1016,0.2204,2
24.66,-0.3377,-1.6575,0.8937,0.7884,-0.3558,0.5366,0.0167,0.1011,0.2184,2
24.68,-0.1275,-0.056,0.4227,0.7891,-0.3485,0.5473,0.0144,0.1007,0.2205,2
24.7,-0.1953,0.624,0.182,0.7849,-0.3467,0.534,0.013,0.097,0.2146,2
24.72,-0.282,0.1156,0.1154,0.7836,-0.351,0.5302,0.0117,0.1018,0.2201,2
24.74,-0.219,-1.1761,0.7395,0.7876,-0.348,0.5197,0.0108,0.1015,0.223,2
24.76,0.0733,0.0346,0.7317,0.7798,-0.3474,0.529,0.0222,0.0973,0.2319,2
24.78,-0.0022,-0.4011,0.5154,0.7919,-0.3596,0.5463,0.0199,0.099,0.238,2
24.8,-0.2038,-0.6322,0.2598,0.7923,-0.3562,0.5449,0.0142,0.0984,0.2384,2
24.82,-0.4022,-1.3932,0.32,0.7811,-0.3454,0.5459,0.0075,0.1015,0.2398,2
24.84,-0.2618,-1.3789,0.624,0.7886,-0.3486,0.5399,0.0076,0.1048,0.2371,2
24.86,-0.2473,0.3661,0.3921,0.7886,-0.3481,0.5347,0.0159,0.102,0.2343,2
24.88,-0.2237,1.2076,-0.087,0.7809,-0.3408,0.5404,0.0139,0.1017,0.2329,2
24.9,-0.5529,0.8138,-0.073,0.7857,-0.3431,0.5466,0.0185,0.0982,0.2253,2
24.92,-0.4708,0.5486,0.1799,0.792,-0.3523,0.5432,0.0189,0.1016,0.2289,2
24.94,-0.2816,0.4228,0.0469,0.7923,-0.3567,0.5408,0.0114,0.1019,0.2287,2
24.96,-0.0932,0.5474,0.0039,0.7902,-0.3576,0.5464,0.0155,0.1,0.2328,2
24.98,-0.0254,0.8364,0.1793,0.791,-0.3526,0.5404,0.0209,0.1,0.2327,2
25.0,0.0235,0.5458,0.4975,0.7933,-0.3506,0.5352,0.0218,0.0997,0.2337,2
25.02,0.0395,-0.2212,0.6363,0.7937,-0.3498,0.5367,0.0219,0.1016,0.2355,2
25.04,-0.1688,-0.0599,0.5125,0.7938,-0.3426,0.5406,0.0116,0.1013,0.2329,2
25.06,-0.3807,-0.053,0.5415,0.7826,-0.3413,0.5379,0.0178,0.1004,0.2298,2
25.08,-0.325,-0.024,0.6017,0.7784,-0.3435,0.5412,0.0201,0.1023,0.2333,2
25.1,-0.2695,0.1207,0.5036,0.7828,-0.3441,0.5462,0.0119,0.0985,0.2332,2
25.12,0.0055,0.6738,0.3942,0.7863,-0.3512,0.5463,0.0102,0.097,0.2296,2
25.14,0.1966,0.5945,0.3208,0.7795,-0.3552,0.5456,0.0084,0.1009,0.2275,2
25.16,-0.2928,-0.0997,0.7327,0.7835,-0.3527,0.5514,0.0068,0.0988,0.2222,2
25.18,-0.3646,-1.0446,0.5025,0.7939,-0.3555,0.5475,0.0124,0.0989,0.2364,2
25.2,-0.6659,-0.6356,0.4368,0.7888,-0.3595,0.5389,0.0177,0.1032,0.2327,2
25.22,-0.3141,1.5825,0.1665,0.7816,-0.3547,0.5344,0.0147,0.1036,0.2315,2
25.24,-0.3525,1.7599,-0.1359,0.7819,-0.3518,0.5428,0.0188,0.1039,0.227,2
25.26,-0.4004,0.6011,-0.1033,0.7848,-0.3542,0.5385,0.0227,0.103,0.2312,2
25.28,-0.3522,-0.2804,-0.0902,0.7833,-0.3586,0.5367,0.0125,0.1009,0.2258,2
25.3,-0.1024,-1.1469,0.5286,0.7893,-0.3524,0.5335,0.0184,0.0983,0.2293,2
25.32,0.2162,-0.8868,0.5007,0.7873,-0.3508,0.5501,0.0152,0.0987,0.2361,2
25.34,0.018,-1.0403,0.3463,0.7839,-0.3493,0.5462,0.0125,0.1005,0.2296,2
25.36,0.1281,-0.3208,0.1156,0.7753,-0.3523,0.5312,0.0033,0.0992,0.2336,2
25.38,0.3063,-0.7415,0.3854,0.7875,-0.3469,0.5431,0.0116,0.0992,0.227,2
25.4,-0.0106,-1.7802,0.5271,0.7999,-0.3503,0.5466,0.0162,0.0948,0.2372,2
25.42,-0.3883,-0.3479,0.4495,0.7826,-0.3469,0.5591,0.0147,0.1036,0.2361,2
25.44,-0.1375,0.3383,0.1277,0.7902,-0.3494,0.5379,0.0186,0.1053,0.2282,2
25.46,-0.2519,2.3164,-0.3459,0.7767,-0.3533,0.5503,0.0077,0.1069,0.2275,2
25.48,0.0385,2.9504,0.0521,0.7832,-0.3476,0.528,0.0166,0.1005,0.2461,2
25.5,0.1413,2.0984,0.5557,0.7816,-0.3599,0.539,0.0279,0.1034,0.227,2
25.52,-0.1913,-1.232,0.4254,0.7834,-0.3607,0.5448,0.0144,0.098,0.2145,2
25.54,-0.2873,-1.7341,0.0101,0.7859,-0.3476,0.5421,0.0083,0.1014,0.2185,2
25.56,-0.6878,-2.3494,0.1944,0.787,-0.3543,0.545,0.0211,0.102,0.2176,2
25.58,-0.5907,-3.2557,0.3944,0.7871,-0.3503,0.5293,0.0104,0.0987,0.2219,2
25.6,-0.3433,-1.2224,0.8576,0.8025,-0.35,0.529,0.0238,0.0966,0.2247,2
25.62,-0.2411,0.0157,0.7074,0.7801,-0.3557,0.5243,0.0126,0.102,0.2289,2
25.64,-0.3083,0.0035,0.7831,0.7884,-0.3526,0.5349,0.0161,0.1005,0.2213,2
25.66,0.1306,0.675,0.827,0.7891,-0.3557,0.5404,0.0148,0.1021,0.2182,2
25.68,0.0076,0.6448,0.8755,0.7826,-0.3473,0.5434,0.0086,0.0974,0.2277,2
25.7,-0.2756,-0.5437,1.037,0.7877,-0.3552,0.5248,0.0204,0.1,0.2242,2
25.72,-0.2869,-1.0999,1.0187,0.7845,-0.3537,0.5331,0.0197,0.0976,0.2224,2
25.74,-0.4446,-0.7582,0.2843,0.8011,-0.353,0.5254,0.0126,0.1039,0.218,2
25.76,-0.4628,-0.1122,0.4303,0.7963,-0.3522,0.5226,0.0107,0.1053,0.2239,2
25.78,-1.1565,0.0463,0.6178,0.7949,-0.3475,0.5385,0.0063,0.0974,0.221,2
25.8,-1.896,0.8215,0.5774,0.7832,-0.3522,0.5346,0.0126,0.097,0.2296,2
25.82,-2.0355,1.7611,0.1438,0.7858,-0.3617,0.5334,0.0265,0.1006,0.2241,2
25.84,-1.4652,2.4013,-0.5079,0.7904,-0.3569,0.5312,0.0138,0.1021,0.2149,2
25.86,-0.5341,2.2236,-0.6172,0.7927,-0.3532,0.5381,0.011,0.1028,0.2259,2
25.88,-0.1073,0.3184,-0.0989,0.7847,-0.3518,0.5406,0.0085,0.0995,0.2301,2
25.9,-0.1756,-1.1927,0.2069,0.7857,-0.3557,0.5386,0.0057,0.1013,0.2216,2
25.92,-0.2533,-1.9805,0.4629,0.787,-0.3601,0.5416,0.0118,0.1015,0.2187,2
25.94,0.0209,-0.865,0.5678,0.7877,-0.3567,0.5396,0.0161,0.1049,0.2201,2
25.96,0.1627,0.6371,0.2598,0.7831,-0.3507,0.5404,0.0165,0.1037,0.229,2
25.98,0.1736,1.3728,-0.0046,0.7779,-0.3484,0.5388,0.0122,0.1019,0.2261,2
26.0,-0.1911,0.3049,0.1478,0.7815,-0.3461,0.5323,0.0148,0.1012,0.2257,2
26.02,-0.5018,-0.5855,0.4272,0.7828,-0.347,0.5331,0.013,0.1011,0.2246,2
26.04,-0.736,-0.9049,0.6269,0.7849,-0.3516,0.544,0.0074,0.1037,0.2203,2
26.06,-0.7382,-1.1741,0.5502,0.7937,-0.3555,0.5411,0.0141,0.1021,0.2207,2
26.08,-0.089,0.4955,0.4964,0.7928,-0.354,0.5373,0.019,0.0974,0.2265,2
26.1,0.1581,0.7473,0.8154,0.7872,-0.354,0.5335,0.0209,0.0979,0.224,2
26.12,0.1527,0.0328,1.0135,0.7889,-0.3546,0.5383,0.0235,0.1055,0.2264,2
26.14,0.217,-0.0044,0.9736,0.7871,-0.3542,0.5503,0.0128,0.099,0.2331,2
26.16,0.0372,0.3713,0.8861,0.7898,-0.3564,0.5304,0.0169,0.1018,0.2305,2
26.18,0.2836,1.1845,0.7283,0.7912,-0.3558,0.5544,0.0187,0.1011,0.2216,2
26.2,0.2379,1.0488,0.6432,0.7898,-0.3579,0.5552,0.0077,0.1082,0.2291,2
26.22,-0.2958,-1.1033,0.6292,0.7879,-0.3534,0.5423,0.0177,0.1035,0.2274,2
26.24,-0.2144,-1.4988,0.3898,0.7905,-0.3562,0.5388,0.0115,0.1027,0.2257,2
26.26,-0.2161,0.5569,0.274,0.7888,-0.3595,0.5359,0.0051,0.1019,0.2328,2
26.28,-0.0533,0.9973,0.4183,0.784,-0.3592,0.5391,0.0142,0.103,0.2173,2
26.3,-0.4567,0.0571,0.4863,0.7883,-0.3605,0.5239,0.0199,0.1044,0.2176,2
26.32,-0.3524,0.2031,0.6027,0.7801,-0.3582,0.5406,0.0242,0.1045,0.2275,2
26.34,-0.3866,0.3475,0.2344,0.7889,-0.357,0.5303,0.0178,0.103,0.2294,2
26.36,-0.1804,0.0953,0.2337,0.7947,-0.3589,0.5361,0.0226,0.1008,0.2328,2
26.38,-0.2949,0.2012,-0.018,0.7894,-0.3536,0.5314,0.0167,0.0947,0.2277,2
26.4,-0.1813,-1.3298,0.1182,0.7868,-0.3528,0.5353,0.005,0.0971,0.2241,2
26.42,-0.2724,-1.8519,0.3422,0.7946,-0.3498,0.5336,0.0173,0.0993,0.2343,2
26.44,0.3527,1.3555,-0.0705,0.7873,-0.3544,0.5431,0.0073,0.1021,0.2319,2
26.46,0.4979,0.8908,-0.0924,0.7847,-0.346,0.5343,0.0065,0.0996,0.2152,2
26.48,0.3157,0.388,-0.2596,0.7798,-0.3465,0.5317,0.0114,0.1012,0.2301,2
26.5,0.2217,0.7229,-0.3945,0.7845,-0.3537,0.5503,0.0101,0.0997,0.2323,2
26.52,-0.1211,-0.8122,0.0615,0.7863,-0.3529,0.543,0.0262,0.0973,0.2292,2
26.54,-0.094,-0.929,0.2763,0.8,-0.3557,0.5431,0.0147,0.1015,0.2352,2
26.56,-0.1588,-0.5644,0.1242,0.7952,-0.3542,0.5411,0.0071,0.0985,0.2392,2
26.58,-0.3516,-0.6578,0.2369,0.7873,-0.3503,0.5364,0.0075,0.1004,0.2333,2
26.6,-0.3818,-0.026,0.3244,0.7882,-0.3437,0.5354,0.0131,0.0983,0.2255,2
26.62,-0.3711,0.4071,0.4455,0.7866,-0.3455,0.5451,0.0197,0.098,0.2274,2
26.64,-0.2308,0.8872,0.3608,0.7871,-0.3501,0.5431,0.0221,0.0983,0.2292,2
26.66,-0.2125,0.992,0.21,0.7838,-0.3517,0.5378,0.0189,0.0974,0.2367,2
26.68,-0.3307,-0.1716,0.3512,0.7887,-0.3521,0.5404,0.015,0.0962,0.2389,2
26.7,-0.5548,-1.1805,0.7533,0.7935,-0.3544,0.5464,0.0224,0.0993,0.2393,2
26.72,-0.1855,-0.5679,0.9193,0.7926,-0.3499,0.5436,0.0178,0.1005,0.24,2
26.74,0.0483,0.6786,0.635,0.7875,-0.3468,0.5506,0.0062,0.101,0.2361,2
26.76,-0.0318,0.1321,0.438,0.7795,-0.3525,0.5446,0.0048,0.1031,0.2367,2
26.78,-0.2301,-0.9978,0.5336,0.7801,-0.3542,0.5499,0.009,0.1017,0.2345,2
26.8,-0.2397,-1.1449,0.5126,0.7894,-0.3541,0.5523,0.012,0.1012,0.2335,2
26.82,-0.1823,-0.5741,0.3652,0.7867,-0.3528,0.5515,0.0106,0.1033,0.2325,2
26.84,-0.3848,-0.5786,0.1576,0.7803,-0.3599,0.5352,0.0116,0.1023,0.2383,2
26.86,-0.3276,0.1697,0.4706,0.7782,-0.3575,0.5404,0.0175,0.1036,0.2354,2
26.88,-0.0956,0.0879,0.447,0.7847,-0.3582,0.5345,0.0127,0.1059,0.2222,2
26.9,-0.1729,0.1088,0.243,0.7852,-0.3536,0.5255,0.0065,0.1036,0.2167,2
26.92,-0.1957,0.0608,0.4567,0.7896,-0.3489,0.5325,0.0061,0.0999,0.2372,2
26.94,-0.0113,-0.0104,0.3635,0.786,-0.3487,0.5374,0.0187,0.0982,0.2391,2
26.96,0.1574,-1.2198,0.205,0.7849,-0.3457,0.5366,0.0154,0.0986,0.2374,2
26.98,-0.1615,-0.84,0.3834,0.7847,-0.3512,0.5306,0.0159,0.1012,0.2259,2
27.0,-0.0279,1.8994,0.5395,0.7807,-0.3518,0.543,0.0124,0.1003,0.2298,2
27.02,0.0602,2.1074,0.642,0.781,-0.3608,0.5301,0.022,0.0995,0.2293,2
27.04,-0.181,-0.4823,0.3275,0.7695,-0.3533,0.544,0.0145,0.0999,0.2289,2
27.06,-0.323,-0.8691,0.4105,0.7832,-0.3548,0.5396,0.0175,0.1002,0.235,2
27.08,0.0512,0.5049,0.1822,0.7843,-0.3479,0.5388,0.0208,0.1032,0.2376,2
27.1,-0.4214,-1.2333,0.3432,0.7886,-0.3448,0.5396,0.0259,0.1011,0.2343,2
27.12,-0.5296,-1.3179,0.7431,0.7938,-0.344,0.5301,0.02,0.1005,0.2336,2
27.14,-0.1956,0.5935,0.9335,0.7964,-0.3503,0.5309,0.0135,0.1014,0.2367,2
27.16,0.0859,2.5957,0.7017,0.7994,-0.3525,0.5414,0.0143,0.0993,0.245,2
27.18,0.0268,2.6061,0.5045,0.7853,-0.3546,0.5371,0.0159,0.1006,0.2358,2
27.2,-0.1875,1.5109,0.403,0.7798,-0.3518,0.5371,0.0139,0.1015,0.227,2
27.22,-0.5074,0.2184,0.5212,0.7897,-0.3564,0.5452,0.0189,0.1015,0.2318,2
27.24,-0.5394,-0.5705,0.5703,0.7898,-0.36,0.5374,0.0119,0.1016,0.2296,2
27.26,-0.6033,-0.663,0.5279,0.7838,-0.3621,0.526,0.0093,0.101,0.2335,2
27.28,-0.6276,-0.4721,0.3415,0.778,-0.3634,0.5258,0.0145,0.1025,0.2358,2
27.3,-0.481,-1.2401,0.2274,0.7904,-0.359,0.5298,0.0173,0.1022,0.2342,2
27.32,-0.3734,-0.9059,0.4867,0.7997,-0.3515,0.5277,0.012,0.1019,0.2337,2
27.34,-0.4344,-0.1651,0.4213,0.794,-0.3518,0.5269,0.016,0.1015,0.2327,2
27.36,-0.5303,0.3085,0.3229,0.7843,-0.3542,0.525,0.0177,0.1009,0.2271,2
27.38,-0.453,0.796,0.421,0.7791,-0.3541,0.5311,0.0178,0.1026,0.224,2
27.4,-0.3332,1.1036,0.5363,0.7874,-0.3606,0.5239,0.0205,0.1006,0.227,2
27.42,-0.3539,-0.0349,0.3247,0.7874,-0.3631,0.5269,0.0191,0.1012,0.223,2
27.44,-0.2944,-0.551,0.3204,0.7948,-0.3509,0.5417,0.0047,0.1043,0.2218,2
27.46,0.0233,-0.7402,0.5548,0.792,-0.3466,0.5466,0.0094,0.1046,0.2346,2
27.48,0.0815,-1.1658,0.6774,0.785,-0.3521,0.5362,0.0106,0.0986,0.2361,2
27.5,-0.0216,-0.2214,0.2915,0.7985,-0.3553,0.5197,0.0188,0.1042,0.2413,2
27.52,0.0209,1.2387,-0.2672,0.7988,-0.3528,0.5305,0.0233,0.1063,0.2307,2
27.54,0.2347,1.8624,-0.4811,0.7878,-0.3496,0.5513,0.0178,0.1025,0.2347,2
27.56,-0.3016,1.7037,-0.0618,0.7882,-0.3523,0.5395,0.0159,0.1003,0.2308,2
27.58,0.2078,1.3467,0.1749,0.7851,-0.3549,0.5494,0.0122,0.0975,0.2268,2
27.6,0.0791,0.6037,-0.2279,0.7781,-0.3567,0.5342,0.0164,0.0979,0.2357,2
27.62,-0.0934,0.4757,0.2045,0.7812,-0.353,0.5522,0.0167,0.1059,0.2365,2
27.64,0.0981,-1.2731,0.4505,0.7912,-0.3602,0.5473,0.0055,0.1014,0.2268,2
27.66,-0.2859,-1.1303,0.5149,0.7874,-0.3582,0.55,0.0161,0.1007,0.2401,2
27.68,-0.242,-0.8974,0.321,0.7822,-0.3509,0.5439,0.0155,0.1,0.2293,2
27.7,-0.3487,-0.7929,0.4056,0.7827,-0.3508,0.5432,0.0299,0.1041,0.2307,2
27.72,-0.0605,0.2037,0.296,0.7828,-0.3499,0.5358,0.0177,0.0997,0.2356,2
27.74,-0.0738,0.4258,0.2377,0.7819,-0.3523,0.5392,0.0214,0.0971,0.2308,2
27.76,-0.3423,0.0959,0.6071,0.7834,-0.3553,0.5476,0.0243,0.1011,0.2292,2
27.78,-0.2762,0.9337,0.2789,0.7813,-0.356,0.5407,0.0177,0.1019,0.2302,2
27.8,-0.3136,1.1495,-0.0113,0.7799,-0.3603,0.5329,0.0127,0.1003,0.232,2
27.82,-0.2876,0.0266,0.2414,0.7809,-0.352,0.5377,0.024,0.1,0.2354,2
27.84,-0.06,-0.8892,0.5732,0.7814,-0.3517,0.5403,0.0211,0.1012,0.2293,2
27.86,0.1323,-0.9255,0.8112,0.7816,-0.3589,0.5305,0.0115,0.1005,0.2281,2
27.88,0.0227,-0.2959,0.5953,0.7841,-0.3595,0.5344,0.0074,0.0984,0.2328,2
27.9,-0.1936,0.7254,0.4713,0.787,-0.3617,0.545,0.014,0.1003,0.2361,2
27.92,-0.4214,1.2532,0.429,0.7824,-0.3558,0.5423,0.0177,0.0997,0.2358,2
27.94,-0.4886,0.9738,0.202,0.7855,-0.355,0.5392,0.019,0.0976,0.2411,2
27.96,-0.7734,0.5477,0.0151,0.7868,-0.354,0.5464,0.0209,0.0957,0.2271,2
27.98,-0.975,-1.1822,0.1361,0.7897,-0.3478,0.5389,0.0184,0.1005,0.2293,2
28.0,-1.0123,-1.1706,0.0693,0.79,-0.3574,0.5299,0.0252,0.1028,0.2412,2
28.02,-0.6024,-1.1222,-0.0576,0.7942,-0.3588,0.5306,0.0123,0.0991,0.2338,2
28.04,-0.2607,1.1223,-0.15,0.7977,-0.3573,0.5391,0.0148,0.1072,0.2419,2
28.06,-0.062,1.6225,0.0514,0.7826,-0.3531,0.5308,0.0115,0.1006,0.2416,2
28.08,-0.1501,-0.3461,0.5553,0.7859,-0.3519,0.5317,0.0228,0.104,0.2368,2
28.1,-0.1232,-1.1314,0.5285,0.783,-0.3612,0.5255,0.0229,0.1012,0.2314,2
28.12,-0.2059,-0.7701,0.3037,0.7878,-0.3602,0.5388,0.0118,0.091,0.2277,2
28.14,-0.1378,-1.3167,0.3078,0.7931,-0.3517,0.5308,0.0045,0.097,0.2304,2
28.16,-0.0053,-0.4535,0.4267,0.7997,-0.3546,0.5329,0.0108,0.1018,0.2377,2
28.18,-0.6061,-0.4829,0.5885,0.7992,-0.3593,0.5302,0.0062,0.1025,0.238,2
28.2,-0.5582,-0.1987,0.7727,0.7911,-0.3595,0.5318,0.0175,0.0991,0.2395,2
28.22,-0.313,-0.3213,0.6115,0.7841,-0.3509,0.5417,0.0064,0.1005,0.2427,2
28.24,-0.2962,-0.0995,0.4128,0.7895,-0.3534,0.534,0.0082,0.1003,0.2416,2
28.26,-0.185,0.2254,0.2602,0.7867,-0.3551,0.5334,0.0178,0.097,0.2376,2
28.28,-0.3437,-0.2473,0.2561,0.7847,-0.3535,0.537,0.0174,0.0983,0.2354,2
28.3,-0.3686,-0.093,0.2994,0.7791,-0.3548,0.5316,0.0114,0.1002,0.23,2
28.32,-0.4511,-0.7891,0.2995,0.7871,-0.3585,0.537,0.0101,0.0991,0.2419,2
28.34,-0.2363,-1.4402,0.4721,0.7929,-0.3585,0.538,0.0105,0.1001,0.2434,2
28.36,-0.2073,-1.0385,0.281,0.7855,-0.3571,0.5366,0.0136,0.1023,0.2373,2
28.38,-0.3343,0.0585,0.1655,0.7858,-0.3621,0.5364,0.0131,0.1038,0.2405,2
28.4,-0.336,0.4134,0.1407,0.7877,-0.3568,0.5409,0.0173,0.1055,0.2433,2
28.42,-0.5386,1.313,0.0115,0.7867,-0.3535,0.5354,0.0109,0.1034,0.2393,2
28.44,-0.3799,1.3635,-0.2227,0.7791,-0.3517,0.5314,0.0191,0.1018,0.2371,2
28.46,-0.1833,1.623,0.0088,0.7866,-0.3623,0.5409,0.0269,0.0999,0.2405,2
28.48,-0.2569,1.2263,-0.0676,0.7864,-0.3552,0.5316,0.0202,0.0966,0.2267,2
28.5,0.3742,-0.0945,0.0079,0.7833,-0.3553,0.5235,0.0285,0.1029,0.2328,2
28.52,0.2228,-0.5275,-0.0576,0.795,-0.3541,0.537,0.0285,0.0967,0.2271,2
28.54,0.1025,-0.9412,-0.0626,0.7927,-0.3541,0.5266,0.0116,0.1,0.2252,2
28.56,0.055,-1.0999,0.0083,0.796,-0.3558,0.537,0.0076,0.1037,0.2327,2
28.58,-0.0585,-1.1052,0.0059,0.7796,-0.3491,0.5361,0.0244,0.0986,0.2417,2
28.6,0.2114,0.7463,-0.183,0.7893,-0.3458,0.5378,0.0144,0.1006,0.2415,2
28.62,0.5197,1.0227,0.1115,0.7923,-0.3462,0.5335,0.0079,0.1017,0.2226,2
28.64,0.2757,0.6433,0.1033,0.7902,-0.3548,0.539,0.0219,0.1046,0.234,2
28.66,-0.0495,0.5275,0.0231,0.7914,-0.3543,0.5461,0.0184,0.105,0.2232,2
28.68,-0.1166,0.6829,-0.0812,0.7874,-0.356,0.5414,0.0196,0.1027,0.2374,2
28.7,-0.2352,0.6882,0.1203,0.7817,-0.3601,0.5367,0.0092,0.1015,0.2395,2
28.72,-0.2189,0.8817,0.4488,0.7925,-0.3621,0.5299,0.01,0.0997,0.2326,2
28.74,-0.1453,0.6124,0.2652,0.7912,-0.3582,0.5296,0.0115,0.1025,0.2292,2
28.76,-0.0031,0.4423,0.3416,0.7802,-0.3584,0.5319,0.0149,0.1019,0.233,2
28.78,-0.0102,0.541,0.1911,0.7847,-0.359,0.5379,0.0122,0.1008,0.2366,2
28.8,-0.1428,-0.1429,0.3158,0.7771,-0.3574,0.5385,0.0142,0.0968,0.2352,2
28.82,-0.1968,-1.2266,0.5058,0.7789,-0.3553,0.5336,0.022,0.1014,0.236,2
28.84,-0.2139,-2.5053,0.5783,0.7872,-0.3612,0.5378,0.0185,0.1029,0.2377,2
28.86,-0.3431,-2.4627,0.5729,0.7936,-0.3626,0.5379,0.0264,0.1009,0.2301,2
28.88,-0.0308,0.7207,0.3296,0.7879,-0.3483,0.5352,0.0257,0.0996,0.2364,2
28.9,0.0661,2.9308,-0.0745,0.7872,-0.3492,0.5317,0.018,0.1031,0.2447,2
28.92,0.409,2.8456,0.2337,0.783,-0.347,0.53,0.0097,0.0974,0.2363,2
28.94,0.0904,3.5433,-0.0107,0.7891,-0.3472,0.5339,0.0014,0.0989,0.2278,2
28.96,0.2467,1.2043,0.4729,0.7846,-0.3564,0.5257,0.0146,0.102,0.2385,2
28.98,0.1056,2.0124,0.5791,0.7768,-0.3529,0.5426,0.0061,0.1046,0.2292,2
29.0,-0.019,0.8692,0.6027,0.7839,-0.359,0.5316,0.0202,0.103,0.2412,2
29.02,-0.6991,-0.3372,0.5265,0.7868,-0.366,0.5412,0.0117,0.0979,0.2332,2
29.04,-0.7798,-1.1124,0.2593,0.7772,-0.3642,0.54,0.0224,0.1008,0.2281,2
29.06,-0.9773,-1.544,0.3923,0.7869,-0.3547,0.5308,0.0119,0.0997,0.2331,2
29.08,-0.9392,-1.1551,0.3582,0.7894,-0.3534,0.5391,0.0204,0.0982,0.2319,2
29.1,-0.3818,1.2327,0.1022,0.794,-0.3476,0.5371,0.016,0.0994,0.226,2
29.12,-0.1548,0.872,0.3852,0.7903,-0.3564,0.534,0.0187,0.0968,0.227,2
29.14,-0.0315,1.1249,0.6591,0.7885,-0.3557,0.5323,0.0266,0.0968,0.2345,2
29.16,-0.0328,2.0441,0.2208,0.7881,-0.3559,0.5327,0.0238,0.0956,0.2347,2
29.18,-0.1385,1.8337,-0.104,0.7862,-0.3546,0.5436,0.016,0.096,0.2327,2
29.2,-0.1992,0.9255,0.1593,0.7829,-0.358,0.5433,0.0103,0.1004,0.2302,2
29.22,-0.1362,0.3201,0.0389,0.784,-0.3579,0.5455,0.0036,0.104,0.231,2
29.24,-0.1914,0.4468,0.1535,0.7833,-0.357,0.5432,0.0089,0.1031,0.2361,2
29.26,-0.1127,0.0793,0.1318,0.7843,-0.3617,0.5323,0.0048,0.1023,0.2342,2
29.28,-0.0418,0.5254,0.1944,0.7892,-0.355,0.537,0.0128,0.1036,0.2305,2
29.3,0.0937,0.8478,0.2488,0.7781,-0.3615,0.5486,0.0125,0.1041,0.2365,2
29.32,-0.1283,1.0763,0.0965,0.7798,-0.3533,0.5376,0.0179,0.1029,0.2445,2
29.34,0.0188,1.3278,0.1617,0.779,-0.3476,0.5324,0.0099,0.1011,0.2272,2
29.36,-0.1831,1.2919,0.415,0.787,-0.3526,0.5277,0.025,0.1006,0.2259,2
29.38,-0.067,0.5736,0.2409,0.7788,-0.3636,0.5327,0.0172,0.1011,0.2347,2
29.4,-0.0624,-0.2567,0.0614,0.7731,-0.3562,0.5409,0.0171,0.1005,0.2444,2
29.42,-0.4974,-1.0253,0.4602,0.7877,-0.353,0.5421,0.0142,0.1031,0.2388,2
29.44,-0.0706,1.1185,0.1998,0.7894,-0.3608,0.5448,0.0091,0.0981,0.2333,2
29.46,0.0495,1.2415,0.5672,0.7761,-0.359,0.5566,0.0053,0.1004,0.2264,2
29.48,0.0713,0.8918,0.666,0.7804,-0.3557,0.5445,0.0041,0.0984,0.2325,2
29.5,0.1402,-0.165,0.6821,0.7827,-0.3508,0.5369,0.011,0.1,0.2322,2
29.52,-0.1728,-0.8972,0.2234,0.7858,-0.355,0.537,0.0233,0.1039,0.2331,2
29.54,-0.4397,0.0101,-0.015,0.7934,-0.3573,0.5439,0.0181,0.104,0.2269,2
29.56,-0.5164,1.3863,0.148,0.7902,-0.3573,0.543,0.0159,0.1013,0.2278,2
29.58,-0.275,1.6582,0.5206,0.7903,-0.3603,0.5504,0.0152,0.1,0.2321,2
29.6,-0.5836,1.5047,1.0572,0.7964,-0.3582,0.5531,0.0198,0.1001,0.227,2
29.62,-1.059,0.7746,1.4246,0.7833,-0.3585,0.5375,0.0156,0.0993,0.246,2
29.64,-0.9704,1.8571,1.5994,0.7824,-0.3532,0.5339,0.021,0.1007,0.2436,2
29.66,-0.8957,2.3041,1.1802,0.7745,-0.3417,0.5387,0.017,0.0994,0.2366,2
29.68,-1.0186,0.9693,0.7112,0.782,-0.3475,0.5492,0.0183,0.1024,0.2258,2
29.7,-1.2345,-0.3037,0.3435,0.7755,-0.3578,0.5432,0.0253,0.0993,0.2379,2
29.72,-0.5866,0.7692,-0.2148,0.7851,-0.3555,0.5367,0.016,0.102,0.2336,2
29.74,-0.2106,1.3607,-0.1372,0.7922,-0.3558,0.5418,0.0139,0.0999,0.2369,2
29.76,-0.0341,-0.1431,-0.1618,0.7829,-0.3572,0.5287,0.0201,0.1007,0.233,2
29.78,-0.1604,-1.2429,0.5503,0.7768,-0.3594,0.5378,0.0156,0.1026,0.2358,2
29.8,0.1629,-0.2312,0.382,0.7789,-0.3512,0.5388,0.0159,0.1003,0.242,2
29.82,0.319,-0.2232,0.2049,0.7764,-0.3498,0.5462,0.0144,0.1023,0.2431,2
29.84,-0.0086,-0.3111,0.1693,0.7773,-0.351,0.5513,0.016,0.1028,0.2462,2
29.86,-0.0692,0.0643,0.1039,0.7703,-0.3567,0.5417,0.0078,0.0976,0.2317,2
29.88,0.0793,0.0566,0.0872,0.7767,-0.3627,0.5372,0.0125,0.0973,0.2386,2
29.9,0.033,0.9727,-0.0027,0.7848,-0.3594,0.5403,0.0134,0.1,0.2409,2
29.92,-0.1901,0.4229,-0.015,0.7839,-0.3495,0.5363,0.0164,0.0994,0.2322,2
29.94,-0.2467,-0.7314,0.0792,0.7838,-0.3587,0.5483,0.0189,0.1004,0.2342,2
29.96,-0.2839,-0.3816,0.0215,0.7902,-0.3578,0.5459,0.0114,0.0978,0.2365,2
29.98,-0.205,1.0614,-0.2814,0.7766,-0.3524,0.5455,0.0112,0.0982,0.2358,2
30.0,-0.0994,1.1366,-0.0879,0.7844,-0.3528,0.5443,0.0095,0.0977,0.2327,2
30.02,-0.1745,0.587,0.1077,0.7742,-0.3548,0.5433,0.0186,0.0997,0.2517,2
30.04,0.0618,1.7332,0.0531,0.7781,-0.3514,0.5464,0.0043,0.1013,0.2346,2
30.06,0.124,0.5351,-0.0421,0.7941,-0.348,0.5505,0.004,0.1009,0.239,2
30.08,0.4206,0.4787,0.2141,0.7918,-0.3512,0.5549,0.0118,0.1017,0.2351,2
30.1,0.6429,0.1753,0.2534,0.7946,-0.3536,0.5351,0.0187,0.1007,0.2469,2
30.12,1.002,1.1588,0.3556,0.7773,-0.3571,0.5552,0.0165,0.1034,0.2264,2
30.14,0.6223,1.5161,0.1597,0.7822,-0.356,0.5405,0.0194,0.1023,0.2365,2
30.16,0.2878,1.4613,0.1658,0.7793,-0.3508,0.5529,0.0123,0.0987,0.2348,2
30.18,-0.0663,1.8558,-0.0773,0.7853,-0.3484,0.5573,0.0024,0.1004,0.2357,2
30.2,-0.3217,2.3336,-0.1124,0.793,-0.3481,0.5412,0.0147,0.0985,0.2393,2
30.22,-0.391,2.0668,0.1088,0.7825,-0.353,0.5543,0.0161,0.1011,0.2367,2
30.24,-0.3957,1.7319,0.3547,0.7776,-0.3562,0.5559,0.0151,0.1032,0.2336,2
30.26,-0.4553,1.6307,0.4475,0.7857,-0.3531,0.549,0.0186,0.1002,0.2346,2
30.28,-0.3474,2.6239,0.3131,0.7771,-0.35,0.5534,0.0197,0.1005,0.2313,2
30.3,-0.0763,2.5241,0.0086,0.7771,-0.3486,0.5512,0.0192,0.0986,0.2382,2
30.32,0.0502,0.3161,-0.0568,0.7872,-0.3511,0.5563,0.0192,0.0994,0.2376,2
30.34,-0.0401,-0.8437,0.1272,0.7871,-0.3564,0.5573,0.0168,0.0998,0.2333,2
30.36,0.0248,-0.624,0.4997,0.7842,-0.3547,0.5461,0.0134,0.1028,0.2325,2
30.38,0.2991,-0.6755,0.7607,0.7675,-0.3535,0.5597,0.0066,0.1005,0.2336,2
30.4,-0.0212,-0.6392,0.6243,0.77,-0.3505,0.5513,0.0194,0.1005,0.2353,2
30.42,-0.0248,-0.7164,0.7675,0.7804,-0.351,0.5444,0.0254,0.1048,0.2311,2
30.44,0.0086,-1.5259,0.7368,0.7747,-0.3532,0.5564,0.0067,0.0981,0.2392,2
30.46,-0.0845,-0.8637,0.5152,0.7786,-0.362,0.5607,0.0131,0.0972,0.2458,2
30.48,0.1208,1.9479,0.1294,0.7823,-0.3534,0.5488,0.013,0.0987,0.2321,2
30.5,-0.0418,-0.4938,0.9994,0.7664,-0.349,0.537,0.0183,0.0986,0.2376,2
30.52,-0.063,-1.1726,0.9776,0.7717,-0.3497,0.5505,0.0123,0.1001,0.2366,2
30.54,0.1242,-0.0342,0.1724,0.7771,-0.3491,0.5467,0.0104,0.1024,0.2423,2
30.56,0.2256,0.1239,-0.3649,0.7848,-0.3565,0.5584,0.0104,0.1027,0.2322,2
30.58,0.1276,0.8406,-0.5953,0.7749,-0.3548,0.5605,0.0124,0.1001,0.2365,2
30.6,-0.0659,0.0678,-0.4559,0.7789,-0.3536,0.5616,0.0158,0.1013,0.2366,2
30.62,-0.396,-0.8455,-0.2534,0.7767,-0.3506,0.5525,0.0293,0.1006,0.2368,2
30.64,-0.4742,-0.9955,0.4843,0.7783,-0.3441,0.5475,0.0202,0.1,0.2335,2
30.66,-0.2002,-0.6846,0.7565,0.7868,-0.3507,0.5499,0.0086,0.1017,0.2387,2
30.68,0.0144,-0.4717,0.5467,0.7843,-0.351,0.548,0.0161,0.1031,0.2405,2
30.7,0.0989,-0.1576,0.7524,0.7921,-0.355,0.5615,0.0067,0.0984,0.2341,2
30.72,-0.1033,0.2446,0.7588,0.7781,-0.356,0.5459,0.0172,0.1023,0.2311,2
30.74,0.0981,2.0734,0.2696,0.7825,-0.3553,0.5626,0.0099,0.1002,0.2355,2
30.76,-0.3995,0.4416,0.1883,0.7764,-0.36,0.5495,0.0156,0.1001,0.239,2
30.78,-0.1395,-0.732,0.3224,0.7774,-0.3568,0.5523,0.0196,0.1003,0.2281,2
30.8,-0.1486,-0.9271,0.4595,0.7808,-0.3547,0.5552,0.0124,0.1002,0.2273,2
30.82,-0.2606,-0.1766,0.2582,0.775,-0.3542,0.5642,0.0086,0.1009,0.2407,2
30.84,-0.128,-0.0481,0.3024,0.7791,-0.3563,0.5543,0.0177,0.0977,0.2407,2
30.86,-0.0018,-0.0196,0.0909,0.7882,-0.3515,0.5553,0.0178,0.1048,0.2409,2
30.88,0.0788,0.5167,0.2573,0.7824,-0.3551,0.5566,0.0092,0.1023,0.235,2
30.9,-0.0529,0.7328,0.4459,0.7776,-0.3621,0.5518,0.0148,0.1013,0.2344,2
30.92,-0.3499,0.5496,0.425,0.7784,-0.36,0.5441,0.0167,0.0998,0.2329,2
30.94,-0.56,0.6356,0.1856,0.7798,-0.3584,0.5604,0.0176,0.099,0.2323,2
30.96,-0.6199,0.5417,-0.2357,0.7821,-0.3592,0.5635,0.0199,0.1002,0.2326,2
30.98,-0.4883,-0.3395,-0.1446,0.7828,-0.3556,0.5548,0.0192,0.101,0.2359,2
31.0,-0.2182,-0.6296,0.1951,0.7846,-0.3491,0.5492,0.0113,0.0989,0.2321,2
31.02,0.021,0.0933,0.3509,0.7836,-0.3569,0.562,0.0155,0.0974,0.2334,2
31.04,0.0959,-0.1935,0.2691,0.7793,-0.35,0.5474,0.0129,0.0981,0.2322,2
31.06,0.2269,0.1345,0.3787,0.7784,-0.3511,0.5542,0.0174,0.0949,0.2362,2
31.08,0.264,0.6911,0.5572,0.7921,-0.3544,0.5621,0.0171,0.0961,0.2344,2
31.1,-0.134,0.3666,0.4073,0.7865,-0.3557,0.5595,0.0216,0.099,0.2369,2
31.12,-0.2245,-0.7885,0.3273,0.777,-0.3498,0.5511,0.0145,0.1025,0.2291,2
31.14,-0.1541,0.1624,0.6336,0.7902,-0.3503,0.5575,0.021,0.0969,0.2322,2
31.16,-0.6494,-0.1851,0.0825,0.7765,-0.3559,0.5506,0.0217,0.1012,0.2333,2
31.18,-0.6629,-0.2672,0.1304,0.7705,-0.3576,0.5568,0.025,0.0991,0.2412,2
31.2,-0.422,-0.0235,0.2322,0.7708,-0.3579,0.5657,0.0312,0.1008,0.2333,2
31.22,-0.0555,1.089,0.5985,0.7697,-0.3618,0.5687,0.0303,0.1001,0.2268,2
31.24,0.0997,1.0804,0.5493,0.7675,-0.3619,0.5791,0.0294,0.0976,0.2355,2
31.26,0.0383,-0.0882,0.4413,0.7681,-0.3622,0.5757,0.0287,0.1007,0.2344,2
31.28,-0.2667,-1.0693,0.4931,0.7581,-0.362,0.5676,0.0363,0.0994,0.2339,2
31.3,-0.3587,-0.9833,0.297,0.7613,-0.3675,0.5708,0.043,0.097,0.2365,2
31.32,0.0419,-1.0564,0.2914,0.7598,-0.3711,0.5634,0.0497,0.0979,0.2334,2
31.34,0.2413,-0.0663,0.4785,0.7561,-0.3724,0.578,0.0442,0.093,0.2314,2
31.36,0.0621,0.4531,0.0767,0.7465,-0.3751,0.5757,0.0493,0.0993,0.2324,2
31.38,-0.3518,0.8968,-0.7238,0.7414,-0.3826,0.6059,0.0529,0.0911,0.2349,2
31.4,-0.0811,1.0545,-0.6044,0.7426,-0.3744,0.6038,0.0487,0.0901,0.2313,2
31.42,-0.2038,1.8763,-0.5587,0.7361,-0.3658,0.6095,0.0485,0.0981,0.2428,2
31.44,-0.2918,0.7782,-0.2287,0.7243,-0.3734,0.6058,0.0647,0.0921,0.2454,2
31.46,-0.1142,0.2881,-0.0317,0.7341,-0.3725,0.5954,0.0644,0.0972,0.2482,2
31.48,-0.0761,-0.4892,0.1707,0.7236,-0.3755,0.6208,0.0624,0.0898,0.2431,2
31.5,0.0501,-0.6432,0.7126,0.7245,-0.3841,0.6106,0.0547,0.0908,0.2404,2
31.52,0.2636,1.1803,0.6328,0.7387,-0.3855,0.6021,0.0649,0.0906,0.2342,2
31.54,-0.4735,1.6139,-0.2164,0.7367,-0.3869,0.6003,0.0699,0.0878,0.2297,2
31.56,-1.0529,1.1284,-1.0479,0.7328,-0.3883,0.6137,0.0662,0.0855,0.2307,2
31.58,-1.3452,1.8046,-1.0419,0.747,-0.3838,0.6045,0.0663,0.0866,0.235,2
31.6,-1.285,2.0865,-1.0843,0.7445,-0.3798,0.5958,0.0609,0.0878,0.2412,2
31.62,-1.2141,1.9052,-1.5137,0.7306,-0.3829,0.5985,0.0621,0.0886,0.2385,2
31.64,-0.5671,1.8913,-0.2888,0.7265,-0.3768,0.6218,0.0686,0.0875,0.2412,2
31.66,-0.2592,1.183,0.7963,0.7247,-0.3851,0.6332,0.0725,0.0897,0.2412,2
31.68,-0.4973,-0.7299,1.0013,0.73,-0.3835,0.6311,0.0641,0.0938,0.2326,2
31.7,-0.187,-0.695,0.9563,0.7281,-0.3718,0.6127,0.0681,0.0909,0.2424,2
31.72,-0.1233,1.2374,0.6728,0.725,-0.3763,0.6172,0.068,0.087,0.2372,2
31.74,-0.2732,0.4138,0.5682,0.724,-0.3885,0.6087,0.062,0.0925,0.2353,2
31.76,-0.4495,-0.8708,0.2606,0.7536,-0.3901,0.6097,0.071,0.0928,0.2306,2
31.78,-0.0235,0.4859,0.5302,0.7345,-0.3872,0.6147,0.0707,0.0933,0.2404,2
31.8,-0.059,-0.049,0.493,0.731,-0.3801,0.6071,0.0657,0.0948,0.2414,2
31.82,0.3364,-0.8154,0.7207,0.741,-0.3804,0.6222,0.0713,0.088,0.2427,2
31.84,0.5456,-1.2953,0.6838,0.7342,-0.378,0.6144,0.072,0.0877,0.231,2
31.86,0.6204,-0.9033,0.2805,0.7187,-0.3831,0.612,0.0694,0.0869,0.2264,2
31.88,0.7558,0.6703,0.6116,0.7163,-0.3823,0.6148,0.0627,0.088,0.2268,2
31.9,0.7001,1.4382,0.5917,0.7079,-0.3718,0.6212,0.0673,0.0889,0.231,2
31.92,-1.2512,1.8951,0.6098,0.7105,-0.3803,0.615,0.0676,0.092,0.2344,2
31.94,-1.8888,2.7485,0.6695,0.7364,-0.389,0.6075,0.063,0.0933,0.2356,2
31.96,-1.5009,1.4752,0.4909,0.7502,-0.3928,0.6108,0.0681,0.0879,0.2394,2
31.98,-1.3798,-1.6985,1.3394,0.754,-0.3812,0.6081,0.0689,0.0869,0.2213,2
32.0,-0.304,-1.3118,0.6648,0.7562,-0.3769,0.6147,0.0666,0.0886,0.2243,2
32.02,0.2812,0.617,0.3847,0.7481,-0.3795,0.6161,0.0674,0.0911,0.2308,2
32.04,0.1824,0.1547,0.145,0.7254,-0.3865,0.6119,0.0723,0.0919,0.2405,2
32.06,0.8013,-0.8772,0.9881,0.7246,-0.3889,0.6082,0.0685,0.0912,0.2457,2
32.08,1.2571,-1.8227,1.621,0.7343,-0.3912,0.6276,0.0623,0.0922,0.2443,2
32.1,1.8428,-1.4271,1.4552,0.7362,-0.3898,0.6257,0.0731,0.0911,0.2283,2
32.12,2.062,-1.1551,1.1545,0.7286,-0.3843,0.6181,0.0674,0.089,0.2256,2
32.14,1.3584,-2.0671,1.2831,0.7316,-0.3806,0.6153,0.0667,0.0891,0.226,2
32.16,0.9222,-2.6177,1.1157,0.7383,-0.3841,0.6291,0.0651,0.0892,0.2332,2
32.18,0.1146,-1.2298,0.6019,0.7288,-0.3801,0.6296,0.064,0.089,0.2434,2
32.2,-0.0533,-0.3017,0.355,0.7162,-0.3707,0.6121,0.0564,0.0871,0.2411,2
32.22,0.1558,1.6527,0.943,0.72,-0.3745,0.6111,0.0526,0.0916,0.2462,2
32.24,-0.0764,1.6858,1.2346,0.7123,-0.3773,0.6172,0.0568,0.0887,0.2308,2
32.26,-1.1557,1.0492,-0.1259,0.7382,-0.3844,0.6148,0.0543,0.0822,0.2382,2
32.28,-0.9526,0.3592,-1.173,0.7438,-0.3841,0.6066,0.0621,0.0917,0.2367,2
32.3,-0.1451,2.4256,-1.3668,0.734,-0.3788,0.616,0.0611,0.0894,0.2345,2
32.32,0.0316,0.0606,0.1152,0.7198,-0.3792,0.6228,0.063,0.0928,0.2335,2
32.34,-0.2628,-2.0976,1.9591,0.7274,-0.3823,0.6128,0.0535,0.0928,0.2359,2
32.36,-0.1342,-1.4837,2.5584,0.7307,-0.3747,0.6231,0.0608,0.0947,0.241,2
32.38,0.1002,-0.1565,2.193,0.7355,-0.3796,0.6262,0.064,0.0899,0.2354,2
32.4,0.4574,1.0594,1.3153,0.727,-0.3827,0.6099,0.0655,0.0943,0.2371,2
32.42,0.4675,0.024,1.0168,0.7307,-0.3855,0.6024,0.0654,0.089,0.2443,2
32.44,0.6618,-1.5819,1.1124,0.7269,-0.3827,0.6105,0.0606,0.0858,0.2436,2
32.46,0.9843,-2.0036,0.8805,0.7358,-0.3844,0.6035,0.0665,0.0877,0.2433,2
32.48,0.5604,-1.0461,0.299,0.7512,-0.3905,0.5952,0.0646,0.0896,0.24,2
32.5,0.6454,0.2501,-0.3348,0.742,-0.3921,0.6036,0.0657,0.0879,0.2338,2
32.52,0.5264,0.6993,-0.1097,0.715,-0.3827,0.6017,0.0709,0.0915,0.229,2
32.54,-0.5171,0.3912,0.3228,0.7155,-0.3838,0.6364,0.0596,0.0838,0.2329,2
32.56,-0.9495,0.4707,0.242,0.7413,-0.3856,0.618,0.0614,0.0852,0.2363,2
32.58,-0.618,0.8874,0.2664,0.7278,-0.3907,0.6063,0.0791,0.0928,0.2248,2
32.6,-0.1498,-0.5576,1.066,0.7396,-0.3766,0.622,0.0603,0.0919,0.2317,2
32.62,-0.582,0.115,0.6216,0.7446,-0.3738,0.6155,0.0645,0.0888,0.2331,2
32.64,-0.7607,-0.0059,0.4598,0.7428,-0.379,0.6206,0.0632,0.0923,0.2429,2
32.66,-0.9489,-0.6442,0.8029,0.7343,-0.3867,0.6003,0.0701,0.0915,0.2423,2
32.68,-1.1174,0.7209,1.0432,0.7307,-0.3831,0.5927,0.0689,0.0924,0.2325,2
32.7,-1.0199,1.8279,1.1182,0.7356,-0.3888,0.6087,0.0687,0.0912,0.2354,2
32.72,-0.6134,1.0432,0.7929,0.7408,-0.3923,0.6021,0.0728,0.0897,0.2405,2
32.74,0.03,-0.7944,0.4636,0.7282,-0.3857,0.605,0.07,0.09,0.241,2
32.76,0.3839,-2.5949,1.1763,0.7234,-0.3872,0.6216,0.0689,0.0913,0.2464,2
32.78,0.1086,-2.6636,1.8798,0.7364,-0.379,0.6242,0.0785,0.0918,0.241,2
32.8,0.6708,-0.7254,2.336,0.7258,-0.3769,0.609,0.0693,0.0895,0.2389,2
32.82,0.3323,0.1377,2.4419,0.7233,-0.3802,0.6224,0.0708,0.0858,0.2428,2
32.84,0.1733,0.6215,1.6142,0.735,-0.3873,0.6262,0.0617,0.0882,0.2404,2
32.86,0.0075,0.0345,0.5824,0.7315,-0.3945,0.6046,0.07,0.0899,0.2397,2
32.88,0.069,-0.2653,-0.6077,0.7272,-0.3943,0.6043,0.066,0.092,0.2477,2
32.9,0.1716,-1.3707,-0.3972,0.7248,-0.3943,0.6123,0.0592,0.089,0.2426,2
32.92,-0.0455,-2.122,0.4513,0.7264,-0.3897,0.6147,0.0757,0.0876,0.2416,2
32.94,-0.0464,-0.124,0.5249,0.7258,-0.3852,0.5976,0.0709,0.0899,0.2403,2
32.96,0.2069,1.3771,0.4027,0.729,-0.3837,0.6165,0.0603,0.0938,0.2413,2
32.98,-0.1179,1.3642,0.0006,0.7305,-0.383,0.6164,0.0641,0.0862,0.2436,2
33.0,-0.9849,0.4083,0.1254,0.7273,-0.3842,0.6093,0.0694,0.0841,0.2362,2
33.02,-1.2982,-0.5173,0.438,0.729,-0.3894,0.6162,0.0719,0.0899,0.2358,2
33.04,-1.1321,-0.8252,0.2419,0.7374,-0.3884,0.6129,0.0614,0.0898,0.2352,2
33.06,-1.2918,-0.5095,0.5646,0.7316,-0.3864,0.6051,0.0531,0.087,0.2306,2
33.08,-1.1453,0.8264,0.3212,0.7361,-0.3844,0.5812,0.0627,0.0894,0.2312,2
33.1,-1.6012,0.726,0.1036,0.7346,-0.3739,0.6061,0.0585,0.0844,0.2308,2
33.12,-1.3874,0.6659,-0.0345,0.7253,-0.3747,0.5968,0.0722,0.0866,0.2288,2
33.14,-0.6548,-0.0852,0.4349,0.7287,-0.3941,0.6166,0.0575,0.0902,0.2374,2
33.16,-0.9014,0.4898,-0.0591,0.7275,-0.394,0.6087,0.0764,0.0857,0.2304,2
33.18,-0.4475,0.6859,-0.3218,0.7295,-0.3858,0.6162,0.0689,0.0833,0.2266,2
33.2,0.3544,-0.1975,-0.0062,0.7099,-0.3853,0.6256,0.0701,0.0869,0.2329,2
33.22,1.494,-1.9464,1.1213,0.7203,-0.3843,0.6073,0.0724,0.0893,0.2346,2
33.24,1.5109,-3.0402,1.2547,0.7405,-0.3895,0.6042,0.0619,0.0862,0.2283,2
33.26,1.0537,-2.0984,0.2433,0.7452,-0.3878,0.6126,0.0655,0.0898,0.2317,2
33.28,0.3475,-0.171,-1.1835,0.7373,-0.3712,0.607,0.0714,0.0941,0.2334,2
33.3,-0.1263,0.6778,-1.8315,0.7317,-0.373,0.6113,0.062,0.0885,0.2367,2
33.32,-1.0122,2.0657,-1.7654,0.7254,-0.3801,0.6236,0.0619,0.0854,0.2361,2
33.34,-1.3882,1.9363,-2.0402,0.7211,-0.3932,0.5998,0.0655,0.0878,0.2343,2
33.36,-1.3028,1.5736,-2.1576,0.7126,-0.3926,0.597,0.0484,0.0881,0.2367,2
33.38,-1.1081,1.6486,-1.9053,0.7327,-0.3868,0.6199,0.0781,0.086,0.235,2
33.4,-0.7463,0.3562,-1.8607,0.7475,-0.3975,0.6252,0.0785,0.0916,0.2306,2
33.42,-0.7152,0.7706,-1.9268,0.7316,-0.3743,0.6143,0.0654,0.0924,0.227,2
33.44,-1.6174,0.6552,-1.4984,0.73,-0.3642,0.6151,0.0646,0.0872,0.2278,2
33.46,-0.5925,-0.0652,-0.6919,0.7291,-0.3668,0.6142,0.0664,0.0884,0.2293,2
33.48,-0.1386,-2.1935,0.0991,0.7274,-0.3785,0.5955,0.0605,0.0901,0.2303,2
33.5,0.2022,-3.2675,-0.366,0.7345,-0.3874,0.5968,0.063,0.0888,0.2339,2
33.52,0.5092,-3.0118,-0.8112,0.7435,-0.3884,0.6124,0.0674,0.0883,0.235,2
33.54,0.5785,-0.352,-0.3637,0.7426,-0.3807,0.6155,0.0663,0.0849,0.2296,2
33.56,0.2799,0.9401,0.2723,0.7352,-0.3795,0.6112,0.0675,0.0894,0.2261,2
33.58,0.0235,0.4305,-0.1499,0.7253,-0.3824,0.5976,0.0563,0.0888,0.2359,2
33.6,-0.9928,-1.2208,0.2985,0.7339,-0.3766,0.6108,0.0624,0.0859,0.227,2
33.62,-1.0267,-0.8963,0.3184,0.7357,-0.381,0.6049,0.051,0.0889,0.2322,2
33.64,-0.2302,0.3469,-0.0495,0.7413,-0.3734,0.594,0.0559,0.0912,0.2353,2
33.66,0.8292,1.6787,0.2042,0.7262,-0.3755,0.6011,0.056,0.0902,0.2419,2
33.68,1.2772,-0.7097,1.3829,0.7325,-0.3792,0.5975,0.0601,0.0894,0.2307,2
33.7,0.5467,-1.3291,1.7007,0.736,-0.372,0.6223,0.0622,0.089,0.2304,2
33.72,0.2477,-1.9892,1.4013,0.7496,-0.3787,0.6083,0.0687,0.0888,0.2302,2
33.74,-0.4642,-1.1035,0.9953,0.7464,-0.3797,0.6065,0.0671,0.0857,0.2321,2
33.76,-1.6264,-0.6941,0.2483,0.7445,-0.3928,0.5968,0.0741,0.0851,0.2227,2
33.78,-1.3099,0.403,-0.2482,0.7404,-0.3909,0.5959,0.0624,0.0851,0.2302,2
33.8,-0.3877,1.0064,0.1633,0.73,-0.3803,0.6025,0.061,0.0876,0.2284,2
33.82,0.5554,0.441,0.7528,0.7318,-0.3801,0.6153,0.0544,0.0842,0.2244,2
33.84,0.7672,-0.4717,1.2495,0.7275,-0.3821,0.6166,0.061,0.086,0.2271,2
33.86,0.5096,-0.876,1.2531,0.7322,-0.378,0.609,0.0659,0.09,0.2329,2
33.88,0.2911,-0.5618,1.3641,0.7294,-0.3836,0.6132,0.0581,0.0874,0.2289,2
33.9,0.0011,-0.4665,1.2054,0.7444,-0.3809,0.604,0.0661,0.0912,0.2275,2
33.92,-0.3859,-0.4429,0.9892,0.7306,-0.3872,0.6011,0.0543,0.0869,0.2188,2
33.94,-0.6381,1.4065,0.4599,0.7332,-0.3759,0.5928,0.068,0.0851,0.2289,2
33.96,-0.4855,0.8493,-0.4911,0.7359,-0.3851,0.6023,0.0651,0.0844,0.2159,2
33.98,-0.6491,0.9187,-0.4033,0.7425,-0.3834,0.6014,0.0721,0.0874,0.2191,2
34.0,-0.507,0.3229,0.0395,0.7341,-0.3848,0.6085,0.0758,0.0874,0.23,2
34.02,-0.2483,-0.0486,0.1867,0.7301,-0.3825,0.5988,0.0673,0.088,0.2321,2
34.04,0.0762,0.3023,0.3229,0.7287,-0.3758,0.5997,0.0614,0.0855,0.2259,2
34.06,0.2131,0.6818,0.3924,0.7349,-0.377,0.609,0.0646,0.0865,0.2276,2
34.08,-0.3592,0.7742,0.0547,0.7316,-0.3727,0.6061,0.0671,0.0857,0.2272,2
34.1,-0.7267,-0.0483,0.0487,0.7301,-0.3816,0.6178,0.0672,0.0843,0.2246,2
34.12,-0.8032,0.6513,-0.0448,0.731,-0.3858,0.6247,0.0655,0.0836,0.2154,2
34.14,-0.8778,1.7909,-0.5788,0.7354,-0.3835,0.6136,0.0592,0.0857,0.2245,2
34.16,-1.2038,1.4049,-0.9698,0.7366,-0.3839,0.6003,0.0581,0.0899,0.2241,2
34.18,-0.6787,0.8783,-0.8128,0.7243,-0.3831,0.5997,0.0686,0.0936,0.2242,2
34.2,-0.6767,0.9767,-0.0258,0.7344,-0.3878,0.6155,0.0769,0.0889,0.2286,2
34.22,-0.2072,0.3035,0.2174,0.7399,-0.3804,0.6083,0.0713,0.0874,0.2233,2
34.24,-0.316,0.1555,0.1073,0.7451,-0.3878,0.6067,0.0673,0.0897,0.2212,2
34.26,-0.2598,-0.0078,-0.1304,0.7337,-0.3859,0.6058,0.0614,0.0869,0.2235,2
34.28,-0.0924,0.0632,-0.1068,0.7294,-0.3834,0.6054,0.0719,0.0851,0.2176,2
34.3,0.2882,0.3804,-0.1395,0.7217,-0.3811,0.6103,0.0702,0.082,0.2203,2
34.32,0.0572,-0.0466,-0.2645,0.7208,-0.3804,0.6155,0.0708,0.0847,0.2285,2
34.34,-0.1645,-2.3502,-0.0732,0.7293,-0.3787,0.6192,0.0728,0.0891,0.2266,2
34.36,-0.3033,-3.1896,0.4878,0.7398,-0.3756,0.6138,0.0624,0.0873,0.2215,2
34.38,-0.3792,-2.1077,0.9238,0.7647,-0.3775,0.611,0.0599,0.0856,0.219,2
34.4,-0.0768,0.4443,0.3067,0.7571,-0.3844,0.6069,0.0706,0.0865,0.2134,2
34.42,-0.0873,3.5665,-0.4517,0.7305,-0.3726,0.5981,0.0597,0.0864,0.2222,2
34.44,-0.0857,1.9422,-0.7551,0.7293,-0.3748,0.6142,0.0598,0.0906,0.2118,2
34.46,-0.8617,0.3222,0.0836,0.7302,-0.381,0.6097,0.0632,0.0854,0.2113,2
34.48,-0.9094,-0.5638,0.0486,0.7356,-0.3795,0.6156,0.0581,0.0838,0.228,2
34.5,-0.8744,-0.5347,0.1686,0.7316,-0.3777,0.606,0.0554,0.084,0.2225,2
34.52,-0.7173,-0.2128,0.075,0.7358,-0.3782,0.6113,0.0667,0.0849,0.2263,2
34.54,-0.1061,-0.3863,-0.0166,0.7378,-0.382,0.614,0.0715,0.0844,0.2248,2
34.56,0.3704,-1.0889,0.2331,0.7382,-0.3782,0.6086,0.0623,0.0872,0.2157,2
34.58,0.3681,-0.7067,0.709,0.7369,-0.3825,0.609,0.0623,0.0881,0.2168,2
34.6,0.2911,0.3119,0.542,0.7329,-0.3794,0.6051,0.0669,0.0841,0.218,2
34.62,0.4985,0.0855,0.1667,0.7314,-0.3783,0.6123,0.0633,0.0873,0.2201,2
34.64,0.3589,1.1686,-0.1638,0.7273,-0.3795,0.6093,0.0757,0.0874,0.2188,2
34.66,-0.012,1.411,-0.5101,0.7248,-0.3756,0.6093,0.0644,0.0824,0.2318,2
34.68,-0.2335,2.44,-0.0465,0.7363,-0.3832,0.5966,0.0722,0.0818,0.2189,2
34.7,-0.1075,1.6891,-0.1292,0.7325,-0.3771,0.6152,0.0636,0.0886,0.221,2
34.72,-0.1975,0.1664,-0.0015,0.7373,-0.3801,0.6086,0.0676,0.0881,0.2107,2
34.74,-0.2779,-0.4611,-0.0563,0.7315,-0.3738,0.6192,0.0574,0.0887,0.2214,2
34.76,-0.1971,-0.0611,0.1941,0.7293,-0.3788,0.6123,0.0627,0.0858,0.2179,2
34.78,-0.2817,-0.5528,0.3611,0.7308,-0.3685,0.6173,0.0704,0.0859,0.2203,2
34.8,-0.9385,-1.7714,0.6105,0.7374,-0.368,0.6112,0.0669,0.0883,0.2207,2
34.82,-1.449,0.0318,0.1064,0.7331,-0.3819,0.6102,0.063,0.0867,0.2118,2
34.84,-1.1023,3.3375,-0.18,0.7282,-0.3853,0.6068,0.0678,0.0847,0.2118,2
34.86,-0.9075,3.5269,-0.0799,0.7246,-0.3772,0.5999,0.0701,0.0853,0.2118,2
34.88,-0.9553,1.8437,-0.5526,0.7318,-0.3866,0.6041,0.0584,0.0894,0.2134,2
34.9,-0.9439,-0.2317,-0.4888,0.7297,-0.385,0.6164,0.0646,0.0895,0.2216,2
34.92,-0.8695,0.097,-0.0754,0.726,-0.3872,0.6127,0.0703,0.0862,0.2047,2
34.94,-0.5783,0.7354,-0.0926,0.7357,-0.382,0.612,0.055,0.089,0.2115,2
34.96,0.0042,-0.101,-0.5191,0.7434,-0.3757,0.5942,0.0509,0.0879,0.2166,2
34.98,0.0547,-0.8879,-0.4506,0.738,-0.3805,0.6016,0.0682,0.0896,0.2113,2
35.0,0.0976,-0.1183,-0.6235,0.726,-0.3879,0.6054,0.0604,0.0743,0.1714,2
35.02,0.5341,1.062,-0.1621,0.7273,-0.3757,0.6143,0.0688,0.0448,0.0784,2
35.04,0.4272,0.7649,0.3159,0.7295,-0.3783,0.5966,0.0622,0.0392,0.079,2
35.06,-0.0762,0.2344,-0.2679,0.7347,-0.3856,0.6037,0.048,0.0378,0.0785,2
35.08,-0.2417,0.0582,-0.56,0.7322,-0.3766,0.614,0.056,0.0351,0.0778,2
35.1,-0.4699,-0.0499,-0.4592,0.7354,-0.3755,0.6083,0.0537,0.0379,0.0776,2
35.12,-0.4348,0.5413,-0.4394,0.7258,-0.3762,0.611,0.0513,0.0376,0.0665,2
35.14,-0.0388,0.2639,-0.8996,0.7354,-0.3643,0.6122,0.0633,0.0312,0.0677,2
35.16,-0.4165,0.2027,-0.6025,0.7355,-0.3734,0.6162,0.0735,0.0344,0.0643,2
35.18,-0.2417,1.1649,-0.2852,0.7384,-0.3702,0.6098,0.069,0.0339,0.0706,2
35.2,-0.2657,1.9251,0.0817,0.7359,-0.3667,0.6075,0.0652,0.0373,0.0698,2
35.22,-0.9068,0.6141,0.1886,0.7396,-0.3743,0.612,0.0614,0.0355,0.07,2
35.24,-0.9891,0.5263,-0.1825,0.7232,-0.3744,0.6106,0.0493,0.0308,0.0643,2
35.26,-0.6612,1.0518,-0.3887,0.7245,-0.3691,0.6245,0.0637,0.0541,0.1085,2
35.28,-0.2587,0.5143,0.3052,0.7274,-0.3709,0.6204,0.0651,0.0848,0.201,2
35.3,0.616,-0.0746,1.2874,0.7369,-0.3782,0.6189,0.0647,0.0899,0.197,2
35.32,1.0769,0.1318,0.8238,0.7336,-0.3775,0.6067,0.0593,0.0904,0.1929,2
35.34,0.5694,0.9047,0.2992,0.7267,-0.3766,0.6146,0.0681,0.0897,0.2,2
35.36,0.1983,-0.2926,0.589,0.7315,-0.3789,0.607,0.0616,0.0868,0.2072,2
35.38,0.3681,-0.6363,0.7266,0.7295,-0.3791,0.5989,0.0654,0.0907,0.1986,2
35.4,0.1733,-1.2953,0.7919,0.7415,-0.3819,0.6044,0.0704,0.0904,0.2019,2
35.42,0.2675,-0.1368,0.4992,0.739,-0.3732,0.6064,0.0593,0.0922,0.2175,2
35.44,0.2423,0.457,-0.0213,0.7299,-0.3741,0.5996,0.0712,0.0847,0.2118,2
35.46,-0.1168,1.2579,-0.1727,0.7355,-0.3719,0.6249,0.0651,0.0872,0.2127,2
35.48,-0.8492,0.7393,-0.323,0.7299,-0.3692,0.615,0.0639,0.089,0.208,2
35.5,-2.1371,-0.6468,-0.0001,0.7378,-0.3747,0.6016,0.0661,0.0908,0.216,2
35.52,-2.236,0.6777,-0.4747,0.7338,-0.3744,0.6089,0.0635,0.0897,0.2155,2
35.54,-1.4022,1.7955,-0.7873,0.7296,-0.3677,0.6235,0.0667,0.0893,0.2182,2
35.56,-0.9096,0.5981,-0.1656,0.7286,-0.3757,0.6211,0.0661,0.0861,0.2167,2
35.58,-0.8713,-0.7315,0.1597,0.7416,-0.3813,0.6155,0.0676,0.0862,0.2093,2
35.6,-0.5331,-0.4077,0.0914,0.7408,-0.3796,0.6091,0.0703,0.0921,0.2079,2
35.62,0.5893,1.1545,0.1259,0.7399,-0.3808,0.6088,0.0671,0.0906,0.2158,2
35.64,0.6137,1.5156,0.1156,0.7223,-0.3693,0.6193,0.0646,0.0894,0.21,2
35.66,0.5083,-0.4712,0.5637,0.7212,-0.3749,0.6276,0.0506,0.0943,0.2243,2
35.68,0.4921,-1.9549,1.1026,0.7479,-0.3792,0.6125,0.0676,0.0904,0.2174,2
35.7,0.6584,-1.3424,1.4751,0.7352,-0.369,0.6122,0.0637,0.0892,0.2082,2
35.72,-0.0152,-0.6474,0.9249,0.726,-0.369,0.6078,0.0682,0.0882,0.2163,2
35.74,-1.0692,-0.0383,0.0828,0.7319,-0.3707,0.6261,0.0626,0.094,0.2162,2
35.76,-0.7008,1.3927,-0.3097,0.7118,-0.3638,0.6246,0.0604,0.0921,0.2188,2
35.78,-0.0472,0.947,-0.0156,0.7133,-0.3687,0.6089,0.063,0.0898,0.2246,2
35.8,-0.1366,-0.1185,-0.0484,0.739,-0.3872,0.602,0.0655,0.0875,0.2168,2
35.82,-0.1971,-0.1395,-0.295,0.7313,-0.3778,0.6245,0.0638,0.0859,0.2179,2
35.84,0.0406,0.5758,-0.4505,0.7318,-0.37,0.6367,0.0654,0.0854,0.2247,2
35.86,-0.3865,1.1287,-0.5327,0.7318,-0.3704,0.6258,0.0708,0.0889,0.2192,2
35.88,-1.108,1.3,-0.2827,0.7286,-0.3671,0.6254,0.063,0.0861,0.2228,2
35.9,-0.9353,0.1355,0.1881,0.7402,-0.3837,0.6072,0.0711,0.0913,0.2288,2
35.92,-0.925,0.3633,0.1748,0.7463,-0.3789,0.6193,0.0611,0.0878,0.2231,2
35.94,0.1381,-0.9544,1.0163,0.7298,-0.378,0.5913,0.0624,0.0924,0.2236,2
35.96,1.8125,-3.7087,2.5399,0.7249,-0.3671,0.6028,0.0638,0.0889,0.2309,2
35.98,2.259,-3.3268,2.2002,0.7404,-0.3768,0.6154,0.0621,0.086,0.2165,2
36.0,2.5943,-2.486,0.4617,0.7511,-0.3799,0.6205,0.066,0.0886,0.2125,2
36.02,2.7655,-1.7911,-1.3642,0.7478,-0.3779,0.6249,0.0693,0.0853,0.2117,2
36.04,2.6743,-1.176,-0.9232,0.7352,-0.3721,0.6057,0.064,0.0845,0.2099,2
36.06,1.3786,-1.4688,-0.1997,0.7238,-0.3686,0.6,0.0532,0.0769,0.2047,2
36.08,0.5864,-1.8029,0.7071,0.7122,-0.353,0.5825,0.0675,0.0843,0.2206,2
36.1,-0.7099,-2.8777,0.6981,0.7332,-0.3577,0.6031,0.066,0.0894,0.2191,2
36.12,-0.4494,-1.0467,-0.2392,0.7435,-0.3715,0.6042,0.0588,0.0898,0.2209,2
36.14,0.1765,-0.13,-0.0213,0.7465,-0.3754,0.6182,0.0731,0.0859,0.2001,2
36.16,0.3478,2.1842,1.2943,0.7409,-0.367,0.6178,0.0586,0.0845,0.2123,2
36.18,0.1729,0.9421,0.9692,0.7352,-0.36,0.6064,0.0406,0.0847,0.2183,2
36.2,-0.4047,-0.154,0.261,0.7197,-0.368,0.6119,0.0519,0.0836,0.2106,2
36.22,-0.8804,-0.3195,0.0046,0.7226,-0.3702,0.6013,0.057,0.0853,0.2012,2
36.24,-1.5695,-0.2745,-0.4245,0.7277,-0.3692,0.6018,0.0607,0.0877,0.2092,2
36.26,-1.2409,0.2369,-0.5946,0.7196,-0.3713,0.6031,0.0692,0.0896,0.2151,2
36.28,-0.5606,-0.1306,-0.3048,0.7294,-0.3764,0.6037,0.0599,0.0879,0.21,2
36.3,0.4971,0.3602,-0.1686,0.7492,-0.3762,0.6104,0.065,0.0826,0.2108,2
36.32,0.7044,0.989,-0.5259,0.7435,-0.368,0.6006,0.0564,0.0843,0.21,2
36.34,-0.2353,1.1256,-0.7882,0.7304,-0.3743,0.6166,0.069,0.0461,0.1065,2
36.36,0.2061,1.0792,0.101,0.7397,-0.3696,0.5954,0.07,0.0365,0.0777,2
36.38,0.5396,-0.0422,1.2227,0.7316,-0.3644,0.5895,0.0629,0.0354,0.0711,2
36.4,0.0649,-0.5427,0.67,0.7196,-0.3677,0.6263,0.0649,0.0366,0.0693,2
36.42,-0.7047,0.3035,0.8558,0.7203,-0.3627,0.6181,0.0603,0.0346,0.0671,2
36.44,-0.418,-0.9344,1.3716,0.74,-0.3668,0.6039,0.0555,0.0299,0.0629,2
36.46,0.0099,-0.8656,1.4577,0.7541,-0.3773,0.6047,0.0534,0.0328,0.0632,2
36.48,-0.0172,0.0768,1.4976,0.7499,-0.367,0.6061,0.0694,0.0333,0.0615,2
36.5,0.0041,1.0482,1.2128,0.7339,-0.3629,0.6072,0.0684,0.0319,0.0624,2
36.52,-0.013,1.7232,1.2562,0.7332,-0.3634,0.602,0.0577,0.0333,0.0691,2
36.54,-0.0751,1.0071,1.5893,0.7341,-0.3602,0.6059,0.0687,0.0323,0.0618,2
36.56,-0.4611,-0.239,1.1945,0.7238,-0.3665,0.6071,0.0639,0.0702,0.1498,2
36.58,-0.3156,-1.7585,1.3806,0.7319,-0.3753,0.6147,0.0599,0.0791,0.1948,2
36.6,-0.1442,-0.3699,1.6968,0.7401,-0.371,0.6091,0.0648,0.0858,0.1965,2
36.62,0.6937,-0.5887,1.9451,0.7236,-0.3725,0.5978,0.0698,0.0804,0.1865,2
36.64,2.24,-1.4598,2.6082,0.7324,-0.3777,0.6006,0.0716,0.0735,0.1955,2
36.66,1.8475,-1.1393,2.4898,0.7456,-0.3742,0.6069,0.0702,0.0801,0.1866,2
36.68,0.8619,-1.0309,1.4655,0.7328,-0.3745,0.6166,0.0674,0.0822,0.2027,2
36.7,-0.3896,-0.0445,-0.0093,0.7368,-0.367,0.6208,0.0662,0.0882,0.214,2
36.72,-0.6675,1.3495,-0.7038,0.7227,-0.3673,0.6219,0.0634,0.088,0.219,2
36.74,-0.2159,3.1505,-0.7996,0.7081,-0.3679,0.6122,0.067,0.0873,0.2232,2
36.76,-0.1657,2.4115,0.1333,0.7174,-0.371,0.6135,0.0607,0.0844,0.2133,2
36.78,-0.3618,1.0627,1.0691,0.737,-0.374,0.6171,0.0557,0.0825,0.209,2
36.8,0.0328,-0.5755,1.4932,0.7341,-0.3771,0.6116,0.0709,0.0865,0.2153,2
36.82,0.0049,-1.9644,1.2351,0.7379,-0.3805,0.6032,0.0612,0.0862,0.2093,2
36.84,0.1479,-0.1329,1.7447,0.7526,-0.3705,0.615,0.0686,0.0833,0.19,2
36.86,-0.1208,0.301,0.7997,0.7273,-0.3693,0.6129,0.0685,0.0914,0.2191,2
36.88,-0.6285,0.7914,0.4048,0.7281,-0.3782,0.6026,0.0644,0.0822,0.2025,2
36.9,-0.2896,0.2478,0.9052,0.7217,-0.3752,0.6019,0.0687,0.0837,0.2048,2
36.92,0.5153,0.2326,0.659,0.726,-0.3775,0.6127,0.0751,0.0845,0.2072,2
36.94,0.5289,-1.4265,0.5371,0.7298,-0.3795,0.6122,0.0633,0.0831,0.2096,2
36.96,0.8021,-2.5213,0.8789,0.7328,-0.3754,0.6112,0.065,0.0854,0.2066,2
36.98,1.2676,-1.79,1.6011,0.7289,-0.3706,0.6166,0.0636,0.0848,0.2133,2
37.0,1.1895,-2.405,2.4084,0.7273,-0.3627,0.6139,0.0703,0.0828,0.2085,2
37.02,-0.0368,-1.2201,1.7636,0.7194,-0.3676,0.6226,0.0744,0.084,0.2153,2
37.04,-0.4025,-0.4976,1.1981,0.725,-0.364,0.6087,0.0712,0.0883,0.2132,2
37.06,-0.2038,0.4497,0.1449,0.742,-0.3786,0.6212,0.0765,0.0894,0.2147,2
37.08,-0.8974,1.7663,-0.73,0.7291,-0.3816,0.6141,0.0593,0.0836,0.2253,2
37.1,-1.6364,0.4663,-1.2099,0.7322,-0.3782,0.6102,0.0701,0.084,0.2189,2
37.12,-1.4386,-0.6293,-1.0103,0.7374,-0.3761,0.6002,0.0702,0.0814,0.2101,2
37.14,-1.2031,-1.1975,-0.5634,0.7258,-0.3822,0.6049,0.0666,0.0818,0.2027,2
37.16,-0.3141,-0.1086,-0.3049,0.7326,-0.3824,0.6051,0.0604,0.0821,0.1938,2
37.18,0.7293,1.855,-0.8519,0.7269,-0.3726,0.6185,0.0653,0.0823,0.2013,2
37.2,1.0893,1.4399,-0.9678,0.7295,-0.3738,0.6109,0.066,0.0827,0.201,2
37.22,0.4789,-0.1153,-0.7025,0.7344,-0.3734,0.6032,0.0644,0.0848,0.2029,2
37.24,-0.07,-0.64,-0.5914,0.7379,-0.3677,0.602,0.063,0.0816,0.1926,2
37.26,-0.7279,-0.0397,-0.381,0.7266,-0.3717,0.6115,0.0672,0.0872,0.1888,2
37.28,-1.2223,0.6085,0.0979,0.7117,-0.3695,0.6053,0.0624,0.0874,0.1978,2
37.3,-1.6576,0.3584,1.1829,0.7438,-0.3755,0.6054,0.0634,0.0825,0.1945,2
37.32,-1.0083,0.8859,1.0029,0.7456,-0.3755,0.6163,0.0714,0.0824,0.1884,2
37.34,-0.1849,1.0228,0.5292,0.7273,-0.37,0.6096,0.0645,0.0859,0.2028,2
37.36,0.2731,0.5979,0.4617,0.7285,-0.363,0.6169,0.068,0.0853,0.2002,2
37.38,0.2091,-1.1232,0.9568,0.7384,-0.3601,0.61,0.0715,0.0785,0.1815,2
37.4,0.1094,-1.2656,0.8848,0.7323,-0.3733,0.6141,0.0675,0.0727,0.1656,2
37.42,0.3924,-0.4353,0.4082,0.7337,-0.3726,0.6145,0.0687,0.0809,0.1996,2
37.44,0.2046,0.4541,0.1484,0.7347,-0.3691,0.6026,0.0645,0.086,0.2078,2
37.46,0.0409,0.3992,0.5455,0.728,-0.3723,0.6015,0.0688,0.0847,0.1912,2
37.48,0.2795,-0.4071,0.8976,0.7346,-0.3728,0.6076,0.0645,0.0816,0.2058,2
37.5,-0.7701,-0.7857,1.6625,0.7306,-0.3715,0.5996,0.0716,0.0853,0.2116,2
37.52,-1.6074,-1.0427,2.3285,0.7344,-0.3714,0.6115,0.0674,0.0836,0.1929,2
37.54,-0.8656,-0.3942,2.7397,0.7465,-0.3739,0.5987,0.0689,0.0845,0.2062,2
37.56,0.3351,0.9764,1.4802,0.7295,-0.377,0.6142,0.0667,0.083,0.1934,2
37.58,0.5094,1.3747,0.8701,0.7319,-0.3707,0.6189,0.0654,0.0835,0.1942,2
37.6,0.3119,0.5526,-0.0133,0.7312,-0.3687,0.6111,0.0593,0.0833,0.1906,2
37.62,-0.0784,-0.5417,-0.2568,0.7365,-0.3741,0.6093,0.0741,0.0783,0.179,2
37.64,0.4576,-0.84,-0.0402,0.7342,-0.3829,0.6135,0.066,0.0762,0.195,2
37.66,1.0478,-0.1499,-0.6358,0.737,-0.3822,0.6098,0.0592,0.081,0.1901,2
37.68,0.877,-0.5387,-1.107,0.738,-0.3732,0.6073,0.0675,0.0803,0.1762,2
37.7,0.1368,-0.2098,-0.445,0.7296,-0.3676,0.6085,0.072,0.0778,0.1826,2
37.72,0.3331,0.7824,-0.2678,0.7392,-0.3759,0.6063,0.0619,0.0837,0.1973,2
37.74,0.4463,1.7092,-0.5574,0.7339,-0.3774,0.6139,0.0587,0.0871,0.1905,2
37.76,-0.3812,-1.0633,0.3676,0.7295,-0.3699,0.6124,0.0625,0.0842,0.1947,2
37.78,-0.556,-1.1032,0.871,0.745,-0.377,0.6027,0.0777,0.0867,0.2067,2
37.8,-0.5472,-1.1062,0.5301,0.7472,-0.379,0.6084,0.063,0.0839,0.2008,2
37.82,-0.4643,-0.6327,0.4394,0.7449,-0.3726,0.6065,0.0556,0.0878,0.1927,2
37.84,-0.613,-0.1435,0.2602,0.7376,-0.3691,0.6101,0.0667,0.0855,0.1974,2
37.86,-0.6709,-0.292,0.2669,0.7343,-0.374,0.6129,0.0687,0.0846,0.2077,2
37.88,-1.034,0.5541,-0.149,0.7226,-0.3729,0.6015,0.0725,0.0846,0.2025,2
37.9,-1.6339,0.9124,0.0107,0.7249,-0.3737,0.6013,0.0805,0.0832,0.2001,2
37.92,-1.964,0.451,0.1701,0.7284,-0.3737,0.6068,0.0744,0.0794,0.2046,2
37.94,-1.6707,1.0329,0.3824,0.7176,-0.3729,0.6039,0.0762,0.0846,0.2074,2
37.96,-1.2018,2.1209,1.4562,0.7276,-0.3711,0.6088,0.0665,0.0849,0.2066,2
37.98,-0.8538,0.4193,1.3718,0.7187,-0.3738,0.6073,0.0791,0.0841,0.2037,2
38.0,-0.1307,0.4886,1.7106,0.7066,-0.373,0.6006,0.0656,0.0834,0.2008,2
38.02,0.4561,-1.6662,1.9294,0.7301,-0.3716,0.6095,0.0743,0.0842,0.2017,2
38.04,1.1177,-3.8731,1.9611,0.7375,-0.3857,0.6064,0.0701,0.0835,0.1992,2
38.06,1.1762,-3.6761,1.6221,0.7329,-0.3813,0.596,0.0742,0.0849,0.2034,2
38.08,1.4958,-1.5737,1.4634,0.731,-0.3711,0.6082,0.0661,0.0801,0.1963,2
38.1,1.6223,-0.0592,1.1508,0.7182,-0.3777,0.6132,0.0698,0.0812,0.2035,2
38.12,0.9431,-0.0712,1.1279,0.7216,-0.3771,0.6197,0.067,0.0799,0.2017,2
38.14,0.4023,0.7648,1.3895,0.7173,-0.3749,0.614,0.0692,0.0798,0.2044,2
38.16,-0.2872,-0.1744,0.6313,0.7253,-0.3729,0.6119,0.0731,0.0812,0.204,2
38.18,-0.95,-0.1814,0.5016,0.7387,-0.3818,0.6103,0.0712,0.0803,0.1958,2
38.2,-0.9987,0.2162,-0.0341,0.7392,-0.3811,0.6194,0.0551,0.0832,0.1992,2
38.22,-0.6233,0.7749,-0.3518,0.7339,-0.3815,0.6098,0.0544,0.0756,0.2117,2
38.24,0.5296,-0.1884,-0.1224,0.7276,-0.3761,0.5981,0.0672,0.0823,0.2053,2
38.26,1.3573,-1.7919,-0.1436,0.7298,-0.3748,0.5991,0.0657,0.0831,0.1928,2
38.28,2.2195,-2.6203,0.2891,0.7406,-0.3763,0.6112,0.0718,0.0857,0.2053,2
38.3,1.6712,-1.1844,0.0393,0.7423,-0.3684,0.596,0.0556,0.0831,0.2126,2
38.32,0.8936,-0.0976,-0.3033,0.7352,-0.3692,0.5975,0.0589,0.0822,0.2049,2
38.34,-0.0191,0.8692,-0.6943,0.7439,-0.3736,0.5952,0.0658,0.0817,0.2011,2
38.36,-0.9598,0.9637,-0.653,0.7274,-0.3777,0.5996,0.0685,0.0839,0.1975,2
38.38,-1.1207,0.8351,-0.1634,0.7245,-0.3739,0.6048,0.0702,0.0833,0.2023,2
38.4,-1.1706,1.2993,0.0788,0.7294,-0.372,0.6065,0.0819,0.083,0.2088,2
38.42,-1.4041,1.8833,-0.4193,0.7264,-0.3729,0.5998,0.0741,0.0837,0.2056,2
38.44,-1.8145,0.3624,-0.3754,0.7341,-0.3765,0.5993,0.0739,0.0808,0.2116,2
38.46,-1.693,-0.2392,-0.3759,0.7329,-0.3719,0.6128,0.0824,0.0798,0.2042,2
38.48,-0.9184,-0.1769,-0.0807,0.7309,-0.3715,0.5946,0.07,0.0834,0.2115,2
38.5,-0.1475,-0.6745,-0.0731,0.7372,-0.3766,0.6078,0.07,0.0855,0.209,2
38.52,-0.1857,-1.449,-0.0229,0.7246,-0.3736,0.6113,0.0684,0.0848,0.2053,2
38.54,-0.6153,-2.7949,0.1503,0.7213,-0.3748,0.6078,0.0742,0.0841,0.2059,2
38.56,0.2832,-3.0573,0.7045,0.7374,-0.3681,0.6049,0.0623,0.0817,0.2079,2
38.58,1.2756,-1.5095,0.7583,0.7404,-0.3696,0.6016,0.067,0.0797,0.2047,2
38.6,0.9612,-0.583,0.7505,0.7445,-0.3643,0.6041,0.0777,0.0825,0.2074,2
38.62,0.2144,0.2665,0.0792,0.7499,-0.3704,0.601,0.0647,0.0825,0.2039,2
38.64,-0.4586,0.7709,-0.3547,0.7423,-0.3848,0.5994,0.065,0.0831,0.2003,2
38.66,-0.728,1.9088,-0.4446,0.7308,-0.3764,0.5996,0.0709,0.0807,0.2113,2
38.68,-0.9525,0.8342,-0.507,0.7286,-0.3744,0.6106,0.0716,0.0827,0.191,2
38.7,-1.3631,-3.1716,-0.323,0.7329,-0.3711,0.6051,0.0735,0.0842,0.194,2
38.72,-1.861,-4.5314,0.3319,0.7357,-0.3723,0.5926,0.0743,0.083,0.2031,2
38.74,-0.7967,-1.9518,0.6333,0.753,-0.3762,0.6049,0.0773,0.0835,0.2029,2
38.76,-0.2179,1.4255,0.309,0.75,-0.3706,0.598,0.0757,0.0838,0.2044,2
38.78,-0.1047,3.0176,-0.0216,0.7262,-0.3658,0.5902,0.0694,0.0844,0.2077,2
38.8,-0.2507,2.9986,0.3589,0.7149,-0.3665,0.5904,0.0752,0.0851,0.2118,2
38.82,-0.6018,0.336,1.0013,0.7254,-0.3783,0.6036,0.0751,0.0844,0.2098,2
38.84,-0.8894,-0.6278,0.9214,0.7421,-0.3751,0.6115,0.0714,0.0826,0.2064,2
38.86,-0.9624,1.0327,0.3894,0.7371,-0.3678,0.6053,0.0674,0.0823,0.203,2
38.88,-0.2572,1.062,0.2844,0.7518,-0.3721,0.5866,0.0715,0.0898,0.204,2
38.9,0.3941,-2.2507,1.0721,0.7349,-0.383,0.5897,0.0725,0.0764,0.1907,2
38.92,0.9764,-0.7999,1.0938,0.7437,-0.3846,0.5968,0.071,0.0816,0.1909,2
38.94,2.0138,0.3771,0.8113,0.7398,-0.3782,0.5978,0.0698,0.0826,0.1975,2
38.96,1.8268,1.0235,0.0723,0.7381,-0.3701,0.6014,0.0638,0.0842,0.1975,2
38.98,0.3092,0.6454,-0.5284,0.7288,-0.3665,0.6054,0.0666,0.0873,0.2005,2
39.0,-0.5322,0.2327,-0.6586,0.7342,-0.3689,0.6069,0.078,0.0853,0.2112,2
39.02,-0.0971,-0.9046,-0.6592,0.7454,-0.3725,0.609,0.0702,0.0886,0.2055,2
39.04,0.6728,-0.7531,-0.3725,0.7389,-0.3742,0.6117,0.0636,0.087,0.2034,2
39.06,0.4519,0.5204,0.1771,0.7367,-0.3729,0.6181,0.0651,0.0836,0.202,2
39.08,0.3239,0.9924,-0.083,0.7423,-0.3705,0.6152,0.0694,0.0846,0.2111,2
39.1,0.0504,0.6004,0.0963,0.7176,-0.362,0.6216,0.0645,0.0814,0.212,2
39.12,-0.1038,0.0402,-0.3198,0.721,-0.368,0.6196,0.0728,0.0812,0.1946,2
39.14,-0.3714,0.2308,-0.3274,0.7379,-0.3623,0.5961,0.0718,0.0835,0.2087,2
39.16,-0.5327,0.0562,-0.1666,0.739,-0.3671,0.605,0.0672,0.0787,0.206,2
39.18,-0.0854,-0.0672,0.1136,0.73,-0.3648,0.6029,0.0706,0.0811,0.2029,2
39.2,-0.2149,-0.4966,0.4085,0.734,-0.3656,0.6113,0.0674,0.0831,0.2043,2
39.22,0.073,-0.2408,0.2203,0.7491,-0.3722,0.6064,0.0711,0.0841,0.206,2
39.24,0.3927,0.2845,-0.0877,0.7434,-0.3623,0.6023,0.0715,0.0843,0.2018,2
39.26,0.2904,-0.5103,0.4995,0.7354,-0.3575,0.5988,0.0695,0.0851,0.2051,2
39.28,0.0248,-1.316,1.3102,0.7344,-0.3684,0.5884,0.071,0.0866,0.2115,2
39.3,-0.3518,0.0361,0.6083,0.7427,-0.3677,0.6055,0.0587,0.085,0.2104,2
39.32,-0.2094,1.9778,0.8221,0.7415,-0.3706,0.6087,0.0711,0.0859,0.2165,2
39.34,0.3796,2.8911,0.8257,0.7407,-0.3775,0.6187,0.0687,0.0849,0.1994,2
39.36,0.1285,1.0844,0.6143,0.7247,-0.3704,0.6035,0.0766,0.0856,0.2118,2
39.38,-0.2473,-0.4384,1.0988,0.7321,-0.3794,0.6018,0.0709,0.0904,0.2391,2
39.4,-0.1943,-0.782,1.1689,0.733,-0.3752,0.5973,0.0591,0.0911,0.2282,2
39.42,0.0917,-0.5256,1.4465,0.7361,-0.3745,0.6,0.0555,0.0901,0.2261,2
39.44,0.0691,-1.0847,1.9357,0.7407,-0.3746,0.6014,0.0629,0.0919,0.2291,2
39.46,-0.0438,-1.003,1.6668,0.7462,-0.3736,0.6005,0.0621,0.0899,0.2194,2
39.48,0.1474,-0.3715,1.1525,0.738,-0.3695,0.6072,0.0558,0.0825,0.203,2
39.5,0.2762,0.7275,1.0125,0.728,-0.3608,0.6115,0.0613,0.0867,0.1975,2
39.52,0.7541,0.4886,1.3726,0.747,-0.3712,0.5977,0.0607,0.0847,0.2083,2
39.54,0.9916,-0.7633,1.989,0.7236,-0.3813,0.5928,0.0631,0.0832,0.2125,2
39.56,1.3631,-1.3736,2.2268,0.7455,-0.3684,0.6054,0.0598,0.0781,0.2073,2
39.58,1.0238,-1.4058,2.7588,0.7371,-0.3793,0.6035,0.0622,0.0786,0.2076,2
39.6,1.2486,-2.0551,2.9262,0.7295,-0.3727,0.6177,0.064,0.0804,0.2046,2
39.62,1.117,-1.9128,1.9601,0.7298,-0.3759,0.6287,0.0695,0.0829,0.207,2
39.64,0.045,0.0311,0.6563,0.734,-0.3685,0.6004,0.0708,0.0821,0.2126,2
39.66,-0.8606,0.568,0.2948,0.7327,-0.3655,0.6033,0.0713,0.0811,0.2126,2
39.68,-1.7613,1.3472,0.4396,0.7342,-0.374,0.601,0.069,0.0849,0.2117,2
39.7,-2.0708,1.8686,1.0068,0.7414,-0.3765,0.5932,0.0664,0.0838,0.214,2
39.72,-2.0111,1.9349,0.9705,0.746,-0.3835,0.6184,0.0711,0.0808,0.2215,2
39.74,-1.5848,0.7427,0.4044,0.7261,-0.3828,0.6063,0.0661,0.0821,0.2056,2
39.76,-1.4392,-0.712,1.2769,0.7265,-0.3765,0.5919,0.0632,0.0863,0.2215,2
39.78,-0.9684,-1.3708,1.5888,0.7335,-0.3785,0.6051,0.0813,0.086,0.2158,2
39.8,-0.4884,-1.5796,1.2132,0.7425,-0.3772,0.5941,0.0709,0.0856,0.2181,2
39.82,-0.4771,-1.1906,1.4023,0.7399,-0.3851,0.597,0.0689,0.0866,0.2182,2
39.84,-0.161,0.5953,2.0,0.7335,-0.3767,0.5972,0.0712,0.0864,0.2292,2
39.86,0.0611,0.4501,2.0063,0.7351,-0.377,0.5892,0.0674,0.0897,0.2227,2
39.88,0.3888,-1.346,1.7734,0.7308,-0.3811,0.5962,0.0695,0.0865,0.2253,2
39.9,0.1033,-1.8947,1.5095,0.7324,-0.3808,0.5911,0.0713,0.0872,0.2309,2
39.92,-0.1688,-0.8672,1.221,0.7315,-0.3806,0.5844,0.07,0.0857,0.2267,2
39.94,-0.1859,0.0501,1.1753,0.735,-0.3827,0.5845,0.0731,0.0879,0.2298,2
39.96,-0.0218,0.5144,0.6842,0.7328,-0.3791,0.6033,0.0712,0.0938,0.2352,2
39.98,0.2,0.0066,0.6222,0.7222,-0.379,0.5975,0.0746,0.0833,0.224,2
40.0,0.2729,0.0229,0.8955,0.7294,-0.3894,0.6052,0.0775,0.0925,0.2455,2
