time,gyr_x,gyr_y,gyr_z,acc_x,acc_y,acc_z,fsr_left,fsr_right,fsr_spine,label
0.02,0.1744,-0.1907,0.3521,0.5553,0.0376,0.8654,0.094,0.1347,0.0589,1
0.04,-0.25,0.076,0.261,0.5516,0.0287,0.8646,0.0924,0.1313,0.0753,1
0.06,-0.2461,0.5613,0.0285,0.544,0.0411,0.8623,0.0936,0.1356,0.047,1
0.08,0.1122,-0.0606,-0.4559,0.5514,0.0342,0.8558,0.0914,0.1336,0.062,1
0.1,-0.1605,-0.2695,-0.279,0.559,0.0339,0.8562,0.0913,0.1346,0.0545,1
0.12,-0.1258,-0.8072,-0.0225,0.5529,0.0286,0.8525,0.0928,0.1315,0.0687,1
0.14,0.1061,-0.52,-0.3036,0.5481,0.0286,0.8525,0.0916,0.1343,0.0733,1
0.16,0.2673,0.3533,-0.1935,0.5467,0.0342,0.8493,0.0948,0.1331,0.061,1
0.18,0.2795,0.4926,-0.2938,0.5472,0.0357,0.8495,0.0928,0.1332,0.055,1
0.2,0.1809,0.0291,-0.1194,0.553,0.0346,0.8555,0.0903,0.1328,0.0711,1
0.22,0.0542,0.1791,0.219,0.5572,0.0335,0.8619,0.0906,0.1325,0.0691,1
0.24,0.101,1.0151,0.4074,0.5564,0.0327,0.8609,0.093,0.1325,0.0611,1
0.26,0.1466,1.1717,0.5746,0.5497,0.033,0.8597,0.0952,0.1331,0.0553,1
0.28,0.0464,0.7164,0.4696,0.5417,0.0334,0.8607,0.0947,0.1326,0.0547,1
0.3,0.2473,-0.1764,-0.0143,0.5455,0.0353,0.8592,0.0937,0.1306,0.0643,1
0.32,0.5155,-0.6009,-0.2326,0.5539,0.034,0.859,0.0933,0.1309,0.0553,1
0.34,0.2852,0.0091,-0.2293,0.5505,0.0324,0.8584,0.0923,0.1322,0.0444,1
0.36,-0.0674,-0.0046,-0.4975,0.5465,0.0394,0.8562,0.0927,0.1322,0.0627,1
0.38,-0.1988,0.1886,-0.4084,0.5519,0.0387,0.8601,0.0927,0.1334,0.0522,1
0.4,0.2539,0.4319,0.1175,0.5571,0.0356,0.8582,0.0939,0.131,0.0368,1
0.42,0.1624,0.9987,0.7194,0.5552,0.0351,0.859,0.0937,0.1308,0.0556,1
0.44,0.0624,1.5715,0.4077,0.5494,0.033,0.8619,0.0949,0.134,0.0789,1
0.46,0.3708,2.1129,0.155,0.5423,0.0357,0.8605,0.0936,0.1301,0.0489,1
0.48,0.303,-0.2949,-0.1837,0.5408,0.0422,0.8599,0.0916,0.134,0.0412,1
0.5,0.3899,-1.6272,-0.3984,0.5429,0.0343,0.8649,0.0935,0.1317,0.067,1
0.52,0.064,-1.3267,-0.6401,0.5494,0.0338,0.8595,0.0923,0.1335,0.0511,1
0.54,-0.0061,-0.4024,-0.5391,0.5483,0.0467,0.8542,0.0927,0.1339,0.0645,1
0.56,-0.0292,-0.1885,-0.2877,0.5503,0.0377,0.8621,0.0935,0.1328,0.0527,1
0.58,-0.0372,0.2289,-0.4925,0.5519,0.0362,0.8633,0.0912,0.1316,0.0453,1
0.6,-0.0097,0.2842,-0.0194,0.5487,0.036,0.8616,0.0951,0.1341,0.051,1
0.62,-0.1337,0.0932,0.3234,0.5487,0.0372,0.8597,0.0952,0.1333,0.033,1
0.64,-0.4617,0.1186,0.0435,0.5448,0.032,0.8567,0.0927,0.1377,0.0556,1
0.66,-0.1143,-0.2463,-0.1432,0.5473,0.0328,0.8579,0.0936,0.1358,0.0728,1
0.68,0.1731,-0.1222,0.118,0.5488,0.0364,0.8619,0.0953,0.1314,0.0667,1
0.7,0.364,-0.0408,0.2217,0.5465,0.0393,0.8594,0.0942,0.1318,0.0765,1
0.72,0.3433,-0.1959,0.282,0.5502,0.0403,0.8581,0.0951,0.1326,0.0771,1
0.74,0.2242,0.025,0.2968,0.5494,0.043,0.8596,0.0951,0.13,0.0748,1
0.76,0.1031,-0.2917,0.1702,0.5513,0.0461,0.8575,0.0951,0.1331,0.0773,1
0.78,0.1783,-0.2443,0.0691,0.5514,0.042,0.8571,0.0956,0.1376,0.0726,1
0.8,0.2894,0.0269,0.2229,0.5471,0.0407,0.8587,0.095,0.1352,0.0725,1
0.82,0.2115,-0.153,0.2841,0.5469,0.044,0.8571,0.0947,0.1327,0.086,1
0.84,0.0446,0.0691,0.1146,0.5475,0.0408,0.8589,0.0946,0.1337,0.0837,1
0.86,-0.1618,0.0339,0.1022,0.5511,0.041,0.8622,0.0949,0.1337,0.0586,1
0.88,-0.0797,-0.0518,0.0043,0.5538,0.0434,0.8577,0.0966,0.1324,0.0554,1
0.9,0.0799,-0.1931,0.1931,0.5511,0.0393,0.8559,0.0976,0.1319,0.0674,1
0.92,-0.032,0.1764,0.3559,0.5514,0.0375,0.856,0.0952,0.131,0.0527,1
0.94,-0.1964,0.0458,0.1742,0.5548,0.0393,0.8563,0.0945,0.13,0.0596,1
0.96,-0.5443,-0.4566,0.1167,0.5518,0.0441,0.8539,0.0938,0.1342,0.0543,1
0.98,-0.1597,-0.6658,0.3215,0.5516,0.0436,0.8547,0.0973,0.1341,0.0652,1
1.0,0.0071,-0.3231,0.5654,0.5475,0.037,0.8585,0.0955,0.1298,0.0765,1
1.02,0.1291,-0.6888,0.5679,0.5538,0.0423,0.8566,0.097,0.1338,0.0712,1
1.04,0.143,0.2785,0.642,0.5554,0.0384,0.8558,0.0943,0.1283,0.0695,1
1.06,0.2066,-0.0279,0.7026,0.5543,0.0364,0.8519,0.0942,0.1283,0.0463,1
1.08,-0.1196,-0.5495,0.3109,0.5487,0.0393,0.8616,0.0918,0.1306,0.0706,1
1.1,-0.1233,-1.2596,0.3678,0.5524,0.0474,0.8629,0.095,0.1332,0.063,1
1.12,-0.2894,-0.8344,0.6733,0.5549,0.0442,0.8567,0.0929,0.1349,0.0492,1
1.14,-0.0753,-0.2185,0.7397,0.5571,0.0398,0.8567,0.0919,0.1328,0.0484,1
1.16,-0.1676,-0.0061,0.3141,0.5501,0.0384,0.8593,0.0919,0.1332,0.0469,1
1.18,-0.3483,0.191,0.4185,0.5508,0.042,0.8559,0.0908,0.133,0.0,1
1.2,-0.4007,-0.1416,0.3811,0.5561,0.0435,0.8554,0.0896,0.1325,0.0,1
1.22,-0.3679,-0.449,0.4512,0.5518,0.0394,0.8556,0.0912,0.1323,0.0,1
1.24,-0.2801,-0.5189,0.5065,0.5476,0.0384,0.8559,0.0915,0.1332,0.0,1
1.26,-0.2443,-0.3949,0.194,0.5505,0.0412,0.8589,0.0898,0.1334,0.0,1
1.28,-0.2117,0.0424,0.3592,0.552,0.0397,0.8619,0.0903,0.1328,0.0,1
1.3,-0.1696,-0.15,0.6434,0.5495,0.0393,0.8602,0.0928,0.1331,0.0,1
1.32,-0.2254,-0.9382,0.7057,0.5484,0.0417,0.8577,0.0939,0.1334,0.0,1
1.34,-0.3824,-0.9219,0.8533,0.5525,0.0382,0.8583,0.0933,0.1331,0.0,1
1.36,-0.4378,0.0302,0.3917,0.5555,0.0353,0.8533,0.0924,0.1331,0.0,1
1.38,-0.2106,0.947,0.1914,0.5482,0.0384,0.8463,0.0924,0.1333,0.0,1
1.4,-0.1535,-0.0325,-0.1166,0.5496,0.0417,0.8536,0.0907,0.1358,0.0,1
1.42,-0.0966,-0.3757,-0.054,0.5535,0.0394,0.8584,0.0926,0.135,0.0,1
1.44,-0.1409,-0.1177,-0.0196,0.5536,0.0343,0.8629,0.0885,0.1316,0.0,1
1.46,-0.0842,0.088,-0.0702,0.5537,0.0357,0.8541,0.0917,0.132,0.0,1
1.48,-0.1879,-0.0172,-0.373,0.5512,0.041,0.8501,0.0892,0.1321,0.0,1
1.5,-0.1482,0.2482,-0.346,0.5553,0.0347,0.8473,0.088,0.1334,0.0,1
1.52,-0.073,-0.3961,-0.05,0.5561,0.0362,0.86,0.0894,0.1336,0.0,1
1.54,-0.0658,-0.2633,0.0029,0.5555,0.0362,0.8546,0.0883,0.1324,0.0,1
1.56,0.1009,0.146,-0.1955,0.5536,0.0428,0.8566,0.0893,0.1322,0.0,1
1.58,0.0516,-0.1746,-0.1444,0.5543,0.0389,0.8572,0.0889,0.133,0.0,1
1.6,-0.0394,0.0737,0.017,0.5535,0.0411,0.8549,0.0927,0.1292,0.0,1
1.62,-0.0438,0.2222,0.2802,0.554,0.036,0.853,0.0922,0.1312,0.0,1
1.64,0.003,0.2075,0.4865,0.5493,0.0382,0.8558,0.0939,0.1338,0.0,1
1.66,-0.1307,-0.0319,0.3109,0.5537,0.0359,0.8552,0.0899,0.1338,0.0,1
1.68,0.1004,-0.1992,0.3449,0.5539,0.0365,0.8565,0.092,0.1351,0.0,1
1.7,0.1418,-0.0027,0.3417,0.5533,0.0393,0.8598,0.0932,0.133,0.0,1
1.72,0.1534,0.2291,0.2302,0.5516,0.0419,0.8574,0.0931,0.1313,0.0,1
1.74,0.2441,0.4271,0.4738,0.5524,0.0385,0.8545,0.093,0.1328,0.0,1
1.76,0.139,0.6521,0.4469,0.5532,0.0317,0.8546,0.0934,0.132,0.0,1
1.78,0.0175,0.4222,0.2921,0.5508,0.0326,0.8555,0.0944,0.1324,0.042,1
1.8,-0.1271,-0.2203,0.3482,0.5505,0.0394,0.8561,0.0931,0.1344,0.067,1
1.82,-0.2282,-0.3006,0.2763,0.5534,0.0411,0.8562,0.0916,0.1325,0.0553,1
1.84,-0.1149,0.2692,0.3095,0.5545,0.0387,0.8565,0.0923,0.1318,0.0575,1
1.86,-0.3238,0.5173,0.2578,0.5523,0.0385,0.8572,0.0918,0.1328,0.0591,1
1.88,-0.3666,0.2702,0.2644,0.55,0.0381,0.8575,0.0911,0.1315,0.0401,1
1.9,-0.2496,0.0714,0.1749,0.5535,0.039,0.8535,0.0921,0.1309,0.0364,1
1.92,-0.2713,0.6177,0.0533,0.5522,0.0339,0.8575,0.0924,0.1311,0.0759,1
1.94,-0.2869,0.2689,-0.1892,0.5533,0.0452,0.8578,0.092,0.1307,0.0509,1
1.96,-0.0616,-0.2363,0.0044,0.5521,0.0394,0.8584,0.0916,0.1301,0.0332,1
1.98,-0.2277,0.234,-0.1549,0.5514,0.0508,0.86,0.0919,0.1304,0.0563,1
2.0,0.0076,0.3556,-0.06,0.551,0.0457,0.8556,0.0893,0.1299,0.0539,1
2.02,0.1752,-0.0392,0.4222,0.5527,0.0406,0.8521,0.0931,0.1294,0.0423,1
2.04,0.0394,0.2534,0.3515,0.5578,0.0407,0.855,0.0938,0.1307,0.0538,1
2.06,-0.0989,0.7789,0.1463,0.5491,0.041,0.8541,0.0927,0.1315,0.069,1
2.08,-0.1523,-0.0795,0.0463,0.5488,0.0389,0.8565,0.093,0.1321,0.0471,1
2.1,0.0052,-0.1049,0.2771,0.5496,0.0388,0.8583,0.0953,0.1322,0.0649,1
2.12,0.059,0.1981,0.2359,0.5532,0.039,0.8579,0.0958,0.1331,0.0653,1
2.14,0.1339,0.3496,0.4816,0.5532,0.0381,0.8559,0.0953,0.1319,0.0721,1
2.16,-0.0186,0.4882,0.5172,0.554,0.0397,0.8609,0.0962,0.1334,0.0696,1
2.18,-0.1339,0.5637,0.3692,0.5505,0.0438,0.8595,0.095,0.1333,0.0731,1
2.2,0.1828,0.3279,0.3378,0.5484,0.0499,0.8562,0.0954,0.1295,0.0606,1
2.22,0.1923,0.0109,0.4704,0.5509,0.0492,0.8557,0.0958,0.1285,0.0601,1
2.24,-0.1832,0.1358,0.4944,0.5516,0.0451,0.8588,0.0964,0.132,0.0797,1
2.26,-0.4621,0.475,0.4971,0.5497,0.0384,0.8599,0.0968,0.1333,0.0893,1
2.28,-0.4577,0.2797,0.4388,0.5497,0.0366,0.8566,0.096,0.1319,0.0882,1
2.3,-0.2901,0.0553,0.1826,0.5513,0.042,0.8566,0.0974,0.1328,0.0842,1
2.32,-0.2999,0.4878,0.167,0.5511,0.0385,0.8588,0.0977,0.1345,0.0747,1
2.34,-0.2778,0.1945,0.3693,0.5488,0.0391,0.8574,0.0941,0.1324,0.0677,1
2.36,-0.1103,-0.743,0.4894,0.5483,0.0445,0.8546,0.0944,0.1298,0.0686,1
2.38,0.0541,-0.1885,0.4154,0.5507,0.0446,0.8539,0.0962,0.1338,0.0636,1
2.4,-0.0758,-0.1954,0.2131,0.5486,0.0454,0.8587,0.096,0.1317,0.0536,1
2.42,-0.2733,-0.1879,0.2357,0.5501,0.0403,0.8579,0.0967,0.1321,0.0691,1
2.44,-0.157,0.1019,0.4305,0.5509,0.0494,0.8562,0.0971,0.1324,0.0419,1
2.46,-0.1448,0.5088,0.2279,0.5533,0.0385,0.8557,0.0954,0.1347,0.056,1
2.48,-0.4054,0.083,0.35,0.5493,0.0362,0.8597,0.0971,0.1315,0.0561,1
2.5,-0.361,0.5675,0.3012,0.5459,0.0431,0.8597,0.0972,0.1318,0.0802,1
2.52,-0.2159,-0.0919,0.0616,0.5525,0.0384,0.863,0.0955,0.1339,0.064,1
2.54,-0.1157,-0.0283,0.116,0.5444,0.0399,0.8603,0.0973,0.129,0.0676,1
2.56,-0.0805,0.1921,0.2407,0.5449,0.0446,0.8567,0.0987,0.1312,0.0673,1
2.58,-0.13,0.1988,-0.0795,0.5493,0.0431,0.8592,0.0966,0.1311,0.0542,1
2.6,-0.1475,0.0254,-0.0686,0.5485,0.0395,0.8573,0.0943,0.1323,0.0549,1
2.62,0.0166,-0.1008,-0.0074,0.5519,0.0426,0.8531,0.0954,0.1319,0.0557,1
2.64,0.051,-0.0941,0.2042,0.5511,0.041,0.854,0.0956,0.1317,0.0701,1
2.66,-0.1883,-0.1676,0.2123,0.5504,0.0353,0.8611,0.0973,0.1333,0.0618,1
2.68,-0.2607,0.3346,0.1945,0.5484,0.0346,0.8644,0.0965,0.1318,0.0596,1
2.7,-0.2378,0.446,0.3232,0.5461,0.0402,0.8596,0.0943,0.1326,0.069,1
2.72,-0.057,0.2203,0.323,0.5482,0.04,0.8571,0.0952,0.1328,0.0656,1
2.74,-0.0125,0.1232,0.3205,0.5504,0.037,0.8597,0.096,0.1302,0.0624,1
2.76,-0.1219,-0.24,0.3117,0.549,0.039,0.8605,0.0949,0.1304,0.0546,1
2.78,0.023,-0.3119,0.0604,0.549,0.0386,0.8595,0.0956,0.1299,0.0472,1
2.8,-0.2057,-0.0423,0.1135,0.5511,0.0385,0.8576,0.0978,0.1293,0.068,1
2.82,-0.2265,0.3453,0.4654,0.5512,0.0386,0.8548,0.0969,0.1292,0.0603,1
2.84,-0.3817,0.07,0.6901,0.5513,0.0414,0.8572,0.0951,0.1293,0.0619,1
2.86,-0.0813,0.1052,0.7019,0.5494,0.0391,0.8603,0.0953,0.1322,0.0602,1
2.88,-0.0431,0.5237,0.4346,0.5502,0.0343,0.8621,0.0966,0.1335,0.0596,1
2.9,-0.2049,0.0983,0.2976,0.5485,0.0376,0.8558,0.0968,0.1335,0.0725,1
2.92,-0.2235,-0.2046,-0.0788,0.5506,0.0425,0.8585,0.0961,0.1274,0.0532,1
2.94,-0.2336,-0.6548,-0.0426,0.5538,0.0486,0.8598,0.0955,0.1326,0.0515,1
2.96,0.1353,-0.743,0.2379,0.5564,0.0392,0.8566,0.0934,0.1324,0.0572,1
2.98,-0.2284,0.3325,0.6491,0.5544,0.0335,0.8558,0.0961,0.1322,0.0734,1
3.0,-0.1255,-0.3453,0.6661,0.5511,0.0383,0.8585,0.0959,0.1307,0.0601,1
3.02,-0.1093,-0.2039,0.2051,0.5459,0.0391,0.8577,0.0946,0.1303,0.083,1
3.04,-0.3107,0.2623,0.3929,0.5413,0.0404,0.8589,0.0965,0.131,0.0469,1
3.06,-0.201,0.4383,0.6786,0.5439,0.0395,0.8585,0.0964,0.1309,0.0623,1
3.08,0.058,0.3332,0.7434,0.5512,0.0376,0.856,0.0965,0.1312,0.0771,1
3.1,0.0211,-0.1194,0.5296,0.5523,0.0416,0.8552,0.0961,0.1321,0.0617,1
3.12,-0.0152,0.0807,0.4633,0.5502,0.0403,0.8591,0.0968,0.1303,0.0514,1
3.14,-0.0711,0.1171,0.373,0.5494,0.0404,0.8586,0.0954,0.13,0.0637,1
3.16,-0.1484,-0.0482,0.3341,0.5502,0.0421,0.8577,0.0947,0.1305,0.076,1
3.18,-0.2265,-0.2586,0.2955,0.5512,0.0405,0.857,0.0954,0.1297,0.0677,1
3.2,-0.4209,-0.3642,0.1494,0.55,0.0408,0.856,0.095,0.1296,0.0642,1
3.22,-0.5997,-0.1531,0.1399,0.5493,0.0417,0.8606,0.0952,0.1295,0.0615,1
3.24,-0.5737,-0.1978,0.0313,0.5521,0.0377,0.8611,0.0951,0.1305,0.0397,1
3.26,-0.338,0.2587,-0.1602,0.5524,0.0366,0.857,0.0955,0.1321,0.0574,1
3.28,-0.0921,-0.0959,0.0149,0.5512,0.0436,0.8548,0.0954,0.1312,0.0616,1
3.3,0.0773,-0.2613,0.4814,0.5502,0.0409,0.8558,0.0972,0.1308,0.0551,1
3.32,-0.2455,-0.6303,0.3107,0.5525,0.041,0.8611,0.097,0.1288,0.0516,1
3.34,-0.384,-0.3579,0.1045,0.5478,0.0345,0.8556,0.0935,0.1334,0.055,1
3.36,-0.4443,-0.4705,0.139,0.547,0.0433,0.86,0.0934,0.1256,0.0493,1
3.38,-0.1806,0.2274,0.0422,0.5496,0.0412,0.8579,0.093,0.1302,0.0598,1
3.4,-0.2733,0.411,0.1995,0.5484,0.0343,0.8585,0.0921,0.1327,0.0708,1
3.42,0.3198,0.4038,0.663,0.5421,0.0364,0.8608,0.0896,0.1348,0.0648,1
3.44,0.3662,-0.0432,0.8027,0.5454,0.0366,0.8598,0.0936,0.1326,0.0,1
3.46,0.0385,-0.3507,0.511,0.5517,0.0405,0.8564,0.095,0.1322,0.0,1
3.48,-0.0279,-0.0223,0.6565,0.551,0.0441,0.8574,0.0919,0.1297,0.0,1
3.5,0.1246,0.1457,0.698,0.5514,0.0421,0.8588,0.0912,0.1285,0.0,1
3.52,-0.0997,-0.4959,0.5432,0.5537,0.0408,0.857,0.0908,0.1312,0.0,1
3.54,-0.2445,-0.3234,0.4643,0.5537,0.0422,0.8567,0.0919,0.1338,0.0,1
3.56,-0.363,-0.2453,0.4608,0.5519,0.0425,0.8535,0.0916,0.1343,0.0,1
3.58,-0.5552,-0.0316,0.5611,0.5509,0.0412,0.8524,0.0924,0.1325,0.0,1
3.6,-0.5955,0.221,0.5418,0.5485,0.0412,0.8542,0.0936,0.1303,0.0,1
3.62,-0.3618,-0.3021,0.3754,0.5465,0.042,0.8569,0.0936,0.1316,0.0,1
3.64,-0.3705,-0.5918,0.3167,0.5487,0.0406,0.8585,0.093,0.133,0.0,1
3.66,-0.604,-0.3573,0.3912,0.5515,0.0381,0.8565,0.0901,0.1312,0.0023,1
3.68,-0.2929,-0.5617,0.551,0.5521,0.0361,0.8578,0.0884,0.132,0.0,1
3.7,-0.2206,-0.1877,0.6132,0.5503,0.0324,0.8595,0.0886,0.1319,0.0,1
3.72,-0.2462,-0.1587,0.5962,0.5456,0.0344,0.8595,0.0889,0.1301,0.0,1
3.74,-0.0276,-0.2322,0.7601,0.5486,0.0417,0.8595,0.0915,0.128,0.0231,1
3.76,-0.0915,-0.901,0.7531,0.5579,0.0344,0.8547,0.0899,0.1294,0.0,1
3.78,-0.4329,-0.3219,0.5578,0.5529,0.0401,0.8536,0.0905,0.1338,0.0,1
3.8,-0.2857,-1.072,0.9001,0.5509,0.0374,0.8562,0.0919,0.1313,0.0,1
3.82,-0.351,0.1925,0.4794,0.5468,0.0336,0.859,0.0889,0.1324,0.0,1
3.84,-0.3356,0.4464,0.1368,0.5462,0.0327,0.8526,0.0898,0.1282,0.0,1
3.86,-0.4027,-0.6682,0.0281,0.548,0.0364,0.8527,0.0894,0.127,0.0,1
3.88,-0.0514,-0.8158,0.1405,0.556,0.0376,0.8584,0.0902,0.1318,0.0,1
3.9,-0.0818,-0.2254,0.3901,0.5547,0.0385,0.856,0.0916,0.1317,0.0,1
3.92,0.2134,0.299,0.615,0.555,0.0363,0.8547,0.0893,0.1296,0.0,1
3.94,0.0711,0.0808,0.5815,0.555,0.0379,0.8534,0.0893,0.1294,0.0,1
3.96,-0.0738,-0.1479,0.1746,0.552,0.0416,0.855,0.0919,0.1311,0.0,1
3.98,0.0205,-0.2876,0.3202,0.5512,0.0397,0.8557,0.0928,0.1318,0.0,1
4.0,0.0947,-0.4556,0.4554,0.5513,0.034,0.8557,0.0927,0.1326,0.0,1
4.02,-0.0389,0.0062,0.3593,0.5525,0.0314,0.8546,0.0922,0.1319,0.0263,1
4.04,0.0572,0.3216,0.3992,0.5534,0.0311,0.8523,0.0926,0.1294,0.0424,1
4.06,0.2452,0.0021,0.3665,0.5537,0.033,0.8531,0.0942,0.1291,0.0549,1
4.08,0.0171,-0.0064,0.2373,0.5553,0.0391,0.8562,0.0942,0.1309,0.0685,1
4.1,-0.1759,-0.0068,0.1641,0.5561,0.0412,0.856,0.0929,0.1321,0.0736,1
4.12,-0.3337,0.3571,0.0986,0.5577,0.0352,0.8531,0.0924,0.1328,0.0599,1
4.14,0.1188,0.6954,-0.0023,0.5518,0.0319,0.8498,0.0954,0.1307,0.0776,1
4.16,-0.1716,0.8753,-0.0436,0.5503,0.0336,0.8532,0.0945,0.1291,0.0489,1
4.18,-0.3098,0.5275,-0.028,0.5514,0.0395,0.8577,0.095,0.1342,0.0586,1
4.2,-0.533,0.08,-0.3078,0.5511,0.0433,0.8568,0.0952,0.13,0.0587,1
4.22,0.0119,-0.0945,0.3182,0.5533,0.0366,0.8587,0.0947,0.1305,0.0429,1
4.24,0.1508,0.1263,0.3426,0.5508,0.0354,0.857,0.0965,0.1346,0.063,1
4.26,-0.1449,-0.0569,0.5116,0.5492,0.04,0.8542,0.0956,0.1332,0.073,1
4.28,0.091,0.2365,0.2519,0.5483,0.0419,0.8555,0.0948,0.1266,0.0724,1
4.3,-0.0285,-0.1035,0.3336,0.5511,0.0397,0.8553,0.0965,0.13,0.0691,1
4.32,-0.1858,-0.0969,0.3749,0.5476,0.042,0.8585,0.0956,0.1308,0.0651,1
4.34,-0.1404,0.0942,0.5526,0.5489,0.0407,0.8567,0.0944,0.1299,0.0838,1
4.36,-0.1304,0.1337,0.6816,0.5492,0.0374,0.8618,0.0957,0.129,0.077,1
4.38,-0.221,0.3968,0.6648,0.5488,0.0378,0.863,0.0981,0.1305,0.0769,1
4.4,-0.2745,0.2125,0.5633,0.5497,0.0368,0.8568,0.0983,0.1319,0.0753,1
4.42,-0.3013,0.1419,0.3277,0.5499,0.036,0.8568,0.0952,0.1305,0.0691,1
4.44,-0.4551,0.4924,0.2455,0.5514,0.0373,0.8572,0.0944,0.1312,0.0674,1
4.46,-0.3866,0.2988,0.2847,0.553,0.04,0.8527,0.0964,0.1329,0.0624,1
4.48,-0.1444,-0.3325,0.2141,0.5516,0.0392,0.8547,0.0962,0.132,0.0567,1
4.5,-0.2715,-0.2622,0.271,0.5537,0.0343,0.8572,0.0964,0.1331,0.0573,1
4.52,-0.0562,0.5083,0.1565,0.556,0.0418,0.8537,0.0968,0.1317,0.0596,1
4.54,-0.0489,0.4799,0.1939,0.5502,0.0376,0.8546,0.0948,0.1307,0.0452,1
4.56,-0.2531,0.6108,0.2337,0.5509,0.0385,0.8579,0.0961,0.1299,0.05,1
4.58,-0.3748,0.7386,0.7089,0.5486,0.041,0.8543,0.0946,0.1267,0.0781,1
4.6,-0.1479,-0.2561,0.4015,0.5513,0.035,0.8585,0.0926,0.1305,0.0618,1
4.62,-0.069,-0.46,0.0904,0.5456,0.0302,0.8599,0.0937,0.1305,0.0684,1
4.64,-0.3398,-0.1756,0.5446,0.555,0.0373,0.8586,0.0976,0.1314,0.0405,1
4.66,-0.4139,0.9648,0.1929,0.5527,0.0318,0.8569,0.0973,0.1282,0.0578,1
4.68,-0.1396,0.5645,0.3182,0.5527,0.0369,0.8601,0.0974,0.1307,0.0739,1
4.7,-0.1482,0.3538,0.2086,0.5485,0.04,0.8622,0.0983,0.1309,0.064,1
4.72,-0.2083,0.0283,-0.1283,0.5506,0.0396,0.8621,0.0976,0.1307,0.0587,1
4.74,0.0022,-0.3612,-0.0904,0.5526,0.0416,0.8635,0.097,0.1294,0.0506,1
4.76,0.0074,-0.0376,0.1652,0.5514,0.0395,0.864,0.0968,0.1308,0.065,1
4.78,-0.1794,-0.1265,0.6711,0.5513,0.0381,0.8609,0.0971,0.132,0.0642,1
4.8,-0.3492,-0.1817,0.6896,0.5499,0.0318,0.8592,0.0986,0.1319,0.061,1
4.82,-0.3308,0.2775,0.3894,0.5475,0.0322,0.8569,0.0982,0.1317,0.0684,1
4.84,-0.1745,0.3387,0.2996,0.5464,0.039,0.8553,0.0974,0.1306,0.0628,1
4.86,-0.0182,0.0386,0.3409,0.5456,0.0379,0.8577,0.098,0.1302,0.0651,1
4.88,0.111,0.1269,0.5746,0.5462,0.0357,0.8591,0.0962,0.1321,0.0735,1
4.9,0.1335,0.1733,0.7128,0.5485,0.032,0.8594,0.0962,0.1316,0.0408,1
4.92,0.2309,0.0641,0.5917,0.5507,0.0356,0.858,0.0984,0.1303,0.0516,1
4.94,0.119,0.0075,0.2796,0.5538,0.0409,0.8577,0.0987,0.1317,0.0616,1
4.96,-0.1013,-0.0634,0.2479,0.5481,0.0351,0.8599,0.0972,0.1304,0.0792,1
4.98,0.0062,0.1695,0.6176,0.5519,0.0416,0.8582,0.0963,0.1301,0.0556,1
5.0,-0.3047,-0.0214,0.7018,0.5485,0.0403,0.8572,0.095,0.1328,0.0699,1
5.02,-0.3521,0.5045,0.5896,0.5472,0.0341,0.8576,0.095,0.131,0.073,1
5.04,-0.26,-0.3095,0.2208,0.5453,0.0365,0.8568,0.0963,0.1309,0.0537,1
5.06,-0.1743,-0.1568,0.3608,0.5459,0.0371,0.857,0.0957,0.1314,0.0631,1
5.08,0.0598,-0.515,0.3611,0.5481,0.0354,0.8601,0.0958,0.131,0.0647,1
5.1,0.1518,-0.8219,0.2394,0.5505,0.039,0.858,0.0963,0.1302,0.0747,1
5.12,0.1448,-0.5429,0.3708,0.5524,0.0406,0.8566,0.095,0.1318,0.0773,1
5.14,0.2953,-0.1659,0.441,0.552,0.0425,0.8566,0.0949,0.1309,0.0745,1
5.16,0.0741,0.5788,0.2672,0.5497,0.0409,0.8595,0.0966,0.1291,0.0708,1
5.18,-0.1344,0.3264,0.3526,0.5449,0.0363,0.861,0.0961,0.1289,0.0643,1
5.2,-0.0918,-0.4981,0.4117,0.5447,0.0353,0.8618,0.0952,0.1313,0.055,1
5.22,-0.1397,-0.4539,0.3095,0.5492,0.0362,0.8612,0.0956,0.1325,0.0526,1
5.24,-0.2117,-0.163,0.5466,0.55,0.0357,0.8567,0.0962,0.1307,0.0552,1
5.26,-0.1331,-0.095,0.6137,0.5513,0.0338,0.857,0.097,0.1314,0.0551,1
5.28,0.032,-0.017,0.2009,0.5562,0.0293,0.8607,0.0964,0.1309,0.0649,1
5.3,-0.0113,-0.1692,0.2501,0.5502,0.038,0.8594,0.0971,0.1314,0.0633,1
5.32,-0.2022,-0.4208,0.4252,0.5508,0.0473,0.8547,0.0953,0.1324,0.0617,1
5.34,0.1365,0.0518,0.4083,0.548,0.0353,0.8587,0.0957,0.1321,0.0763,1
5.36,-0.1187,-0.5783,-0.0825,0.5471,0.0389,0.8596,0.0966,0.131,0.0383,1
5.38,-0.3773,-0.1649,0.0902,0.548,0.0358,0.8576,0.0965,0.1347,0.0587,1
5.4,-0.2185,0.0267,0.4964,0.5535,0.0429,0.8555,0.0977,0.1314,0.0839,1
5.42,-0.2327,0.3769,0.2243,0.5522,0.0499,0.8566,0.0954,0.1302,0.0728,1
5.44,-0.3033,0.3965,0.3592,0.549,0.04,0.8542,0.0945,0.129,0.088,1
5.46,-0.2788,-0.272,0.3848,0.5457,0.0373,0.8562,0.0938,0.1294,0.0771,1
5.48,-0.0397,-0.6741,0.2679,0.5502,0.0403,0.8606,0.093,0.1303,0.0567,1
5.5,-0.1367,-0.5778,0.1831,0.553,0.0416,0.8599,0.0919,0.1312,0.0543,1
5.52,-0.2585,-0.1239,0.2055,0.551,0.0428,0.8578,0.0928,0.1305,0.052,1
5.54,-0.1333,0.3077,0.1147,0.5528,0.0425,0.8592,0.0928,0.1306,0.0573,1
5.56,0.0321,0.3338,0.1992,0.5529,0.041,0.8572,0.0905,0.1323,0.0693,1
5.58,0.0539,-0.1393,0.6184,0.5501,0.0392,0.8558,0.0906,0.1312,0.0727,1
5.6,-0.0175,-0.5593,0.8831,0.5516,0.0384,0.8597,0.0935,0.1287,0.066,1
5.62,-0.1726,-0.3403,0.8409,0.5522,0.0389,0.8587,0.0937,0.1304,0.0538,1
5.64,-0.3652,-0.0897,0.5839,0.5532,0.0356,0.8595,0.0923,0.1303,0.0507,1
5.66,-0.0406,-0.2711,0.0913,0.5499,0.0402,0.8559,0.0932,0.1286,0.0483,1
5.68,0.0016,-0.5281,0.4067,0.5481,0.0322,0.8566,0.0925,0.1314,0.0586,1
5.7,0.0168,-0.5624,0.4305,0.5466,0.0382,0.8584,0.0931,0.1306,0.0673,1
5.72,-0.0502,-0.2962,0.7764,0.5481,0.0387,0.8602,0.0904,0.1335,0.0678,1
5.74,0.0201,-0.0922,0.3995,0.551,0.0391,0.8606,0.0946,0.1282,0.0437,1
5.76,-0.2292,-0.239,0.3994,0.5511,0.0411,0.859,0.0948,0.1306,0.0481,1
5.78,-0.2953,0.2883,0.0583,0.5495,0.0388,0.8592,0.0933,0.1309,0.0538,1
5.8,-0.3901,0.7435,0.4368,0.5466,0.0368,0.856,0.0918,0.1304,0.0813,1
5.82,-0.3606,0.562,0.3231,0.5477,0.0352,0.8562,0.0903,0.13,0.0517,1
5.84,-0.1675,0.2497,0.3894,0.5502,0.0416,0.8568,0.0913,0.1321,0.0209,1
5.86,-0.0896,-0.0401,0.2825,0.5517,0.0412,0.8538,0.0933,0.1312,0.0048,1
5.88,-0.1803,-0.3431,-0.1108,0.5539,0.0356,0.854,0.0921,0.1306,0.0,1
5.9,-0.2109,-0.3199,-0.0766,0.5501,0.0391,0.8558,0.0904,0.1318,0.0,1
5.92,-0.0656,-0.2384,0.2407,0.5476,0.0422,0.8557,0.0922,0.131,0.0,1
5.94,-0.0251,-0.2364,0.3359,0.5525,0.0378,0.8549,0.094,0.1298,0.0,1
5.96,-0.2018,-0.0471,0.4824,0.5518,0.0394,0.8548,0.0927,0.1307,0.0,1
5.98,-0.1806,-0.3232,0.5172,0.5492,0.0402,0.8564,0.0924,0.1298,0.0,1
6.0,-0.114,-0.5091,0.2202,0.5494,0.0386,0.854,0.0943,0.1294,0.0019,1
6.02,-0.0253,-0.6023,0.246,0.5512,0.0409,0.8581,0.0939,0.1283,0.0,1
6.04,-0.1159,0.1267,0.2242,0.5466,0.0408,0.8553,0.092,0.1308,0.0,1
6.06,0.3003,-0.2296,0.2035,0.5518,0.0355,0.8554,0.0901,0.129,0.0,1
6.08,0.2787,-0.2266,0.3473,0.5482,0.0361,0.8479,0.089,0.1289,0.0,1
6.1,0.2974,-0.5353,0.4049,0.5517,0.0398,0.8511,0.0947,0.1291,0.0083,1
6.12,0.0166,-0.3757,0.367,0.5518,0.039,0.8551,0.0943,0.13,0.0,1
6.14,-0.0384,0.6147,0.5675,0.5546,0.0436,0.8569,0.0941,0.1319,0.0132,1
6.16,0.1243,0.7969,0.7064,0.55,0.0447,0.8586,0.0954,0.1282,0.0673,1
6.18,-0.0123,-0.059,0.4857,0.5472,0.0379,0.8575,0.0941,0.1281,0.0756,1
6.2,-0.1654,-0.469,0.2866,0.5498,0.0387,0.8552,0.0931,0.1291,0.075,1
6.22,-0.2867,-0.117,0.2151,0.5519,0.0382,0.8573,0.0944,0.1301,0.0694,1
6.24,-0.2876,-0.0385,0.3233,0.5516,0.032,0.8586,0.0935,0.1296,0.0635,1
6.26,-0.1161,-0.3364,0.3482,0.5508,0.0335,0.8555,0.0924,0.13,0.0637,1
6.28,-0.044,-0.3534,0.1205,0.5504,0.0428,0.8549,0.0937,0.1326,0.0588,1
6.3,-0.1052,-0.0927,0.0886,0.551,0.0448,0.8568,0.0936,0.1319,0.0573,1
6.32,-0.0345,0.3646,0.0616,0.552,0.0382,0.8557,0.0954,0.1318,0.0564,1
6.34,0.141,0.436,-0.0484,0.5537,0.0394,0.86,0.0931,0.1308,0.0545,1
6.36,-0.0036,0.9521,0.535,0.5555,0.0389,0.8595,0.0972,0.1307,0.0652,1
6.38,-0.3593,0.7433,0.1406,0.5506,0.0446,0.8565,0.0931,0.1318,0.0778,1
6.4,-0.5091,0.8388,0.04,0.5513,0.0373,0.854,0.0982,0.1314,0.0874,1
6.42,-0.4489,0.3308,-0.0361,0.5465,0.0369,0.8554,0.0939,0.1311,0.0477,1
6.44,-0.4424,0.6249,0.2859,0.5499,0.0383,0.854,0.0973,0.1323,0.0586,1
6.46,-0.2449,0.7306,0.1391,0.5447,0.0352,0.8549,0.0968,0.1325,0.0609,1
6.48,0.0737,-0.1588,0.2472,0.5448,0.0346,0.8576,0.0937,0.1328,0.0717,1
6.5,0.3128,0.1183,0.424,0.5475,0.0397,0.8611,0.095,0.132,0.0644,1
6.52,0.2775,0.1371,0.3875,0.5461,0.0403,0.8624,0.095,0.1302,0.0697,1
6.54,0.0596,-0.2385,0.0487,0.5452,0.0437,0.8625,0.0948,0.1284,0.0767,1
6.56,-0.0823,-0.2918,-0.0632,0.5472,0.0464,0.8598,0.0958,0.1296,0.0838,1
6.58,-0.1035,-0.0809,0.083,0.5523,0.0441,0.8592,0.0958,0.1311,0.0829,1
6.6,-0.2191,0.3589,0.0841,0.5549,0.0416,0.8598,0.0963,0.1293,0.0611,1
6.62,-0.5074,0.8973,0.1866,0.5476,0.0401,0.8539,0.0964,0.1283,0.0461,1
6.64,-0.5537,0.6562,0.3529,0.5466,0.0446,0.8554,0.0933,0.1295,0.0485,1
6.66,0.0041,-0.2046,0.1375,0.5564,0.0418,0.859,0.0948,0.1318,0.0661,1
6.68,-0.3136,0.0252,0.0986,0.5475,0.0407,0.8601,0.0971,0.1308,0.054,1
6.7,-0.4295,-0.5312,0.4942,0.5513,0.0426,0.8543,0.0942,0.1296,0.0489,1
6.72,-0.0602,-0.2638,0.4946,0.5497,0.0363,0.8551,0.0971,0.1293,0.0582,1
6.74,0.0843,-0.2825,0.4464,0.5491,0.04,0.8636,0.0953,0.1298,0.059,1
6.76,-0.1048,-0.8336,0.3924,0.5464,0.0384,0.8597,0.0956,0.1307,0.0532,1
6.78,-0.231,-1.7478,0.4018,0.5467,0.039,0.8591,0.0962,0.1286,0.0643,1
6.8,-0.3674,-1.9816,0.3242,0.5542,0.0403,0.8569,0.0946,0.1294,0.0588,1
6.82,-0.4567,-1.0287,0.0727,0.5525,0.0438,0.8589,0.0938,0.1271,0.0773,1
6.84,-0.5872,0.7917,0.259,0.5526,0.0468,0.8555,0.0948,0.1283,0.0741,1
6.86,-0.5523,1.6233,0.4735,0.5532,0.048,0.8529,0.0963,0.1297,0.0679,1
6.88,-0.4471,1.1518,0.5843,0.552,0.0395,0.856,0.0975,0.1304,0.0653,1
6.9,-0.5463,0.6685,0.7814,0.5527,0.0317,0.8595,0.098,0.1316,0.0549,1
6.92,-0.6096,0.2733,0.6686,0.5523,0.0377,0.8609,0.0977,0.1304,0.0591,1
6.94,-0.4318,-0.2162,0.3387,0.5516,0.036,0.8595,0.0971,0.1304,0.0626,1
6.96,-0.5063,0.4948,0.3792,0.5517,0.0323,0.8605,0.0965,0.1288,0.0602,1
6.98,-0.7158,0.7299,0.444,0.5494,0.0358,0.8593,0.0985,0.1304,0.0486,1
7.0,-0.4775,0.6976,0.4685,0.5492,0.0383,0.8559,0.0961,0.1315,0.0507,1
7.02,-0.2123,0.2789,0.1551,0.5493,0.0356,0.8586,0.0964,0.13,0.0631,1
7.04,0.0528,0.2462,0.3533,0.5447,0.0404,0.8568,0.0951,0.129,0.0417,1
7.06,-0.0978,0.719,0.2213,0.5446,0.0383,0.851,0.0946,0.1307,0.0725,1
7.08,-0.0575,0.5046,0.2676,0.5495,0.046,0.8577,0.096,0.1283,0.063,1
7.1,0.1586,0.1724,0.3912,0.5506,0.045,0.8628,0.0965,0.1264,0.0461,1
7.12,-0.0033,0.2812,0.6573,0.548,0.0391,0.8624,0.0969,0.1275,0.051,1
7.14,-0.0372,0.0069,0.8715,0.5483,0.0379,0.8608,0.0965,0.129,0.0513,1
7.16,0.033,-0.1896,0.8167,0.5486,0.0373,0.8608,0.0965,0.1302,0.049,1
7.18,0.0506,-0.0017,0.572,0.5483,0.0355,0.8586,0.0971,0.1316,0.0587,1
7.2,0.1355,0.1018,0.3312,0.5477,0.0361,0.8548,0.0974,0.1302,0.0689,1
7.22,0.2491,-0.0115,0.2752,0.5455,0.0366,0.8568,0.0967,0.1268,0.0694,1
7.24,0.2789,-0.2328,0.472,0.5456,0.0349,0.8627,0.0952,0.1281,0.0653,1
7.26,0.1684,-0.3519,0.4314,0.5427,0.0365,0.8634,0.0949,0.1284,0.0509,1
7.28,0.1903,-1.1055,0.0185,0.5491,0.0395,0.8634,0.0964,0.1288,0.0819,1
7.3,-0.0085,-0.7798,0.0928,0.5474,0.0459,0.8611,0.0954,0.1314,0.0784,1
7.32,-0.1357,-0.1315,-0.065,0.5546,0.0358,0.8565,0.0994,0.1343,0.0782,1
7.34,-0.2873,0.2382,0.36,0.5508,0.0405,0.8551,0.0975,0.1309,0.0558,1
7.36,-0.1715,0.7158,0.3751,0.5468,0.0399,0.8617,0.0973,0.1285,0.0794,1
7.38,-0.1648,0.4014,0.0627,0.5487,0.0416,0.8561,0.0955,0.129,0.0798,1
7.4,-0.219,0.0125,0.0612,0.5502,0.0461,0.8558,0.0949,0.1299,0.0749,1
7.42,-0.1522,-0.1676,0.078,0.5495,0.0431,0.859,0.096,0.1296,0.0774,1
7.44,0.0155,-0.3536,-0.0897,0.553,0.0385,0.8596,0.0949,0.1298,0.0714,1
7.46,0.0098,-0.6017,-0.0726,0.5529,0.0387,0.8597,0.0946,0.1313,0.0649,1
7.48,-0.133,-0.4646,0.1908,0.5511,0.0407,0.8592,0.0966,0.1309,0.0631,1
7.5,-0.1512,-0.0606,0.2961,0.5528,0.0414,0.8579,0.0972,0.128,0.0739,1
7.52,-0.0966,-0.0959,0.1993,0.5498,0.0413,0.8593,0.0959,0.1283,0.0957,1
7.54,-0.0926,-0.0257,0.1707,0.5502,0.0386,0.8582,0.0948,0.1299,0.071,1
7.56,-0.1046,0.3405,0.0656,0.5463,0.0354,0.8579,0.0962,0.1274,0.0734,1
7.58,0.0507,0.4796,-0.1028,0.5426,0.0347,0.8601,0.0946,0.1286,0.0694,1
7.6,-0.4309,-0.2834,0.5183,0.5494,0.041,0.8596,0.0958,0.1325,0.0604,1
7.62,-0.2066,-0.5779,0.4955,0.5476,0.0411,0.8605,0.0935,0.1309,0.0606,1
7.64,0.0564,-0.2231,0.7686,0.5448,0.0418,0.8573,0.0935,0.1284,0.075,1
7.66,-0.1051,-0.0311,0.6778,0.5519,0.0394,0.8567,0.0931,0.1288,0.0577,1
7.68,-0.2901,-0.0924,0.5638,0.551,0.0415,0.8539,0.0931,0.1303,0.0636,1
7.7,-0.2014,-0.21,0.4506,0.5517,0.0427,0.8527,0.0907,0.1318,0.0716,1
7.72,-0.0433,-0.2514,0.4803,0.5521,0.0407,0.8527,0.0907,0.1295,0.0721,1
7.74,-0.0779,-0.3711,0.4152,0.5525,0.0342,0.8571,0.0929,0.1287,0.0678,1
7.76,-0.2605,-0.2086,0.2974,0.5528,0.0351,0.8607,0.0931,0.1303,0.0596,1
7.78,-0.2992,0.2655,0.5007,0.5501,0.0429,0.8567,0.0915,0.1297,0.054,1
7.8,-0.0344,0.1541,0.7373,0.5489,0.038,0.8559,0.0909,0.1296,0.0585,1
7.82,0.1697,-0.244,0.5617,0.5527,0.0386,0.8625,0.0911,0.1317,0.0621,1
7.84,-0.2077,-0.1599,0.8203,0.55,0.0423,0.8533,0.0913,0.1319,0.047,1
7.86,0.011,-0.1204,0.7367,0.5465,0.0392,0.8563,0.0909,0.1292,0.0732,1
7.88,-0.0109,-0.9568,1.0262,0.5525,0.0412,0.8609,0.0966,0.1285,0.0695,1
7.9,-0.481,-0.6383,0.901,0.5493,0.0373,0.8577,0.0955,0.1288,0.0739,1
7.92,-0.8261,0.6606,0.3152,0.55,0.0403,0.857,0.0922,0.1322,0.0177,1
7.94,-0.6002,0.5222,0.4503,0.5468,0.0391,0.8573,0.0913,0.1332,0.0,1
7.96,-0.288,0.326,0.5114,0.5456,0.0408,0.8609,0.0918,0.1325,0.0,1
7.98,-0.1023,-0.0701,0.6964,0.5487,0.0417,0.8604,0.0915,0.1305,0.0,1
8.0,-0.1021,-0.5214,0.6626,0.5498,0.0394,0.8587,0.092,0.131,0.0,1
8.02,-0.1593,-0.7151,0.5325,0.551,0.0393,0.8581,0.0933,0.1304,0.0,1
8.04,-0.1914,-0.2697,0.4613,0.5514,0.0396,0.8574,0.0938,0.1292,0.01,1
8.06,-0.1864,0.347,0.2682,0.5497,0.0359,0.8567,0.0936,0.1321,0.0017,1
8.08,-0.1288,-0.2007,0.3528,0.5545,0.0371,0.8563,0.093,0.132,0.0,1
8.1,-0.3952,-0.3024,0.4709,0.552,0.0398,0.8588,0.0899,0.1311,0.0,1
8.12,-0.3598,-0.0729,0.4479,0.5518,0.0296,0.8548,0.0912,0.133,0.0076,1
8.14,-0.6953,0.1006,-0.1064,0.5508,0.0381,0.8502,0.0916,0.1338,0.0108,1
8.16,-0.4668,-0.1783,0.2604,0.5525,0.042,0.8544,0.0933,0.1314,0.0107,1
8.18,-0.291,-0.4329,0.2761,0.5522,0.0381,0.8558,0.0942,0.1315,0.0124,1
8.2,-0.4297,-0.0601,0.0777,0.5526,0.0329,0.8546,0.0931,0.1335,0.0,1
8.22,-0.0194,-0.1329,0.4647,0.5547,0.0353,0.8571,0.0942,0.1331,0.0,1
8.24,0.117,0.3428,0.3776,0.5523,0.0337,0.8585,0.0943,0.1323,0.0274,1
8.26,0.1279,0.8695,0.1968,0.549,0.0325,0.8594,0.0935,0.1315,0.0458,1
8.28,0.1241,0.7283,0.2132,0.5513,0.0363,0.8579,0.0915,0.1316,0.0547,1
8.3,0.0149,0.5401,0.2445,0.5537,0.0404,0.8559,0.092,0.1311,0.0528,1
8.32,-0.0406,0.8263,0.2301,0.5507,0.0378,0.8583,0.0952,0.1286,0.0461,1
8.34,-0.128,0.8007,0.0823,0.5504,0.0323,0.8603,0.0924,0.1291,0.0667,1
8.36,-0.3738,0.4392,0.1458,0.5493,0.045,0.8571,0.0922,0.1329,0.0673,1
8.38,-0.1729,0.4651,0.1964,0.5481,0.0426,0.8515,0.0947,0.13,0.0703,1
8.4,-0.3493,0.0083,0.2525,0.5482,0.0353,0.8546,0.0937,0.1319,0.0772,1
8.42,-0.1843,-0.0695,-0.265,0.5487,0.0378,0.8651,0.0946,0.1294,0.0985,1
8.44,-0.3094,-0.3114,-0.1731,0.5502,0.0362,0.8632,0.0934,0.1315,0.0569,1
8.46,-0.2903,0.3366,-0.1515,0.5481,0.0424,0.8572,0.0936,0.1326,0.0565,1
8.48,-0.1963,0.4865,-0.2296,0.5487,0.0416,0.8584,0.0953,0.1317,0.0699,1
8.5,-0.1733,0.2196,-0.1161,0.549,0.0385,0.8598,0.0951,0.1324,0.0753,1
8.52,-0.0865,0.3112,0.0658,0.5516,0.0374,0.8601,0.0944,0.1327,0.0804,1
8.54,0.1359,0.7499,0.2608,0.5515,0.0398,0.859,0.0952,0.132,0.0754,1
8.56,0.3737,0.5781,0.4342,0.5462,0.0393,0.861,0.0957,0.1312,0.0627,1
8.58,0.3711,-0.3113,0.4079,0.544,0.0335,0.8673,0.0944,0.1296,0.0625,1
8.6,-0.059,-0.4388,0.2189,0.5443,0.038,0.8629,0.0953,0.1302,0.0594,1
8.62,-0.379,-0.1795,-0.0302,0.546,0.045,0.8549,0.098,0.132,0.0601,1
8.64,-0.2108,-0.464,0.127,0.5479,0.0455,0.8596,0.0972,0.1284,0.0668,1
8.66,-0.0749,-0.4397,0.4409,0.5444,0.0385,0.8616,0.0956,0.1312,0.0721,1
8.68,-0.2469,-0.0801,0.4046,0.5451,0.0377,0.8602,0.096,0.1312,0.0645,1
8.7,0.1295,0.3497,0.5917,0.552,0.0418,0.8601,0.0966,0.1311,0.0609,1
8.72,0.1127,0.4086,0.4888,0.5523,0.0402,0.8647,0.0951,0.1291,0.0729,1
8.74,-0.2093,0.8178,0.4429,0.5495,0.0425,0.8642,0.0947,0.1315,0.0515,1
8.76,-0.2148,0.564,0.5557,0.5498,0.0412,0.8586,0.0954,0.1306,0.049,1
8.78,-0.1464,0.1955,0.5668,0.55,0.0354,0.8567,0.096,0.1271,0.0561,1
8.8,-0.3572,0.3762,0.5344,0.5493,0.0321,0.8586,0.0966,0.1269,0.0489,1
8.82,-0.5809,0.5236,0.5249,0.5499,0.0332,0.8575,0.0966,0.1294,0.0557,1
8.84,-0.532,0.1535,0.2313,0.5476,0.0352,0.8558,0.0955,0.1307,0.0758,1
8.86,-0.3043,-1.0832,0.0611,0.5437,0.0357,0.8598,0.0966,0.1296,0.0649,1
8.88,-0.1957,-1.0449,0.1318,0.5477,0.0352,0.8618,0.0958,0.1297,0.0599,1
8.9,0.0972,-0.3158,0.2914,0.5515,0.0405,0.8592,0.0954,0.1314,0.0727,1
8.92,0.097,0.0815,0.4713,0.5504,0.0357,0.8591,0.0982,0.1305,0.0528,1
8.94,0.352,0.1358,0.4676,0.5485,0.037,0.8581,0.097,0.1306,0.0492,1
8.96,0.4132,-0.2329,0.0552,0.5509,0.0371,0.8561,0.0971,0.1304,0.0743,1
8.98,0.4623,0.0339,0.1254,0.5526,0.0402,0.8583,0.0995,0.133,0.0794,1
9.0,-0.0901,0.449,0.3286,0.5499,0.0418,0.8561,0.098,0.1296,0.0699,1
9.02,-0.5342,0.6164,0.4884,0.5458,0.0415,0.8545,0.097,0.1278,0.0643,1
9.04,-0.4312,0.2818,0.532,0.5453,0.041,0.8586,0.0974,0.1297,0.0615,1
9.06,-0.479,-0.4363,0.2983,0.5471,0.0378,0.8622,0.096,0.1284,0.0618,1
9.08,-0.6924,-0.7363,-0.0046,0.5466,0.0327,0.8611,0.0981,0.1292,0.0747,1
9.1,-0.2028,-0.7683,-0.1903,0.5483,0.0339,0.8576,0.1,0.1315,0.0782,1
9.12,0.0937,-0.3081,0.0199,0.5466,0.0366,0.86,0.0976,0.13,0.0619,1
9.14,0.3018,0.2354,0.0452,0.5446,0.0426,0.8626,0.0965,0.128,0.0574,1
9.16,0.3403,-0.3693,0.2025,0.5468,0.0403,0.8559,0.0948,0.1275,0.0865,1
9.18,0.3272,-0.5939,0.0799,0.5469,0.0491,0.8558,0.0954,0.1269,0.0866,1
9.2,0.2764,-0.3056,-0.0563,0.5442,0.0435,0.8583,0.0974,0.1299,0.0632,1
9.22,0.3212,-0.3982,-0.3129,0.5435,0.0391,0.86,0.096,0.1313,0.0622,1
9.24,0.2255,-1.3429,-0.3314,0.5444,0.0365,0.8585,0.0948,0.1319,0.0532,1
9.26,0.129,-2.3908,0.0889,0.547,0.0364,0.8574,0.0943,0.1318,0.0525,1
9.28,0.2192,-2.8933,0.3907,0.5518,0.0416,0.8597,0.0937,0.1293,0.0671,1
9.3,0.3004,-2.7534,0.1386,0.5536,0.0456,0.8613,0.0953,0.1274,0.0618,1
9.32,0.2537,-1.6988,-0.0285,0.5477,0.043,0.8587,0.0971,0.1299,0.0598,1
9.34,0.2521,-0.613,0.0259,0.5505,0.0429,0.8583,0.0958,0.1288,0.0678,1
9.36,0.4195,0.7507,0.1463,0.5513,0.0448,0.856,0.094,0.1296,0.0454,1
9.38,0.2792,0.8456,0.4576,0.5473,0.0438,0.8516,0.0964,0.1292,0.0738,1
9.4,0.262,0.5483,0.0306,0.5524,0.0432,0.8571,0.0946,0.1295,0.0556,1
9.42,0.1379,0.0522,0.0321,0.5482,0.0447,0.8539,0.0934,0.1304,0.0813,1
9.44,-0.1666,0.2802,0.2802,0.5494,0.0455,0.8528,0.0955,0.1286,0.058,1
9.46,-0.3455,0.1887,0.582,0.5521,0.0437,0.8543,0.0943,0.1297,0.0657,1
9.48,-0.3599,-0.2049,0.6458,0.5552,0.0465,0.8534,0.0934,0.1318,0.0865,1
9.5,-0.4737,-0.6798,0.5244,0.5562,0.0481,0.8514,0.094,0.131,0.079,1
9.52,-0.5676,-1.18,0.5252,0.5537,0.0418,0.8543,0.0931,0.1289,0.0651,1
9.54,-0.3278,-1.047,0.5472,0.5539,0.0393,0.859,0.0929,0.1291,0.063,1
9.56,-0.5028,-0.4916,0.255,0.5535,0.0388,0.8515,0.0908,0.1298,0.0712,1
9.58,-0.253,-0.9506,0.662,0.5557,0.042,0.8563,0.0928,0.1315,0.0639,1
9.6,-0.5631,0.2166,0.5017,0.5547,0.0401,0.8543,0.091,0.1306,0.0755,1
9.62,-0.0993,0.1908,1.0102,0.5516,0.0444,0.8537,0.0911,0.1301,0.0753,1
9.64,-0.3568,-0.31,0.9337,0.5525,0.0402,0.8575,0.0935,0.1277,0.0593,1
9.66,-0.5539,-0.1349,0.6662,0.55,0.0358,0.8592,0.0931,0.1275,0.0737,1
9.68,-0.6749,-0.2039,0.5686,0.5495,0.035,0.8548,0.0937,0.1291,0.0735,1
9.7,-0.6393,-0.199,0.6755,0.5517,0.0369,0.8525,0.0937,0.1289,0.0301,1
9.72,-0.4784,0.1067,0.7573,0.5523,0.0361,0.8534,0.0928,0.1298,0.0,1
9.74,-0.4178,0.2628,0.7151,0.5517,0.0341,0.8508,0.0933,0.1324,0.0,1
9.76,-0.4627,0.101,0.7056,0.5539,0.0386,0.8473,0.0935,0.1295,0.0,1
9.78,-0.3722,-0.5163,0.6539,0.5553,0.039,0.8522,0.0923,0.127,0.0015,1
9.8,-0.3704,-0.3952,0.569,0.5551,0.0392,0.8583,0.0937,0.1323,0.0095,1
9.82,-0.5812,-0.5289,0.7464,0.5518,0.0384,0.8564,0.091,0.1276,0.0295,1
9.84,-0.5874,-0.1738,0.5466,0.5539,0.0408,0.856,0.0919,0.126,0.0128,1
9.86,-0.2317,-0.3222,0.5391,0.5531,0.038,0.8549,0.0913,0.1307,0.0,1
9.88,-0.4464,-0.4528,0.208,0.5495,0.0384,0.8537,0.0919,0.1303,0.0047,1
9.9,-0.5382,-0.4968,0.1445,0.5512,0.0378,0.8533,0.0923,0.1289,0.0062,1
9.92,-0.5349,-0.2347,0.2063,0.5562,0.0399,0.854,0.0919,0.128,0.0086,1
9.94,-0.4925,0.2462,0.2415,0.5566,0.0427,0.8562,0.0914,0.1276,0.0084,1
9.96,-0.1875,0.4098,0.3476,0.554,0.042,0.8578,0.0913,0.1295,0.0,1
9.98,0.0206,0.1081,0.3138,0.5557,0.045,0.8539,0.0915,0.1321,0.0043,1
10.0,-0.0759,0.0869,0.5603,0.5496,0.0415,0.8515,0.0901,0.1292,0.0087,1
10.02,-0.2732,0.1117,0.3671,0.5495,0.0335,0.856,0.0904,0.1277,0.0044,1
10.04,-0.035,0.2011,0.3203,0.5525,0.033,0.8522,0.092,0.1311,0.0084,1
10.06,-0.2866,-0.3123,0.32,0.5534,0.0368,0.8534,0.0936,0.1281,0.0049,1
10.08,-0.2477,-0.9358,0.6612,0.5526,0.0382,0.8561,0.0923,0.1302,0.0,1
10.1,-0.305,-0.7654,0.6106,0.5541,0.0348,0.8546,0.0903,0.1316,0.0,1
10.12,-0.2646,-0.5385,0.4252,0.5555,0.0378,0.8527,0.0891,0.1304,0.0012,1
10.14,-0.133,-0.1623,0.2862,0.5563,0.0423,0.8513,0.0904,0.1293,0.0047,1
10.16,-0.0016,0.4245,0.1783,0.5566,0.0361,0.8492,0.0927,0.1301,0.0062,1
10.18,0.1391,0.406,0.2079,0.5568,0.0272,0.85,0.0928,0.1316,0.0032,1
10.2,-0.0933,0.1317,0.2779,0.5602,0.035,0.8567,0.0926,0.1313,0.0,1
10.22,-0.4665,0.5085,0.3961,0.5513,0.0324,0.8532,0.0907,0.1312,0.0,1
10.24,-0.162,0.6083,0.2016,0.5482,0.0364,0.8566,0.0915,0.1284,0.0016,1
10.26,-0.1114,0.8121,0.1025,0.551,0.0352,0.8544,0.094,0.1308,0.0,1
10.28,-0.3475,0.3565,0.2016,0.5535,0.0355,0.8555,0.0926,0.1327,0.0095,1
10.3,-0.3069,0.3767,0.3306,0.5546,0.0334,0.8556,0.091,0.1291,0.0477,1
10.32,-0.103,0.5306,0.3496,0.5542,0.0357,0.8531,0.0916,0.1284,0.0596,1
10.34,0.0798,0.3699,0.1782,0.5548,0.0376,0.8537,0.0917,0.1297,0.0555,1
10.36,0.0687,0.2873,0.1332,0.5538,0.0358,0.857,0.0921,0.1295,0.0534,1
10.38,-0.1846,0.6549,0.3419,0.5501,0.0365,0.8588,0.0942,0.1295,0.0502,1
10.4,-0.3446,0.7935,0.1977,0.5532,0.0409,0.8625,0.0931,0.1311,0.0563,1
10.42,-0.1448,0.649,0.2997,0.5533,0.0368,0.8622,0.0932,0.1312,0.0667,1
10.44,-0.4534,0.9531,0.3589,0.5493,0.0282,0.8614,0.0924,0.1333,0.0947,1
10.46,-0.6156,0.3668,0.1022,0.5507,0.0382,0.8562,0.0939,0.1293,0.0534,1
10.48,-0.5669,0.3681,-0.0962,0.5499,0.0442,0.8525,0.093,0.1282,0.0476,1
10.5,-0.4787,0.7082,-0.0105,0.5489,0.0401,0.8504,0.0928,0.1309,0.0685,1
10.52,-0.2884,0.7847,0.0866,0.5513,0.0372,0.8534,0.0939,0.1321,0.0753,1
10.54,-0.3471,0.6077,0.2436,0.5509,0.0352,0.8571,0.0947,0.1293,0.0567,1
10.56,-0.4429,0.5179,0.2631,0.549,0.0364,0.8594,0.094,0.1283,0.05,1
10.58,-0.2522,0.6608,-0.095,0.551,0.0445,0.8614,0.0936,0.1268,0.0708,1
10.6,-0.3505,0.9041,-0.3273,0.5492,0.0475,0.8583,0.0962,0.1125,0.0633,1
10.62,0.154,1.0521,-0.3018,0.5468,0.0406,0.8581,0.0977,0.1232,0.0537,1
10.64,0.2648,0.1401,-0.1403,0.5523,0.0332,0.86,0.096,0.1237,0.074,1
10.66,0.4916,0.0017,0.3982,0.5525,0.0333,0.8579,0.0975,0.1262,0.0668,1
10.68,0.2772,0.0142,0.4483,0.5495,0.0322,0.8536,0.0941,0.1308,0.0522,1
10.7,0.068,0.1121,0.3239,0.5481,0.0299,0.8569,0.0948,0.1277,0.0476,1
10.72,0.0304,0.4252,0.1388,0.5488,0.0337,0.8578,0.0946,0.1258,0.0723,1
10.74,0.0097,0.8622,0.0137,0.5484,0.0372,0.8556,0.095,0.1275,0.0864,1
10.76,0.1721,0.729,-0.0101,0.5491,0.0373,0.8533,0.0966,0.1301,0.0705,1
10.78,0.6712,-0.2098,0.0763,0.5538,0.0393,0.8521,0.096,0.1312,0.0627,1
10.8,0.7662,-0.6134,0.3723,0.5534,0.039,0.8577,0.0968,0.1263,0.0756,1
10.82,0.5235,-0.9753,0.2367,0.5495,0.0377,0.858,0.0978,0.1237,0.0571,1
10.84,0.3716,-0.5215,-0.0281,0.5508,0.0408,0.8663,0.096,0.1249,0.0498,1
10.86,0.4321,-0.0399,-0.1963,0.5464,0.0436,0.8561,0.0965,0.1257,0.0496,1
10.88,0.0666,0.4121,-0.1248,0.5468,0.0436,0.8542,0.0968,0.1271,0.0815,1
10.9,-0.0704,0.5572,-0.072,0.5495,0.043,0.8546,0.0975,0.1255,0.0813,1
10.92,-0.2861,0.4099,-0.0691,0.5486,0.0414,0.8547,0.0984,0.1256,0.0693,1
10.94,-0.8919,-0.0694,-0.0858,0.548,0.0395,0.8547,0.0988,0.1268,0.0722,1
10.96,-1.4681,-0.5808,-0.1865,0.5493,0.0397,0.855,0.0983,0.1273,0.0878,1
10.98,-1.4572,-0.5267,-0.2833,0.5461,0.0417,0.8557,0.0975,0.1301,0.0952,1
11.0,-1.3457,-0.3656,0.1826,0.5489,0.0374,0.8563,0.0951,0.1302,0.0565,1
11.02,-0.1576,-0.4934,0.074,0.5505,0.039,0.8595,0.094,0.1281,0.0622,1
11.04,0.169,-0.1545,0.1909,0.5483,0.0339,0.8584,0.0951,0.1278,0.0233,1
11.06,0.9154,-0.3198,0.5193,0.5453,0.034,0.8575,0.0955,0.127,0.0453,1
11.08,1.0219,-0.085,0.5082,0.5457,0.0335,0.8571,0.0958,0.1268,0.0549,1
11.1,0.9592,-0.7041,0.2945,0.5474,0.0384,0.8597,0.0962,0.1296,0.0681,1
11.12,0.8168,-1.5688,0.2799,0.5491,0.0389,0.8596,0.0958,0.1324,0.0652,1
11.14,0.5567,-1.8949,0.3029,0.5531,0.0393,0.8554,0.0952,0.1303,0.0527,1
11.16,0.4183,-1.8753,0.0549,0.5585,0.0479,0.8534,0.0953,0.1266,0.065,1
11.18,0.3295,-1.1132,0.1842,0.5557,0.037,0.8535,0.0947,0.1322,0.061,1
11.2,-0.3632,-0.3898,0.4891,0.555,0.0512,0.8561,0.0944,0.1239,0.0441,1
11.22,-0.0197,0.0496,0.3457,0.5435,0.0502,0.8588,0.0953,0.1284,0.0611,1
11.24,0.0196,0.2547,0.4853,0.5419,0.0435,0.8585,0.0938,0.1285,0.0598,1
11.26,-0.0741,0.306,0.4782,0.5476,0.0468,0.8539,0.0943,0.1272,0.0819,1
11.28,-0.2367,0.1159,0.1632,0.5509,0.0484,0.8541,0.0941,0.1297,0.066,1
11.3,-0.2028,-0.2564,-0.0293,0.5516,0.0462,0.8579,0.0921,0.1313,0.0447,1
11.32,-0.0173,-0.4881,0.181,0.5481,0.0401,0.8571,0.0907,0.13,0.0606,1
11.34,-0.0781,-0.5323,0.5049,0.5438,0.0333,0.8509,0.0923,0.1295,0.0803,1
11.36,-0.4638,-0.9556,0.5171,0.5538,0.0385,0.8515,0.0947,0.1304,0.0452,1
11.38,-0.2517,-1.3245,0.6606,0.556,0.0432,0.8567,0.0926,0.134,0.0551,1
11.4,-0.1584,-1.3049,0.4928,0.5514,0.0387,0.8576,0.093,0.1323,0.0676,1
11.42,0.199,-0.314,0.5417,0.5556,0.0424,0.8525,0.0923,0.1275,0.072,1
11.44,0.1318,-0.2947,0.7153,0.5558,0.0421,0.8485,0.0939,0.1291,0.0576,1
11.46,0.2182,-0.6456,0.7692,0.5546,0.0384,0.8517,0.0932,0.1297,0.0326,1
11.48,0.1753,-0.5026,0.897,0.5535,0.0389,0.8517,0.0917,0.1309,0.0052,1
11.5,-0.0081,0.0452,0.9671,0.5525,0.0415,0.8513,0.0923,0.1307,0.0,1
11.52,-0.0239,0.4006,0.7707,0.5511,0.0396,0.858,0.0936,0.1266,0.0,1
11.54,-0.2114,0.6085,0.7895,0.5475,0.0376,0.8576,0.0925,0.129,0.0173,1
11.56,-0.3454,0.9692,0.9249,0.5507,0.035,0.8597,0.0942,0.1295,0.0,1
11.58,-0.3655,0.5731,0.8887,0.5441,0.0387,0.8518,0.0926,0.13,0.0,1
11.6,-0.1834,0.1707,0.6076,0.5496,0.0395,0.8559,0.0921,0.1313,0.0,1
11.62,-0.359,-0.096,0.4766,0.5555,0.04,0.8555,0.0935,0.1327,0.0,1
11.64,-0.3978,-0.3251,0.3172,0.5602,0.0436,0.8546,0.0925,0.1314,0.0,1
11.66,-0.4442,-0.3954,0.3396,0.5607,0.0425,0.8529,0.0907,0.1293,0.0,1
11.68,-0.6229,-0.0846,0.5058,0.5586,0.0378,0.8515,0.0903,0.1298,0.0,1
11.7,-0.6535,0.2587,0.4894,0.5574,0.0392,0.8537,0.0909,0.1323,0.0,1
11.72,-0.4757,-0.4554,0.4261,0.5511,0.0405,0.8551,0.0942,0.1323,0.0,1
11.74,-0.4908,-0.6399,0.0722,0.5534,0.0386,0.8499,0.0932,0.1306,0.0,1
11.76,-0.4325,-0.333,0.3677,0.5565,0.0359,0.8585,0.0935,0.1286,0.0,1
11.78,-0.3082,0.368,0.3079,0.5545,0.0335,0.8559,0.0918,0.1312,0.0013,1
11.8,-0.5666,0.6825,0.3346,0.5524,0.032,0.8515,0.0907,0.1315,0.0,1
11.82,-0.2974,0.4674,0.347,0.5527,0.0341,0.8527,0.0919,0.131,0.0,1
11.84,0.0001,0.2348,0.2771,0.5539,0.0384,0.8541,0.0942,0.1314,0.0,1
11.86,-0.137,0.4108,0.2221,0.554,0.0399,0.8525,0.0943,0.1311,0.0,1
11.88,0.0191,0.6909,0.2043,0.5534,0.0368,0.853,0.0923,0.1283,0.028,1
11.9,0.0797,0.3037,-0.0843,0.5534,0.0357,0.8494,0.0961,0.1284,0.0535,1
11.92,-0.2246,1.0583,-0.018,0.5559,0.0437,0.8546,0.0905,0.1301,0.0813,1
11.94,-0.2009,1.1605,-0.0066,0.5519,0.0419,0.8538,0.0912,0.1293,0.0565,1
11.96,-0.3419,0.5107,-0.1035,0.552,0.0523,0.8542,0.0938,0.1303,0.0485,1
11.98,-0.4267,-0.0011,-0.0214,0.5544,0.0467,0.8593,0.0933,0.1297,0.0602,1
12.0,-0.384,0.5031,0.1022,0.5534,0.0383,0.8579,0.0925,0.1287,0.0609,1
12.02,-0.1963,1.1926,0.1514,0.551,0.038,0.8531,0.0934,0.1296,0.0491,1
12.04,0.0242,1.0218,0.1766,0.5506,0.0376,0.8552,0.0947,0.131,0.0529,1
12.06,-0.0497,1.1152,0.1228,0.5459,0.0336,0.856,0.0952,0.1266,0.0733,1
12.08,-0.0439,0.3358,-0.2986,0.5495,0.0417,0.8565,0.0941,0.126,0.0324,1
12.1,-0.2143,0.8328,-0.2436,0.5524,0.0411,0.8582,0.093,0.127,0.0543,1
12.12,-0.2363,0.6707,-0.2451,0.5532,0.0469,0.8576,0.0907,0.1248,0.0699,1
12.14,-0.0551,0.3114,-0.1827,0.5528,0.0459,0.862,0.092,0.127,0.0756,1
12.16,0.0134,0.6305,0.0978,0.5526,0.0402,0.8603,0.0949,0.1287,0.0644,1
12.18,-0.1162,1.0067,0.2687,0.5525,0.0386,0.857,0.0957,0.1279,0.0526,1
12.2,-0.2011,0.7683,0.1027,0.5514,0.0428,0.8588,0.0945,0.1274,0.0581,1
12.22,0.0013,0.7126,-0.0494,0.5501,0.0418,0.8584,0.0947,0.1288,0.0737,1
12.24,0.1939,1.0924,-0.1706,0.5501,0.0361,0.8648,0.0932,0.1286,0.0882,1
12.26,-0.2198,1.0351,-0.1708,0.5438,0.0414,0.8532,0.1,0.13,0.0732,1
12.28,-0.1342,0.6238,0.0365,0.5489,0.0375,0.8571,0.0964,0.1281,0.0626,1
12.3,0.0264,0.2938,0.0764,0.546,0.0385,0.8596,0.0953,0.1279,0.0639,1
12.32,-0.0177,-0.0374,0.0613,0.5451,0.0462,0.8601,0.096,0.1272,0.0707,1
12.34,0.0308,-0.2961,0.2155,0.5481,0.0506,0.8584,0.096,0.1274,0.0721,1
12.36,0.2728,-0.1527,0.4861,0.5486,0.0481,0.8563,0.0955,0.1288,0.0738,1
12.38,0.3665,0.5542,0.5597,0.5451,0.0462,0.8575,0.0964,0.1277,0.0888,1
12.4,0.6498,1.0301,0.4615,0.5475,0.0414,0.8546,0.0967,0.1266,0.0812,1
12.42,-0.5771,0.1528,0.1345,0.5502,0.0451,0.8634,0.0957,0.1271,0.0539,1
12.44,-0.8682,0.5638,-0.0132,0.5444,0.046,0.8603,0.0955,0.1274,0.0689,1
12.46,-0.8499,0.8763,0.0805,0.5447,0.0441,0.8553,0.0961,0.1291,0.0861,1
12.48,-0.7556,0.8799,0.0885,0.5464,0.0412,0.8553,0.0975,0.1294,0.0846,1
12.5,-0.6209,0.306,0.1135,0.5456,0.0409,0.8589,0.0977,0.1276,0.0807,1
12.52,-0.4576,-0.306,0.2105,0.5446,0.0411,0.8622,0.0969,0.1256,0.0772,1
12.54,-0.2893,-0.0224,0.1294,0.5473,0.0366,0.8631,0.0972,0.1256,0.0565,1
12.56,-0.0035,-0.348,-0.0287,0.5463,0.0388,0.8595,0.0952,0.1252,0.0648,1
12.58,-0.341,-0.4257,0.3885,0.5519,0.039,0.8577,0.0969,0.1265,0.0812,1
12.6,-0.3013,-0.3427,0.7424,0.547,0.0384,0.8587,0.0943,0.1266,0.0683,1
12.62,-0.1615,0.0964,0.7135,0.5502,0.0438,0.8593,0.0965,0.1279,0.0691,1
12.64,-0.0628,0.3744,0.7567,0.5501,0.038,0.8598,0.0983,0.1296,0.0698,1
12.66,-0.0923,0.4688,0.818,0.5473,0.0358,0.8599,0.0977,0.1278,0.0759,1
12.68,-0.2031,0.4696,0.7465,0.546,0.0442,0.8605,0.0968,0.1245,0.0794,1
12.7,-0.2311,0.1809,0.7108,0.5439,0.0393,0.8626,0.0973,0.1266,0.0594,1
12.72,-0.165,-0.3333,0.5931,0.5462,0.0296,0.858,0.0963,0.1266,0.097,1
12.74,0.0289,-0.1806,0.552,0.5413,0.0395,0.8569,0.0974,0.1286,0.0861,1
12.76,-0.2193,-0.3321,0.3662,0.5486,0.0365,0.8582,0.098,0.1272,0.0798,1
12.78,-0.2335,-0.2947,0.4308,0.5486,0.0386,0.8577,0.0977,0.1272,0.0929,1
12.8,-0.2171,-0.3164,0.3183,0.5475,0.0416,0.8584,0.0969,0.1259,0.0912,1
12.82,-0.3853,-0.4361,0.0813,0.5494,0.042,0.8606,0.0962,0.1262,0.0755,1
12.84,-0.6094,-0.527,0.0971,0.5514,0.0418,0.8618,0.0959,0.1285,0.069,1
12.86,-0.5367,-0.652,0.3193,0.5501,0.0432,0.8602,0.0964,0.1244,0.0766,1
12.88,-0.3707,-0.8653,-0.1904,0.5508,0.0469,0.8576,0.0959,0.125,0.0991,1
12.9,-0.3901,-1.1727,-0.1936,0.5472,0.0395,0.8577,0.0947,0.1286,0.0753,1
12.92,-0.1571,-0.3593,-0.2268,0.5493,0.0358,0.8569,0.0969,0.129,0.0714,1
12.94,0.2691,-0.1877,-0.1575,0.551,0.037,0.8564,0.0976,0.1272,0.0742,1
12.96,0.5935,-0.4154,0.0148,0.5526,0.0373,0.8575,0.0965,0.1264,0.069,1
12.98,0.6883,-0.7999,0.3562,0.5534,0.0356,0.862,0.0957,0.1279,0.0656,1
13.0,0.5721,-1.4898,0.7566,0.552,0.0359,0.8675,0.096,0.1291,0.0778,1
13.02,0.1128,-1.7569,0.5103,0.552,0.0392,0.8622,0.0941,0.1246,0.076,1
13.04,0.0586,-0.9676,0.5227,0.5498,0.0372,0.8583,0.0933,0.1273,0.0522,1
13.06,0.0944,-0.4066,0.5081,0.5472,0.0406,0.8566,0.0923,0.1265,0.0571,1
13.08,0.0542,-0.2039,0.4139,0.5469,0.0447,0.8582,0.0929,0.126,0.0763,1
13.1,0.0299,-0.5195,0.5474,0.547,0.042,0.8592,0.0927,0.1272,0.0669,1
13.12,0.1248,-1.5017,0.6688,0.5457,0.0396,0.859,0.092,0.1272,0.0594,1
13.14,0.2019,-2.6433,0.589,0.5442,0.0417,0.8586,0.0915,0.1263,0.0803,1
13.16,-0.0393,-2.6834,0.6294,0.5474,0.0402,0.8585,0.0906,0.1292,0.0892,1
13.18,-0.1417,-1.1557,0.7102,0.557,0.0448,0.8591,0.0921,0.124,0.0716,1
13.2,-0.1986,0.5333,0.2186,0.5588,0.0415,0.8565,0.0927,0.1282,0.0547,1
13.22,-0.427,0.9202,0.4503,0.5546,0.0455,0.8569,0.092,0.1288,0.0566,1
13.24,-0.6839,0.5403,0.6328,0.5542,0.0471,0.854,0.0931,0.128,0.0677,1
13.26,-0.8219,-0.2351,0.3056,0.5534,0.0422,0.8523,0.0931,0.1278,0.0734,1
13.28,-0.7746,-0.8348,-0.0936,0.553,0.0378,0.8524,0.0915,0.1287,0.0801,1
13.3,-0.5945,-0.8024,0.1579,0.5571,0.0423,0.8503,0.0915,0.1299,0.0947,1
13.32,-0.4395,-0.8124,0.4841,0.5526,0.0424,0.853,0.0936,0.1311,0.0648,1
13.34,-0.2032,-1.4224,0.4695,0.5559,0.038,0.852,0.0916,0.1297,0.082,1
13.36,-0.2656,-1.1888,0.4183,0.5564,0.041,0.853,0.0929,0.1277,0.0186,1
13.38,-0.4124,-1.1389,0.4514,0.5554,0.0468,0.8534,0.0936,0.1279,0.0,1
13.4,-0.3943,-1.4032,0.4444,0.5544,0.0429,0.8548,0.0913,0.1302,0.0,1
13.42,-0.2522,-1.576,0.4531,0.5547,0.0355,0.8547,0.0894,0.1306,0.0,1
13.44,-0.2265,-1.273,0.537,0.5569,0.0368,0.8522,0.0912,0.1278,0.0048,1
13.46,-0.4384,-0.6774,0.4523,0.5596,0.0373,0.8554,0.0917,0.1285,0.0086,1
13.48,-0.4051,-0.1187,0.7804,0.5516,0.0356,0.85,0.0917,0.13,0.0,1
13.5,0.0215,-0.3421,0.7265,0.5496,0.0409,0.8529,0.0917,0.1291,0.0,1
13.52,-0.021,-0.3448,0.7357,0.5527,0.048,0.8513,0.0918,0.1292,0.0,1
13.54,-0.2386,-0.3626,0.6355,0.5569,0.0476,0.8522,0.0929,0.1292,0.0,1
13.56,-0.4375,-0.2702,0.6178,0.5591,0.0419,0.8534,0.0936,0.1294,0.0,1
13.58,-0.5421,-0.1428,0.8059,0.5583,0.0388,0.8515,0.0931,0.1297,0.0,1
13.6,-0.3946,-0.7608,0.7472,0.5554,0.0409,0.8524,0.0929,0.1291,0.0103,1
13.62,-0.0415,-0.9487,0.3092,0.5538,0.0324,0.8559,0.0929,0.1303,0.0027,1
13.64,-0.1765,-0.36,0.3816,0.5537,0.0407,0.8548,0.0909,0.132,0.0013,1
13.66,-0.2273,0.1311,0.5002,0.5539,0.039,0.8504,0.09,0.1296,0.0066,1
13.68,-0.2851,0.0469,0.6243,0.5551,0.0354,0.8495,0.0918,0.1282,0.0046,1
13.7,-0.3065,-0.2533,0.5219,0.5536,0.0342,0.8528,0.0922,0.1305,0.0,1
13.72,-0.2294,-0.2356,0.2427,0.5494,0.0347,0.8546,0.0906,0.1333,0.0,1
13.74,-0.1508,0.1323,0.3221,0.5512,0.0363,0.8498,0.0934,0.1289,0.0,1
13.76,-0.1032,0.6835,-0.0438,0.5568,0.0402,0.8545,0.0918,0.1274,0.0,1
13.78,-0.3173,1.6049,0.2263,0.5531,0.0374,0.8558,0.0936,0.128,0.0046,1
13.8,-0.5553,1.7082,0.3381,0.5522,0.0481,0.8538,0.0931,0.1295,0.0032,1
13.82,-0.3898,0.7594,0.3643,0.5571,0.0433,0.851,0.0923,0.13,0.0054,1
13.84,-0.116,-0.2067,0.4777,0.5594,0.0352,0.8533,0.0922,0.1292,0.0,1
13.86,-0.1459,-0.1338,0.6222,0.554,0.0389,0.858,0.0922,0.1285,0.0,1
13.88,-0.2883,0.7777,0.4429,0.5503,0.0326,0.8507,0.0916,0.1287,0.0246,1
13.9,0.2861,0.8546,0.2171,0.5475,0.0308,0.8507,0.0927,0.1247,0.0339,1
13.92,0.0387,0.0881,0.1329,0.5506,0.0302,0.8514,0.0933,0.1238,0.05,1
13.94,-0.0713,-0.097,0.0561,0.554,0.0373,0.8528,0.0938,0.1295,0.0583,1
13.96,0.0964,-0.1683,0.1235,0.5577,0.042,0.853,0.093,0.1329,0.0554,1
13.98,0.2027,0.0809,0.204,0.5603,0.0388,0.8518,0.0917,0.1306,0.0548,1
14.0,0.0273,0.7716,0.0925,0.5607,0.0347,0.8501,0.0919,0.1266,0.0633,1
14.02,-0.0195,0.8687,-0.1932,0.5615,0.0469,0.8488,0.0945,0.1284,0.0595,1
14.04,-0.0359,0.6948,-0.7272,0.5563,0.04,0.8493,0.0906,0.1291,0.0686,1
14.06,0.029,0.2831,-0.0635,0.5571,0.0391,0.8511,0.0936,0.1277,0.0732,1
14.08,-0.0414,0.3768,0.3001,0.5578,0.0397,0.8543,0.0918,0.1303,0.0812,1
14.1,-0.4164,0.8681,0.2734,0.5545,0.0393,0.8535,0.0922,0.1314,0.0764,1
14.12,-0.6965,1.2022,0.096,0.5523,0.037,0.8511,0.0951,0.1305,0.0679,1
14.14,-0.4745,0.957,-0.0431,0.557,0.0351,0.8533,0.0957,0.1307,0.0715,1
14.16,-0.3323,0.5449,-0.1956,0.5593,0.0402,0.8589,0.0953,0.1297,0.0639,1
14.18,-0.0772,0.627,0.094,0.5553,0.0313,0.8568,0.0953,0.1316,0.0609,1
14.2,0.0077,0.9413,0.2888,0.5546,0.0337,0.8574,0.0958,0.129,0.056,1
14.22,0.0928,1.0632,0.5324,0.558,0.0348,0.8553,0.0954,0.1305,0.064,1
14.24,0.0225,1.0281,0.6989,0.5572,0.0346,0.8546,0.0957,0.1322,0.0661,1
14.26,-0.2317,0.8309,0.5271,0.5511,0.0361,0.8565,0.0967,0.1307,0.0578,1
14.28,-0.4868,0.4602,0.0134,0.5482,0.0395,0.858,0.0962,0.1284,0.0526,1
14.3,-0.6078,0.5385,0.2993,0.5559,0.0385,0.8595,0.0935,0.1305,0.04,1
14.32,-0.5367,0.3954,0.205,0.5496,0.0418,0.8571,0.097,0.1303,0.0457,1
14.34,-0.3308,0.8228,0.4455,0.5512,0.0357,0.8573,0.0957,0.1276,0.064,1
14.36,-0.3072,0.9316,0.3738,0.55,0.0374,0.859,0.0948,0.1255,0.067,1
14.38,-0.2803,0.7513,0.3118,0.5464,0.0414,0.8594,0.0954,0.1249,0.0586,1
14.4,-0.1981,0.5607,0.5065,0.5446,0.0397,0.8583,0.0961,0.1252,0.057,1
14.42,-0.4197,0.3791,0.4658,0.5457,0.0373,0.86,0.0952,0.1256,0.0706,1
14.44,-0.3377,0.6301,0.0615,0.5489,0.0391,0.8598,0.0986,0.1292,0.0473,1
14.46,-0.1333,0.76,0.2199,0.5438,0.0402,0.8594,0.0982,0.1257,0.0573,1
14.48,-0.015,0.8216,0.3428,0.5444,0.0363,0.8586,0.0988,0.126,0.067,1
14.5,0.0302,0.5443,0.4144,0.5475,0.0372,0.8592,0.0988,0.1238,0.0541,1
14.52,-0.0986,0.2448,0.4099,0.55,0.0419,0.859,0.0974,0.1227,0.0524,1
14.54,-0.3431,0.3422,0.308,0.5503,0.0416,0.8559,0.0952,0.128,0.0843,1
14.56,-0.0498,0.4121,0.2425,0.5471,0.0308,0.8553,0.0928,0.1282,0.0528,1
14.58,-0.1685,0.1827,0.2148,0.5481,0.0392,0.8561,0.0965,0.1287,0.0737,1
14.6,-0.5459,0.3346,0.0517,0.5509,0.0345,0.8543,0.0963,0.1283,0.0806,1
14.62,-0.6548,0.6175,-0.178,0.5498,0.036,0.8547,0.0966,0.1288,0.0733,1
14.64,-0.67,0.3927,-0.2346,0.5502,0.0377,0.857,0.0979,0.1287,0.0672,1
14.66,-0.6233,-0.064,-0.1441,0.5533,0.0349,0.8595,0.0984,0.1287,0.0635,1
14.68,-0.2476,0.2769,-0.2149,0.5523,0.0341,0.8606,0.0965,0.1318,0.0521,1
14.7,-0.1642,-0.2783,-0.1897,0.5504,0.0396,0.8596,0.0968,0.1301,0.0913,1
14.72,-0.5392,0.14,0.0366,0.5513,0.0368,0.8609,0.095,0.1264,0.0834,1
14.74,-0.6677,0.972,0.0191,0.5476,0.0338,0.8599,0.0958,0.1257,0.064,1
14.76,-0.4994,1.0579,-0.0708,0.5446,0.0337,0.8564,0.0974,0.1249,0.0629,1
14.78,-0.0946,0.2712,0.1163,0.5443,0.0354,0.8551,0.0976,0.1255,0.0749,1
14.8,0.2796,-0.745,0.6261,0.5453,0.0372,0.8588,0.0962,0.1293,0.082,1
14.82,-0.0001,-1.3315,0.6942,0.5463,0.0409,0.8607,0.0971,0.1325,0.0896,1
14.84,0.0701,-1.2442,0.442,0.548,0.0368,0.8547,0.0964,0.1257,0.0431,1
14.86,0.031,-0.6573,0.0402,0.5482,0.0384,0.8562,0.0966,0.1266,0.073,1
14.88,0.1852,-0.9246,-0.1992,0.5511,0.0397,0.8564,0.0985,0.1272,0.0818,1
14.9,0.5817,-1.407,-0.028,0.5536,0.037,0.8572,0.0993,0.1271,0.0778,1
14.92,0.9385,-1.277,0.3643,0.5531,0.0333,0.8596,0.098,0.1279,0.078,1
14.94,0.7797,-0.4385,0.4126,0.552,0.0379,0.8606,0.0973,0.1285,0.0679,1
14.96,0.2442,0.777,0.4479,0.5506,0.0484,0.8608,0.0948,0.1242,0.0592,1
14.98,0.1741,0.9803,0.3056,0.5474,0.0451,0.8588,0.0971,0.1257,0.0553,1
15.0,0.0441,0.2523,0.272,0.5477,0.0427,0.8569,0.0966,0.1258,0.0704,1
15.02,-0.1207,-0.2667,0.3109,0.5506,0.0373,0.8572,0.095,0.1268,0.0805,1
15.04,-0.1035,-0.4051,0.5176,0.5541,0.034,0.8581,0.094,0.1277,0.071,1
15.06,0.1899,-0.6455,0.9375,0.5559,0.0393,0.8569,0.0945,0.1269,0.0571,1
15.08,0.2453,-0.781,1.0861,0.5523,0.0376,0.8563,0.0985,0.13,0.1084,1
15.1,0.3351,-0.4975,0.7217,0.553,0.0391,0.8575,0.0987,0.1307,0.0887,1
15.12,0.2599,-1.3181,0.8034,0.5504,0.0393,0.8585,0.0961,0.129,0.0755,1
15.14,0.1211,-1.5946,0.798,0.5533,0.04,0.8581,0.096,0.1281,0.0661,1
15.16,-0.1063,-1.3042,0.805,0.557,0.039,0.8553,0.0975,0.1279,0.0672,1
15.18,-0.3738,-0.9762,0.9142,0.5559,0.0363,0.852,0.0979,0.1278,0.0743,1
15.2,-0.4257,-0.6631,0.7136,0.5534,0.0377,0.8528,0.0976,0.1283,0.0602,1
15.22,-0.2794,-0.1528,0.5248,0.5553,0.0445,0.8537,0.0954,0.1308,0.0602,1
15.24,-0.5214,0.4373,0.4667,0.5574,0.0385,0.858,0.094,0.129,0.0495,1
15.26,-0.4492,0.5484,0.3836,0.5553,0.0357,0.8556,0.0921,0.129,0.0487,1
15.28,-0.2652,0.4086,0.5549,0.5512,0.0366,0.8527,0.0913,0.128,0.0509,1
15.3,-0.2465,0.0675,0.7777,0.5497,0.0365,0.8542,0.0929,0.1257,0.0564,1
15.32,-0.4248,-0.6781,0.426,0.5535,0.0327,0.8578,0.0956,0.1262,0.0719,1
15.34,-0.5113,-0.9968,0.168,0.5558,0.0386,0.8565,0.095,0.1289,0.0473,1
15.36,-0.403,-0.3995,0.51,0.5499,0.0387,0.8551,0.0915,0.1287,0.0565,1
15.38,-0.2472,-0.1398,0.5682,0.5506,0.0348,0.8535,0.0935,0.1301,0.0313,1
15.4,-0.2245,-0.4074,0.5377,0.552,0.0341,0.8515,0.0955,0.1297,0.0063,1
15.42,-0.3054,-0.6804,0.4472,0.5521,0.0347,0.853,0.0957,0.1288,0.0,1
15.44,-0.3184,-0.3596,0.2383,0.5531,0.0316,0.8584,0.095,0.1303,0.0,1
15.46,-0.167,0.0323,0.3068,0.5544,0.0337,0.8489,0.092,0.1275,0.0,1
15.48,-0.2642,-0.0353,-0.1425,0.5549,0.0355,0.8572,0.0923,0.1327,0.0031,1
15.5,-0.3817,0.578,-0.0642,0.5547,0.0391,0.8567,0.0911,0.1324,0.0053,1
15.52,-0.5679,0.7719,0.171,0.5539,0.0405,0.8556,0.092,0.1312,0.0,1
15.54,-0.4731,0.2222,0.3267,0.5565,0.0383,0.8557,0.0931,0.1296,0.0,1
15.56,-0.0395,-0.7516,0.4256,0.5618,0.0345,0.8556,0.0923,0.127,0.0,1
15.58,-0.1942,-1.5084,0.7697,0.5574,0.0354,0.8546,0.0921,0.127,0.0004,1
15.6,-0.4026,-0.654,0.6502,0.5562,0.0348,0.8532,0.0909,0.131,0.0199,1
15.62,-0.1244,-0.5183,0.5172,0.5516,0.0373,0.8524,0.0927,0.1298,0.0,1
15.64,-0.0173,-0.3243,0.4991,0.549,0.0326,0.852,0.0928,0.128,0.0,1
15.66,-0.0072,0.0483,0.413,0.5485,0.0313,0.8508,0.0925,0.1273,0.0,1
15.68,-0.0044,0.2642,0.2531,0.5499,0.0377,0.8502,0.0929,0.128,0.0,1
15.7,-0.2407,-0.1803,0.3886,0.5556,0.0369,0.8542,0.0918,0.1295,0.0,1
15.72,-0.2741,-0.2533,0.5728,0.5563,0.0349,0.8522,0.092,0.1288,0.0,1
15.74,-0.3495,-0.0644,0.3729,0.5535,0.0402,0.8534,0.0928,0.1274,0.0067,1
15.76,-0.3,-0.0649,0.4553,0.5517,0.0386,0.8506,0.0933,0.1279,0.0054,1
15.78,-0.172,-0.4906,0.4789,0.5535,0.0332,0.8507,0.0935,0.1291,0.0,1
15.8,-0.1505,-0.8966,0.3387,0.5569,0.0315,0.8531,0.0933,0.1285,0.0,1
15.82,-0.3635,-0.5168,0.3838,0.5571,0.0379,0.8481,0.0925,0.1254,0.0,1
15.84,0.059,-1.0051,0.4041,0.5587,0.0348,0.8481,0.0932,0.1273,0.0022,1
15.86,0.0256,-1.0219,0.0905,0.5577,0.0338,0.8521,0.0903,0.1316,0.0,1
15.88,0.0083,-0.29,0.1124,0.5586,0.0354,0.8528,0.0904,0.132,0.0075,1
15.9,-0.0376,0.1592,0.2598,0.5579,0.0371,0.8523,0.0913,0.131,0.0019,1
15.92,-0.0256,-0.0826,0.3409,0.5552,0.0386,0.8527,0.0918,0.1302,0.0,1
15.94,0.1671,-0.5464,0.3503,0.553,0.0395,0.8544,0.0929,0.1291,0.0,1
15.96,0.0435,-0.2479,0.4696,0.5536,0.0298,0.8572,0.0933,0.1274,0.0094,1
15.98,-0.2158,-0.3456,0.3995,0.5532,0.0383,0.8566,0.0931,0.1295,0.0,1
16.0,-0.2287,0.014,0.5954,0.5536,0.0402,0.8583,0.0914,0.1308,0.0277,1
16.02,-0.2322,0.1451,0.5832,0.5524,0.0335,0.8595,0.0915,0.1299,0.0519,1
16.04,-0.2132,0.0169,0.364,0.5524,0.0291,0.8582,0.0931,0.1297,0.0598,1
16.06,-0.0481,0.0542,0.2895,0.5562,0.0367,0.8552,0.094,0.1325,0.0629,1
16.08,0.0392,0.3122,0.5482,0.555,0.0364,0.856,0.0958,0.1314,0.0543,1
16.1,-0.2651,0.3089,0.303,0.5525,0.0375,0.8528,0.0935,0.1308,0.0679,1
16.12,-0.1279,0.3501,0.3413,0.5528,0.0388,0.8565,0.0928,0.1309,0.0679,1
16.14,-0.1949,0.4943,0.3096,0.5528,0.0403,0.8589,0.093,0.13,0.0813,1
16.16,-0.4479,0.6893,0.165,0.5531,0.0408,0.859,0.0937,0.1295,0.085,1
16.18,-0.5378,0.8302,0.0576,0.5545,0.0398,0.8587,0.0946,0.1307,0.061,1
16.2,-0.3712,0.8275,0.0779,0.552,0.0393,0.8542,0.0938,0.131,0.0771,1
16.22,-0.3374,0.679,0.3202,0.5503,0.0378,0.8523,0.0941,0.1302,0.0877,1
16.24,-0.3747,0.3691,0.2978,0.5517,0.0404,0.8521,0.0947,0.1281,0.0455,1
16.26,-0.4391,0.4026,0.2198,0.5537,0.0381,0.8541,0.0931,0.1275,0.0346,1
16.28,-0.4168,0.5757,0.2493,0.5553,0.0345,0.8558,0.0912,0.1277,0.0598,1
16.3,-0.3589,0.7243,0.3483,0.555,0.0362,0.8556,0.0917,0.1275,0.0827,1
16.32,-0.6709,1.4029,0.1602,0.5501,0.0428,0.8564,0.094,0.1279,0.0628,1
16.34,-0.2561,0.4803,-0.0763,0.5536,0.038,0.8564,0.0934,0.1278,0.0639,1
16.36,-0.1823,0.153,-0.1196,0.5528,0.0345,0.8562,0.0964,0.1292,0.063,1
16.38,-0.2049,0.3136,0.0363,0.5542,0.0347,0.8593,0.0974,0.1303,0.0742,1
16.4,-0.214,0.5403,0.2631,0.5544,0.0359,0.8596,0.0964,0.1286,0.0735,1
16.42,-0.1494,0.4753,0.5185,0.5512,0.0364,0.8551,0.095,0.1255,0.0566,1
16.44,0.0343,0.142,0.938,0.5504,0.04,0.8565,0.0937,0.1292,0.0718,1
16.46,-0.0673,0.7325,0.2882,0.5482,0.0335,0.8573,0.0947,0.1274,0.0758,1
16.48,-0.0747,1.0329,0.2088,0.5502,0.0349,0.8573,0.0983,0.132,0.076,1
16.5,-0.0968,0.8376,0.3727,0.5487,0.033,0.8599,0.0974,0.1304,0.0766,1
16.52,-0.0649,0.379,0.4268,0.5463,0.0335,0.8604,0.096,0.128,0.0703,1
16.54,0.0181,-0.1302,0.2896,0.5468,0.0367,0.8567,0.0968,0.1299,0.0619,1
16.56,-0.011,-0.6909,0.2683,0.5509,0.0302,0.8543,0.0956,0.1315,0.0743,1
16.58,0.0392,-0.6356,0.2994,0.5459,0.0384,0.8572,0.0956,0.1283,0.071,1
16.6,-0.1192,0.2823,0.2179,0.5513,0.037,0.8566,0.0966,0.1278,0.0542,1
16.62,-0.0453,0.6354,0.2344,0.5525,0.0388,0.8571,0.0968,0.128,0.0673,1
16.64,0.0281,0.7592,0.1779,0.5528,0.036,0.8573,0.097,0.1277,0.0737,1
16.66,-0.0203,0.9905,0.0432,0.5549,0.0311,0.8558,0.0969,0.127,0.0612,1
16.68,0.0277,1.0325,0.117,0.555,0.0417,0.8542,0.0953,0.1274,0.0701,1
16.7,-0.0741,0.4338,0.1558,0.5507,0.0393,0.857,0.0969,0.1276,0.0815,1
16.72,0.0894,0.2517,-0.1318,0.5475,0.0371,0.8571,0.0958,0.1282,0.0616,1
16.74,-0.0244,0.4419,-0.166,0.5516,0.0372,0.8582,0.0974,0.1285,0.0506,1
16.76,-0.0311,0.2902,0.1071,0.554,0.0397,0.8594,0.0982,0.1279,0.0596,1
16.78,0.0878,-0.3408,0.476,0.5522,0.0396,0.86,0.0967,0.1263,0.0746,1
16.8,-0.163,-0.7586,0.5857,0.554,0.0312,0.8605,0.0959,0.1252,0.0676,1
16.82,-0.1191,-0.3875,0.1384,0.5518,0.0436,0.8578,0.0955,0.128,0.0642,1
16.84,0.1201,-0.5158,0.18,0.5494,0.039,0.8589,0.0982,0.128,0.0796,1
16.86,0.0392,-0.0653,-0.1818,0.5488,0.0378,0.8556,0.097,0.1287,0.0724,1
16.88,-0.0858,0.0219,-0.1016,0.5489,0.0376,0.8528,0.0957,0.1272,0.0654,1
16.9,0.0154,-0.3026,0.3803,0.5484,0.0372,0.8542,0.0966,0.1247,0.0724,1
16.92,0.3379,-0.11,0.271,0.5478,0.039,0.8585,0.098,0.126,0.0835,1
16.94,0.2333,-0.6862,0.4723,0.5531,0.0378,0.8576,0.0976,0.1251,0.0806,1
16.96,0.2538,0.0343,0.4168,0.5536,0.0413,0.8554,0.0973,0.127,0.0578,1
16.98,0.3022,-0.2208,0.4722,0.5513,0.042,0.8569,0.0994,0.1277,0.0656,1
17.0,0.3353,-0.3871,0.4813,0.5509,0.038,0.8587,0.0995,0.1273,0.0653,1
17.02,0.1705,-0.1309,0.358,0.5512,0.0355,0.8592,0.0978,0.1281,0.0613,1
17.04,-0.2993,-0.1824,0.1609,0.5475,0.0428,0.8589,0.0978,0.132,0.0904,1
17.06,-0.0853,-0.6681,-0.0675,0.5518,0.0471,0.8544,0.093,0.1296,0.0771,1
17.08,-0.0329,-0.3937,0.078,0.5507,0.0436,0.8566,0.0933,0.129,0.0612,1
17.1,-0.1293,-0.3909,-0.1944,0.5505,0.0473,0.8562,0.0939,0.129,0.0665,1
17.12,-0.2303,-0.3516,-0.1125,0.5516,0.046,0.8563,0.0937,0.1275,0.0694,1
17.14,-0.2813,-0.1878,0.2355,0.5526,0.0382,0.8561,0.0925,0.1267,0.0564,1
17.16,-0.3039,-0.1264,0.1807,0.5512,0.0339,0.8531,0.0917,0.1299,0.0359,1
17.18,-0.2267,-0.3391,0.4645,0.5491,0.041,0.8553,0.0971,0.1292,0.0491,1
17.2,-0.3352,-0.0748,0.417,0.5498,0.0447,0.8544,0.0939,0.1303,0.0475,1
17.22,-0.3925,-0.2358,0.4873,0.5511,0.0408,0.8571,0.0929,0.1315,0.0624,1
17.24,-0.2155,-0.5449,0.5061,0.5535,0.0374,0.8589,0.0932,0.1288,0.0762,1
17.26,0.1186,-0.6322,0.6219,0.5549,0.0374,0.8577,0.0945,0.1248,0.0774,1
17.28,0.3148,-0.4298,1.0751,0.5534,0.038,0.8556,0.0953,0.1251,0.0709,1
17.3,-0.0265,-0.8827,1.391,0.5534,0.0353,0.8597,0.0893,0.126,0.0879,1
17.32,-0.2174,-0.5368,0.9965,0.5507,0.0305,0.8568,0.0932,0.1274,0.0615,1
17.34,0.1421,-0.3306,1.1305,0.5495,0.0366,0.8527,0.0938,0.1273,0.0648,1
17.36,0.2612,-0.4172,0.9309,0.5467,0.0415,0.8507,0.0925,0.1294,0.066,1
17.38,0.0232,-0.7789,0.5863,0.5454,0.0403,0.8526,0.0923,0.1307,0.0481,1
17.4,-0.1648,-1.1584,0.7115,0.5503,0.0362,0.8567,0.0943,0.1274,0.0221,1
17.42,0.0582,-0.7863,0.635,0.5556,0.0373,0.8533,0.094,0.1297,0.0335,1
17.44,0.2877,-0.6943,0.6748,0.5516,0.0355,0.8531,0.0926,0.1249,0.0561,1
17.46,0.1878,-0.2711,0.4884,0.5544,0.0364,0.8536,0.0944,0.1265,0.0697,1
17.48,-0.0148,0.0476,0.3111,0.556,0.0409,0.855,0.0947,0.1291,0.0623,1
17.5,-0.1933,0.0187,0.3805,0.5552,0.0412,0.8565,0.0927,0.1287,0.0553,1
17.52,-0.2846,-0.2834,0.6173,0.5554,0.0324,0.8568,0.0909,0.1257,0.0675,1
17.54,-0.1666,-0.3734,0.1647,0.56,0.0319,0.8541,0.0926,0.1281,0.059,1
17.56,-0.4936,-0.2271,0.0267,0.5531,0.0343,0.8523,0.0917,0.1289,0.0552,1
17.58,-0.5456,-0.0439,-0.0334,0.5543,0.0338,0.8526,0.0921,0.129,0.0003,1
17.6,-0.4558,-0.0206,0.0332,0.5563,0.0354,0.8518,0.0921,0.1281,0.0,1
17.62,-0.3076,-0.122,0.0989,0.5569,0.037,0.8503,0.0915,0.1268,0.0,1
17.64,-0.1806,-0.1541,0.0853,0.5575,0.0355,0.8504,0.0907,0.1268,0.0,1
17.66,-0.2336,0.1402,0.239,0.5597,0.0336,0.8535,0.0899,0.1303,0.0,1
17.68,0.0018,0.0758,0.3702,0.5552,0.0349,0.8482,0.0925,0.1265,0.0,1
17.7,0.2995,0.2353,0.2084,0.5553,0.035,0.8541,0.0908,0.1272,0.0134,1
17.72,0.3139,0.7004,0.4237,0.5535,0.0356,0.8555,0.0902,0.1263,0.0201,1
17.74,0.1645,0.9443,0.6811,0.5518,0.0362,0.8542,0.0909,0.1263,0.0358,1
17.76,0.1495,0.643,0.6242,0.5535,0.0373,0.8553,0.0919,0.1291,0.0675,1
17.78,0.4553,0.3784,0.7336,0.5569,0.0425,0.8546,0.0942,0.1289,0.054,1
17.8,0.2537,0.5025,0.4948,0.5514,0.0376,0.8551,0.0924,0.128,0.0555,1
17.82,0.1016,0.4757,0.3805,0.5537,0.0372,0.8571,0.0919,0.1286,0.0593,1
17.84,0.0512,0.5575,0.3919,0.5541,0.0383,0.8552,0.0931,0.1281,0.0616,1
17.86,0.105,0.4561,0.5155,0.5536,0.0392,0.8539,0.0937,0.1278,0.0642,1
17.88,0.1557,0.0356,0.5721,0.5541,0.0386,0.856,0.0929,0.1284,0.0646,1
17.9,-0.004,-0.2619,0.1863,0.5529,0.0364,0.8557,0.0939,0.1279,0.0519,1
17.92,0.1335,-0.1339,-0.1864,0.5525,0.0425,0.8566,0.0909,0.1295,0.0643,1
17.94,-0.0211,-0.0357,-0.1609,0.5558,0.0386,0.8542,0.0929,0.1303,0.0627,1
17.96,-0.299,0.4137,0.0057,0.5561,0.0411,0.8539,0.0944,0.1312,0.0671,1
17.98,-0.4306,0.7633,0.1164,0.5545,0.0413,0.8559,0.0944,0.1307,0.0721,1
18.0,-0.3529,0.7019,0.1397,0.5539,0.0368,0.8579,0.0939,0.1299,0.073,1
18.02,-0.3221,0.4915,0.1975,0.5547,0.0405,0.8572,0.0946,0.1329,0.0763,1
18.04,-0.5671,0.7698,-0.1583,0.5493,0.0339,0.8529,0.0959,0.1291,0.105,1
18.06,-0.5037,0.2971,-0.0514,0.5522,0.0336,0.8508,0.0943,0.1278,0.0813,1
18.08,-0.145,0.1592,-0.0214,0.5563,0.0362,0.8516,0.0952,0.1293,0.0764,1
18.1,0.1202,0.1626,0.2401,0.5581,0.0424,0.852,0.0958,0.131,0.0711,1
18.12,0.1691,-0.0113,0.6932,0.5577,0.0485,0.8517,0.0955,0.1317,0.0602,1
18.14,0.2137,-0.4326,0.7931,0.5573,0.0469,0.8543,0.0974,0.1325,0.0693,1
18.16,0.0205,-0.773,0.4705,0.5528,0.0413,0.8583,0.0974,0.131,0.087,1
18.18,-0.217,0.4339,0.3236,0.5545,0.0397,0.8525,0.0953,0.1319,0.1071,1
18.2,-0.1488,0.7132,0.0897,0.5555,0.0426,0.8529,0.0934,0.1299,0.0803,1
18.22,-0.1297,0.5433,-0.0769,0.5551,0.0397,0.8553,0.0956,0.1281,0.0617,1
18.24,-0.1879,0.3297,-0.0079,0.5529,0.0364,0.8555,0.0988,0.1284,0.0707,1
18.26,-0.1019,0.055,0.3163,0.5493,0.0447,0.8533,0.0962,0.1296,0.0806,1
18.28,-0.2684,-0.0625,0.4982,0.5496,0.0413,0.8537,0.0953,0.127,0.0666,1
18.3,-0.0281,-0.2276,0.2612,0.5542,0.0399,0.8546,0.096,0.1283,0.0782,1
18.32,-0.1668,-0.3462,0.1626,0.555,0.0364,0.8552,0.0954,0.1308,0.0563,1
18.34,-0.3335,0.0571,0.2862,0.5533,0.0341,0.8533,0.0955,0.1309,0.0587,1
18.36,-0.3324,0.5834,0.5333,0.5517,0.0355,0.8528,0.0956,0.1289,0.0732,1
18.38,-0.1873,0.4822,0.6176,0.5518,0.039,0.8571,0.0943,0.1273,0.0641,1
18.4,-0.0151,-0.2107,-0.0138,0.5523,0.0358,0.8564,0.0934,0.1285,0.093,1
18.42,-0.3847,0.0691,0.1265,0.5528,0.0421,0.8555,0.0974,0.1307,0.0612,1
18.44,-0.6235,0.0505,0.0753,0.5562,0.0404,0.8551,0.0965,0.1315,0.0687,1
18.46,-0.4999,0.3004,0.2137,0.5542,0.0358,0.856,0.0961,0.1315,0.0792,1
18.48,-0.3661,0.6553,0.3829,0.5507,0.0326,0.8566,0.0962,0.1312,0.0808,1
18.5,-0.3742,0.9859,0.3728,0.5511,0.0319,0.8559,0.0956,0.1309,0.0805,1
18.52,0.2607,1.9837,0.4698,0.5511,0.0304,0.8554,0.0969,0.1299,0.0911,1
18.54,0.1966,1.3328,0.4803,0.5509,0.0328,0.8563,0.0952,0.1288,0.0758,1
18.56,0.319,0.2643,0.3914,0.5481,0.0365,0.854,0.095,0.1315,0.0589,1
18.58,0.3816,-0.8606,0.1346,0.5449,0.0373,0.8556,0.0956,0.1338,0.0532,1
18.6,0.2668,-1.2686,0.2434,0.5446,0.0387,0.8579,0.0956,0.1332,0.058,1
18.62,0.1017,-0.7793,0.6379,0.5479,0.0415,0.8574,0.0947,0.1308,0.0619,1
18.64,0.2064,-0.2295,0.2768,0.5503,0.04,0.8553,0.0943,0.1315,0.0517,1
18.66,0.048,-0.0926,0.3035,0.5516,0.0436,0.854,0.0965,0.1344,0.0822,1
18.68,-0.0949,-1.9725,0.0312,0.5495,0.0358,0.8549,0.096,0.1309,0.0628,1
18.7,-0.0806,-2.8163,-0.0843,0.552,0.0369,0.8554,0.0956,0.1312,0.0684,1
18.72,-0.016,-2.6469,-0.1906,0.5551,0.0416,0.8549,0.0968,0.1322,0.0721,1
18.74,0.0692,-1.6135,-0.323,0.5579,0.0434,0.8547,0.0976,0.1316,0.0634,1
18.76,0.1887,0.2279,-0.2921,0.5614,0.0411,0.8561,0.0955,0.131,0.0631,1
18.78,-0.1179,0.6323,0.0176,0.5527,0.0401,0.8566,0.0965,0.129,0.058,1
18.8,-0.239,0.577,0.0903,0.5552,0.041,0.8541,0.0973,0.1315,0.0781,1
18.82,-0.2873,-0.1217,0.2397,0.5568,0.0413,0.8549,0.0963,0.1287,0.0755,1
18.84,-0.1906,-0.8089,0.3437,0.5575,0.0375,0.8553,0.0962,0.1281,0.0539,1
18.86,-0.2119,-0.9373,0.3828,0.5566,0.0344,0.8542,0.097,0.1289,0.04,1
18.88,-0.5045,-0.4516,0.3972,0.5545,0.0372,0.8519,0.0967,0.1273,0.0509,1
18.9,-0.31,-0.1626,0.3157,0.5576,0.0367,0.8463,0.0932,0.1299,0.0457,1
18.92,-0.0771,-0.2176,0.4859,0.5578,0.0411,0.8468,0.094,0.1282,0.0891,1
18.94,0.212,-1.079,0.665,0.5563,0.0421,0.8507,0.093,0.1262,0.0803,1
18.96,0.3574,-0.9349,0.7045,0.5558,0.0388,0.8561,0.0932,0.1284,0.0665,1
18.98,0.2844,-0.0556,0.8473,0.5569,0.0378,0.8577,0.094,0.1313,0.064,1
19.0,0.0245,0.5515,1.107,0.559,0.0416,0.8541,0.0945,0.1317,0.0696,1
19.02,-0.3098,0.361,0.9266,0.5596,0.0415,0.8517,0.0956,0.1314,0.0736,1
19.04,-0.5012,0.1884,0.4736,0.5579,0.0383,0.8521,0.0928,0.1278,0.0672,1
19.06,-0.5478,0.2266,0.7913,0.5503,0.0378,0.8548,0.0942,0.128,0.0742,1
19.08,-0.2647,0.3624,0.6908,0.5524,0.0375,0.8543,0.0934,0.1304,0.0808,1
19.1,-0.1699,-0.0747,0.7243,0.5544,0.0391,0.8544,0.0928,0.1308,0.0771,1
19.12,-0.2857,-0.4339,1.0095,0.554,0.0411,0.8558,0.093,0.1289,0.0679,1
19.14,-0.1739,0.4703,0.9615,0.5576,0.0406,0.8556,0.0919,0.1283,0.0676,1
19.16,-0.2709,-0.0802,0.5138,0.55,0.0458,0.8562,0.094,0.1282,0.0779,1
19.18,-0.116,-0.6329,0.5519,0.5539,0.0375,0.8553,0.0937,0.1295,0.0726,1
19.2,-0.417,-0.4009,0.801,0.5559,0.0393,0.8552,0.0928,0.1288,0.0766,1
19.22,-0.4912,0.1079,0.9429,0.556,0.0395,0.8524,0.0923,0.1303,0.0705,1
19.24,-0.401,0.3728,0.8401,0.5555,0.0381,0.8515,0.0919,0.1321,0.0651,1
19.26,-0.4461,0.2806,0.6376,0.5549,0.0388,0.8554,0.0913,0.1309,0.0727,1
19.28,-0.3616,0.364,0.7747,0.5535,0.0359,0.854,0.0925,0.1288,0.068,1
19.3,-0.2687,-0.4814,0.6939,0.5535,0.0402,0.8514,0.0931,0.1311,0.0676,1
19.32,-0.2967,-1.0216,0.5858,0.5544,0.0388,0.8522,0.0913,0.1315,0.0106,1
19.34,-0.3502,-1.0556,0.579,0.5555,0.0359,0.8562,0.0924,0.1304,0.002,1
19.36,-0.3849,-0.7647,0.485,0.556,0.0361,0.8553,0.0923,0.128,0.0121,1
19.38,-0.3997,-0.4521,0.3319,0.5555,0.038,0.8492,0.0903,0.1271,0.0064,1
19.4,-0.4328,-0.3765,0.4009,0.5546,0.0357,0.8476,0.0913,0.1305,0.0,1
19.42,-0.5654,-0.6454,0.4442,0.5594,0.0315,0.8555,0.0902,0.1297,0.0,1
19.44,-0.3844,0.091,0.3714,0.5595,0.039,0.856,0.0917,0.1296,0.0,1
19.46,-0.1672,0.3389,0.4606,0.5567,0.036,0.8526,0.0923,0.1314,0.0,1
19.48,-0.0619,0.3558,0.5009,0.5564,0.0323,0.8502,0.092,0.1334,0.0,1
19.5,-0.1259,0.2721,0.4827,0.5568,0.033,0.8516,0.0921,0.1328,0.0,1
19.52,-0.2302,0.1054,0.4525,0.5558,0.0367,0.8551,0.0932,0.1301,0.0,1
19.54,-0.0201,0.0263,0.2641,0.5597,0.0392,0.8537,0.0931,0.1316,0.0186,1
19.56,-0.156,0.5503,0.1369,0.5526,0.0389,0.8544,0.0924,0.13,0.0,1
19.58,-0.0143,0.4989,0.0683,0.5532,0.0383,0.8489,0.0916,0.1281,0.0,1
19.6,0.3264,0.4376,0.1691,0.5546,0.0399,0.8496,0.0929,0.1288,0.0173,1
19.62,0.2331,0.3066,0.0878,0.556,0.0364,0.8555,0.0931,0.1298,0.0469,1
19.64,-0.2036,0.0407,-0.1743,0.5566,0.0313,0.859,0.0916,0.1304,0.0548,1
19.66,-0.274,-0.268,-0.204,0.5549,0.0357,0.855,0.0915,0.1325,0.0358,1
19.68,-0.432,-0.5883,0.0718,0.5561,0.0359,0.8556,0.0925,0.1327,0.0487,1
19.7,-0.2219,0.6592,-0.1992,0.5548,0.0368,0.8546,0.0926,0.1304,0.0722,1
19.72,-0.1233,0.8434,-0.4412,0.5583,0.0348,0.8556,0.0926,0.1298,0.0745,1
19.74,-0.1856,0.8718,-0.4276,0.5566,0.0326,0.8565,0.0922,0.1302,0.0661,1
19.76,-0.2414,1.1554,-0.2586,0.5548,0.0333,0.8577,0.0921,0.1305,0.0643,1
19.78,-0.1737,1.333,-0.0461,0.557,0.0374,0.8579,0.0934,0.1304,0.0644,1
19.8,-0.1206,0.5731,0.2343,0.5551,0.0413,0.8536,0.0971,0.1307,0.0361,1
19.82,-0.4497,-0.4432,-0.3064,0.556,0.0433,0.8602,0.094,0.1312,0.0539,1
19.84,-0.4785,0.3563,-0.3878,0.5544,0.0336,0.8567,0.0944,0.1292,0.0692,1
19.86,-0.4107,0.9858,-0.347,0.5536,0.0371,0.8532,0.0949,0.1285,0.0671,1
19.88,-0.2136,1.0541,-0.3241,0.5519,0.0372,0.8545,0.0948,0.1268,0.0768,1
19.9,-0.031,0.6578,-0.036,0.5491,0.0366,0.8571,0.0944,0.1263,0.0809,1
19.92,0.0249,0.0056,0.529,0.548,0.0434,0.8569,0.0944,0.1289,0.0636,1
19.94,0.2204,-0.8077,0.2,0.5533,0.0368,0.8606,0.0956,0.1264,0.095,1
19.96,-0.2766,0.4253,-0.1795,0.5505,0.043,0.8545,0.096,0.1255,0.0719,1
19.98,-0.3209,0.5552,-0.1335,0.5503,0.0435,0.8527,0.0969,0.1258,0.0554,1
20.0,-0.3167,0.2166,-0.1822,0.5512,0.0416,0.8553,0.0973,0.1282,0.0537,1
20.02,-0.4473,0.0307,0.1427,0.5542,0.0376,0.8558,0.0967,0.1298,0.0536,1
20.04,-0.5539,-0.0134,0.4948,0.5575,0.0341,0.8532,0.0953,0.1284,0.0513,1
20.06,-0.3891,-0.1619,0.1627,0.5572,0.0339,0.8524,0.0941,0.1254,0.0588,1
20.08,-0.2637,0.4994,0.4817,0.5539,0.0334,0.8528,0.0948,0.1266,0.0878,1
20.1,-0.2365,0.5963,0.3451,0.5507,0.0343,0.8595,0.093,0.1259,0.059,1
20.12,-0.1906,0.4082,0.523,0.547,0.0397,0.8584,0.094,0.1266,0.0609,1
20.14,-0.07,0.2218,0.5259,0.5507,0.0375,0.8567,0.0963,0.1277,0.0634,1
20.16,-0.0069,0.2679,0.4978,0.5559,0.0341,0.8553,0.0974,0.1272,0.0719,1
20.18,-0.0529,0.4705,0.5829,0.5561,0.0347,0.8538,0.097,0.1272,0.0868,1
20.2,-0.0925,0.5481,0.6157,0.5525,0.0352,0.8536,0.0975,0.1302,0.0918,1
20.22,-0.0168,0.6589,0.268,0.5541,0.0329,0.8559,0.0951,0.1242,0.0856,1
20.24,-0.1985,0.4322,0.3966,0.5502,0.0332,0.8576,0.0969,0.1249,0.0662,1
20.26,-0.2543,0.7813,0.3344,0.5458,0.0351,0.8559,0.095,0.1282,0.0616,1
20.28,-0.1386,0.7872,0.4375,0.5459,0.0362,0.8552,0.0943,0.1279,0.072,1
20.3,-0.0566,0.3661,0.4798,0.5491,0.0358,0.8581,0.0956,0.127,0.084,1
20.32,-0.0653,0.1951,0.3436,0.5505,0.0357,0.8612,0.0982,0.1265,0.0874,1
20.34,0.0183,0.8484,0.2448,0.5468,0.0379,0.8583,0.1003,0.1236,0.0814,1
20.36,0.0948,0.4658,-0.1386,0.5493,0.0392,0.8538,0.0978,0.1266,0.0605,1
20.38,0.0978,-0.3271,0.0805,0.548,0.035,0.8567,0.0968,0.1273,0.0565,1
20.4,-0.0819,-0.3868,0.1572,0.5499,0.0395,0.8565,0.0964,0.1271,0.0556,1
20.42,-0.1887,-0.3329,0.3733,0.5498,0.0409,0.8552,0.0967,0.1292,0.063,1
20.44,-0.1492,-0.0658,0.6334,0.5488,0.0404,0.8563,0.0973,0.1298,0.0777,1
20.46,-0.0195,0.1093,0.7238,0.5497,0.0392,0.8604,0.0972,0.1286,0.0801,1
20.48,0.0687,-0.5302,0.6234,0.5519,0.0344,0.8635,0.0958,0.13,0.056,1
20.5,-0.1329,-0.6602,0.7756,0.5465,0.0323,0.8561,0.0957,0.1282,0.0907,1
20.52,0.0368,-0.7355,0.5428,0.5421,0.04,0.8562,0.0954,0.1268,0.0874,1
20.54,0.2198,-0.0821,0.2593,0.5465,0.0385,0.857,0.0967,0.127,0.0723,1
20.56,0.246,0.1047,0.2959,0.549,0.0396,0.8534,0.0959,0.1276,0.063,1
20.58,0.3323,-0.3799,0.593,0.5509,0.0373,0.8535,0.0966,0.128,0.0666,1
20.6,0.4534,-0.9991,0.8944,0.5537,0.0338,0.8593,0.0979,0.1274,0.0711,1
20.62,0.2902,-1.1683,0.948,0.5551,0.0392,0.8621,0.0946,0.1253,0.0629,1
20.64,-0.007,-1.3074,0.5989,0.5552,0.0336,0.8617,0.0976,0.1252,0.0801,1
20.66,-0.1132,0.0729,0.2994,0.5527,0.0337,0.8554,0.0972,0.1263,0.0735,1
20.68,0.0008,0.0582,0.4606,0.5535,0.0412,0.8558,0.0988,0.1274,0.0799,1
20.7,0.1015,-0.0011,0.4056,0.5552,0.0407,0.8526,0.0981,0.1287,0.0714,1
20.72,0.0005,-0.1637,0.3252,0.5543,0.0413,0.85,0.0975,0.129,0.0647,1
20.74,-0.0832,-0.6396,0.3914,0.5523,0.0443,0.8517,0.097,0.1292,0.0677,1
20.76,0.0985,-1.1394,0.4349,0.5539,0.0418,0.8555,0.095,0.1305,0.0705,1
20.78,0.0035,-0.9016,0.1674,0.5579,0.0386,0.8576,0.0945,0.1312,0.0729,1
20.8,-0.3047,-0.4815,0.2583,0.5521,0.0357,0.8518,0.0958,0.1284,0.0761,1
20.82,-0.1363,-0.4475,0.3225,0.5527,0.0444,0.853,0.0942,0.1271,0.0647,1
20.84,-0.1158,0.0525,0.1366,0.5532,0.0429,0.8573,0.0952,0.1271,0.0626,1
20.86,-0.347,0.4019,0.1456,0.551,0.0409,0.8563,0.0951,0.1295,0.0699,1
20.88,-0.5407,0.434,0.2871,0.5504,0.0423,0.8543,0.0929,0.1305,0.0741,1
20.9,-0.5184,0.1767,0.2492,0.554,0.0419,0.8573,0.092,0.1286,0.0693,1
20.92,-0.5421,-0.6264,0.1235,0.5557,0.0354,0.8587,0.0958,0.1307,0.067,1
20.94,-0.1179,-0.1528,0.401,0.5551,0.0374,0.8612,0.0979,0.1268,0.0533,1
20.96,-0.0683,-0.2203,0.7133,0.5564,0.0318,0.8577,0.0964,0.1268,0.0598,1
20.98,-0.0436,-0.5032,0.7173,0.5533,0.0326,0.856,0.0936,0.1264,0.0643,1
21.0,-0.0533,-0.7924,0.7497,0.5522,0.0341,0.8548,0.0913,0.1273,0.0687,1
21.02,-0.097,-0.7538,0.7706,0.5514,0.0335,0.8535,0.091,0.128,0.0672,1
21.04,-0.0358,-0.4578,0.7225,0.5514,0.033,0.8534,0.0907,0.1281,0.0604,1
21.06,0.19,-0.2634,0.6564,0.5553,0.0358,0.8552,0.088,0.1297,0.0589,1
21.08,-0.03,0.2376,0.3072,0.5511,0.0364,0.8559,0.0906,0.1304,0.0613,1
21.1,-0.2687,0.3588,0.4556,0.5506,0.0375,0.8574,0.0948,0.132,0.0907,1
21.12,-0.1658,-0.6332,0.1812,0.5513,0.0334,0.8529,0.0945,0.1311,0.0665,1
21.14,-0.0832,-0.838,0.497,0.5542,0.0393,0.8539,0.0906,0.1309,0.0697,1
21.16,-0.2326,-0.5464,0.7492,0.5541,0.039,0.8538,0.0886,0.1289,0.072,1
21.18,-0.4934,-0.3106,0.632,0.5519,0.0348,0.8526,0.0906,0.128,0.0697,1
21.2,-0.5613,-0.1708,0.4247,0.5519,0.036,0.8536,0.0928,0.1296,0.0755,1
21.22,-0.3046,0.1288,0.424,0.5541,0.0345,0.8534,0.0891,0.1272,0.0726,1
21.24,-0.308,-0.6806,0.5278,0.5568,0.0309,0.8481,0.0921,0.1294,0.0601,1
21.26,-0.0954,-0.8544,0.3883,0.5585,0.0333,0.8514,0.0917,0.1329,0.0377,1
21.28,0.08,-0.5667,0.2628,0.5552,0.0281,0.853,0.0921,0.1297,0.0002,1
21.3,0.0746,-0.1979,0.3014,0.5545,0.0294,0.8541,0.0918,0.1293,0.0,1
21.32,-0.1637,-0.7297,0.1789,0.5574,0.0337,0.8544,0.0908,0.1306,0.0,1
21.34,-0.4064,-1.253,-0.1349,0.5585,0.0368,0.8543,0.0903,0.1289,0.0,1
21.36,-0.3912,-0.4789,-0.2947,0.5561,0.0385,0.8537,0.0912,0.1251,0.0019,1
21.38,-0.2513,-0.2671,-0.0996,0.5607,0.0383,0.8502,0.0918,0.1289,0.0,1
21.4,0.1271,-0.4976,0.4596,0.5577,0.0391,0.8604,0.0905,0.1297,0.0,1
21.42,-0.0952,-0.0407,0.6715,0.5623,0.0382,0.8583,0.0931,0.1303,0.0,1
21.44,-0.1908,0.6418,0.5601,0.5538,0.0352,0.8536,0.0913,0.1306,0.0,1
21.46,-0.022,0.5423,0.3005,0.551,0.0321,0.8507,0.091,0.1317,0.0,1
21.48,0.1804,0.0031,0.1385,0.5509,0.0304,0.8509,0.093,0.1319,0.0006,1
21.5,0.1869,-0.4248,0.3076,0.5505,0.0319,0.8525,0.0938,0.1316,0.0306,1
21.52,-0.0079,-0.6485,0.6291,0.5539,0.0361,0.8528,0.0917,0.1319,0.044,1
21.54,-0.1862,-0.6516,0.2258,0.5551,0.0365,0.8508,0.0917,0.1286,0.0542,1
21.56,0.1944,-0.0779,0.3577,0.5525,0.0345,0.8459,0.0906,0.127,0.0656,1
21.58,-0.1248,0.7926,-0.029,0.5546,0.0377,0.8518,0.0905,0.1277,0.0748,1
21.6,-0.0751,1.2741,0.0943,0.5544,0.0364,0.8521,0.0926,0.1297,0.0637,1
21.62,-0.065,0.8903,0.0625,0.5557,0.0374,0.8531,0.0918,0.1296,0.061,1
21.64,0.0334,0.3834,0.0563,0.5585,0.0406,0.854,0.0925,0.1297,0.0677,1
21.66,0.1398,-0.0788,0.1448,0.56,0.0415,0.8526,0.0934,0.1309,0.0663,1
21.68,-0.0527,-0.5955,0.0322,0.5593,0.0381,0.852,0.0906,0.1309,0.0509,1
21.7,-0.2459,0.1542,-0.1596,0.5593,0.0365,0.8576,0.0933,0.1299,0.0468,1
21.72,-0.0041,0.7187,-0.0724,0.559,0.0352,0.8546,0.0933,0.1274,0.0521,1
21.74,-0.0962,0.612,0.3243,0.5523,0.0331,0.8582,0.0929,0.1306,0.0424,1
21.76,-0.2039,0.7254,0.5037,0.5508,0.0392,0.8573,0.0944,0.13,0.0623,1
21.78,-0.2405,0.4892,0.572,0.5508,0.0384,0.8524,0.0942,0.1287,0.0723,1
21.8,-0.2086,-0.0009,0.4033,0.5544,0.035,0.85,0.095,0.1292,0.0758,1
21.82,-0.1351,-0.2843,0.2855,0.5561,0.035,0.8524,0.0957,0.1309,0.0786,1
21.84,-0.1196,-0.2344,0.4079,0.5522,0.0375,0.855,0.095,0.1316,0.0743,1
21.86,-0.2823,-0.2438,0.266,0.5524,0.0386,0.8521,0.0974,0.1306,0.0633,1
21.88,-0.2375,0.202,0.3135,0.5535,0.0394,0.8537,0.0956,0.1256,0.0726,1
21.9,-0.0346,0.3399,0.2446,0.5536,0.0397,0.8545,0.0979,0.1288,0.0603,1
21.92,-0.124,0.2633,0.367,0.5535,0.0383,0.8536,0.0945,0.1288,0.0905,1
21.94,-0.1593,0.6213,0.1977,0.5569,0.0345,0.8517,0.0936,0.1269,0.0659,1
21.96,-0.2018,0.4417,0.1343,0.5576,0.0365,0.8518,0.0959,0.1272,0.0663,1
21.98,-0.3091,0.032,0.27,0.5545,0.0405,0.8506,0.0978,0.1299,0.0705,1
22.0,-0.3547,-0.1606,0.3504,0.5527,0.0401,0.8477,0.0978,0.1313,0.0547,1
22.02,-0.2611,-0.4873,0.2819,0.5551,0.038,0.8489,0.0968,0.1294,0.0636,1
22.04,-0.3779,-0.7777,0.4567,0.5541,0.0396,0.8524,0.0945,0.1298,0.0698,1
22.06,-0.0171,-0.7727,0.2449,0.559,0.0327,0.8568,0.0953,0.1308,0.0589,1
22.08,-0.1578,0.2408,0.4024,0.5581,0.0343,0.8496,0.0978,0.1322,0.0796,1
22.1,0.005,0.3549,0.1783,0.5543,0.0346,0.8489,0.0971,0.1299,0.0542,1
22.12,0.0432,0.3487,-0.0685,0.5524,0.0339,0.853,0.0976,0.1282,0.0742,1
22.14,-0.2307,0.2567,-0.1392,0.5529,0.0331,0.8544,0.0971,0.1282,0.0963,1
22.16,-0.3476,0.0413,0.0645,0.5537,0.0361,0.8545,0.0966,0.1294,0.0777,1
22.18,-0.0882,-0.0671,0.4079,0.5547,0.0408,0.8566,0.0971,0.1295,0.0518,1
22.2,-0.0178,0.0407,0.5266,0.5575,0.0369,0.8575,0.0959,0.1265,0.0707,1
22.22,-0.1706,-0.2188,0.3717,0.5584,0.0288,0.8563,0.0975,0.1273,0.0663,1
22.24,-0.4737,0.3861,0.216,0.5565,0.0394,0.8504,0.096,0.1307,0.0641,1
22.26,-0.3404,0.3874,0.0275,0.5534,0.0442,0.8524,0.096,0.1314,0.0582,1
22.28,0.0541,-0.2669,0.3306,0.5526,0.0373,0.8554,0.0978,0.1308,0.0638,1
22.3,0.1317,-0.2143,0.3959,0.5532,0.0358,0.8548,0.0973,0.1298,0.0749,1
22.32,-0.1528,-0.0762,0.3408,0.5535,0.0387,0.8548,0.0963,0.1289,0.075,1
22.34,-0.3901,-0.0996,0.2697,0.5561,0.0397,0.8558,0.0963,0.13,0.0768,1
22.36,-0.3847,0.0746,0.0813,0.5573,0.0371,0.8547,0.097,0.1316,0.0848,1
22.38,-0.3064,0.3289,-0.0844,0.5508,0.0344,0.8516,0.0967,0.1284,0.0724,1
22.4,0.1605,0.2582,0.2336,0.5571,0.0334,0.8522,0.0958,0.1252,0.0581,1
22.42,-0.1794,0.4872,0.1094,0.5551,0.0346,0.8561,0.097,0.1283,0.0669,1
22.44,-0.0998,0.8187,0.2301,0.5575,0.0398,0.8529,0.0964,0.1268,0.0537,1
22.46,-0.0655,1.5331,0.2144,0.5543,0.0399,0.8522,0.0964,0.1297,0.0632,1
22.48,-0.1181,0.8567,0.3153,0.5546,0.0431,0.8528,0.0961,0.1303,0.0762,1
22.5,-0.109,0.144,0.4883,0.5526,0.04,0.8539,0.0973,0.1286,0.0862,1
22.52,-0.0238,-0.194,0.5038,0.5504,0.0364,0.8548,0.0974,0.1278,0.0881,1
22.54,-0.0391,-0.4036,0.3641,0.5529,0.0384,0.8545,0.0968,0.1285,0.0787,1
22.56,-0.1965,-0.1558,0.2164,0.5565,0.0401,0.8541,0.0989,0.1284,0.0683,1
22.58,-0.1929,0.5495,-0.0894,0.5537,0.0403,0.8567,0.0989,0.1273,0.0788,1
22.6,-0.5181,0.2439,-0.1405,0.5481,0.0425,0.8554,0.0958,0.1254,0.0805,1
22.62,-0.4183,0.1252,0.1056,0.5519,0.0406,0.8526,0.0971,0.1286,0.0741,1
22.64,0.0835,0.0094,0.5883,0.553,0.039,0.8505,0.0968,0.1322,0.0861,1
22.66,-0.0832,-0.1974,0.3904,0.5529,0.0303,0.855,0.0967,0.1287,0.0956,1
22.68,-0.2799,-0.3021,0.3294,0.5517,0.0282,0.8603,0.0977,0.1297,0.0968,1
22.7,-0.3836,0.1144,0.3901,0.5517,0.0333,0.861,0.0973,0.1308,0.0842,1
22.72,-0.2232,0.3864,0.4433,0.5547,0.0385,0.859,0.0969,0.1281,0.084,1
22.74,0.0794,0.0794,0.5532,0.5568,0.0392,0.8582,0.0975,0.1257,0.1002,1
22.76,-0.0446,-0.0327,0.6178,0.5544,0.038,0.858,0.097,0.1265,0.0889,1
22.78,-0.2843,-0.0484,0.442,0.5568,0.0402,0.8577,0.0966,0.1275,0.0574,1
22.8,-0.3204,-0.317,0.5902,0.5522,0.0418,0.8509,0.0942,0.1303,0.0707,1
22.82,-0.3641,-0.1071,0.4559,0.5517,0.0356,0.8543,0.0987,0.1268,0.0921,1
22.84,-0.1346,-0.2152,0.611,0.5479,0.0343,0.8524,0.0982,0.1288,0.0597,1
22.86,-0.2107,-0.7146,0.4437,0.5494,0.0326,0.8574,0.0972,0.1277,0.0803,1
22.88,-0.1061,-0.1769,0.233,0.5537,0.0273,0.8565,0.0987,0.1281,0.0978,1
22.9,0.0013,0.5997,0.2634,0.556,0.0284,0.8567,0.0978,0.1291,0.0855,1
22.92,0.0756,0.6297,0.1769,0.5531,0.0313,0.8577,0.0961,0.1299,0.0625,1
22.94,0.1002,0.1555,-0.0272,0.5492,0.0326,0.8559,0.0967,0.1304,0.0662,1
22.96,-0.0214,-0.3147,0.1437,0.5513,0.0408,0.8556,0.097,0.1299,0.0906,1
22.98,0.1629,-1.1413,0.2398,0.5555,0.0476,0.8557,0.0968,0.1305,0.0622,1
23.0,0.2718,-1.0683,0.4115,0.5533,0.0397,0.8559,0.0979,0.1316,0.0662,1
23.02,-0.3685,-0.3076,0.6064,0.5495,0.0479,0.8588,0.0951,0.1299,0.0903,1
23.04,-0.253,-0.3562,0.5509,0.5522,0.0442,0.8538,0.0967,0.1315,0.0741,1
23.06,-0.0685,0.061,0.3787,0.5522,0.0333,0.8562,0.1001,0.1303,0.0598,1
23.08,-0.0352,0.1521,0.5128,0.5505,0.0287,0.8542,0.0978,0.1272,0.0575,1
23.1,-0.0753,-0.0353,0.4789,0.551,0.0337,0.8521,0.0958,0.1267,0.0763,1
23.12,-0.0759,-0.3732,0.4123,0.55,0.0396,0.8496,0.0965,0.1269,0.0691,1
23.14,-0.1014,-0.618,0.4628,0.5514,0.0401,0.8495,0.0968,0.1283,0.0493,1
23.16,-0.2112,-0.4401,0.4542,0.5564,0.0385,0.8541,0.0959,0.1298,0.0559,1
23.18,-0.2608,-0.0065,0.2653,0.5549,0.0385,0.8552,0.0961,0.127,0.0644,1
23.2,-0.2132,-0.1341,-0.1072,0.5549,0.0341,0.8503,0.097,0.1296,0.0857,1
23.22,-0.439,-0.4837,0.3022,0.5599,0.0385,0.8514,0.0975,0.131,0.0828,1
23.24,-0.4663,-0.1323,0.3612,0.5544,0.0445,0.8507,0.0952,0.13,0.0746,1
23.26,-0.2409,-0.2714,0.1569,0.5565,0.0371,0.8498,0.0938,0.1274,0.0864,1
23.28,-0.2899,-0.3048,0.1448,0.5555,0.034,0.8506,0.0943,0.1295,0.0965,1
23.3,-0.1137,-0.3485,0.153,0.5536,0.0377,0.8494,0.0942,0.1285,0.0926,1
23.32,-0.0975,-0.3224,0.1311,0.5538,0.0417,0.8534,0.093,0.1289,0.0744,1
23.34,-0.1586,-0.3556,0.2886,0.5571,0.0389,0.8553,0.0935,0.1286,0.0647,1
23.36,-0.2228,-0.2372,0.3976,0.559,0.0354,0.8531,0.0956,0.1286,0.0648,1
23.38,-0.2748,0.0106,0.3577,0.5578,0.0366,0.8521,0.0964,0.1286,0.0688,1
23.4,-0.2172,-0.0218,0.4392,0.5578,0.0396,0.8529,0.095,0.1269,0.0751,1
23.42,-0.2268,0.0345,0.404,0.5579,0.0451,0.8537,0.0941,0.1308,0.0617,1
23.44,-0.19,0.5893,0.3882,0.5526,0.0403,0.8555,0.0932,0.127,0.0525,1
23.46,-0.2287,0.5317,0.3265,0.5478,0.0424,0.8617,0.095,0.1266,0.0719,1
23.48,0.1336,0.0281,0.4564,0.5505,0.036,0.8604,0.0941,0.1316,0.066,1
23.5,-0.0831,-0.3191,0.7002,0.5516,0.0392,0.8566,0.0932,0.1283,0.0668,1
23.52,-0.2787,0.2361,0.496,0.5541,0.0377,0.8566,0.0936,0.1311,0.0593,1
23.54,-0.2883,0.2401,0.472,0.556,0.038,0.8547,0.0939,0.1304,0.07,1
23.56,-0.2449,-0.2572,0.4664,0.5561,0.0376,0.8546,0.0949,0.1288,0.0649,1
23.58,-0.2645,-0.4231,0.4059,0.5568,0.0385,0.8528,0.0944,0.1285,0.0676,1
23.6,-0.2725,-0.324,0.2979,0.5568,0.0401,0.8505,0.0938,0.1295,0.0693,1
23.62,-0.2236,-0.025,0.2584,0.556,0.0366,0.8524,0.0946,0.1312,0.0621,1
23.64,-0.1832,0.3398,0.3877,0.5554,0.0307,0.8546,0.0943,0.1317,0.0735,1
23.66,-0.1465,-0.2762,0.4525,0.5526,0.0353,0.8515,0.0935,0.1292,0.0759,1
23.68,-0.1351,-0.6428,0.4651,0.5571,0.0451,0.8514,0.0955,0.1276,0.0474,1
23.7,0.1032,-1.0236,0.5999,0.5587,0.0348,0.8529,0.0962,0.1262,0.07,1
23.72,-0.1983,0.307,0.3695,0.562,0.0387,0.8553,0.0936,0.1298,0.0497,1
23.74,-0.2015,-0.0901,0.38,0.5618,0.0354,0.8505,0.0955,0.1276,0.0482,1
23.76,-0.0105,-0.2323,0.2154,0.5537,0.0342,0.8487,0.0967,0.1263,0.0643,1
23.78,0.0004,0.1279,0.3339,0.5533,0.0353,0.8513,0.0951,0.1279,0.0863,1
23.8,-0.2923,-0.1688,0.351,0.5558,0.0323,0.8493,0.0946,0.1268,0.063,1
23.82,-0.2776,-0.5351,0.3614,0.5573,0.0342,0.8499,0.0925,0.1281,0.0715,1
23.84,-0.155,-1.3324,0.3169,0.5564,0.0277,0.8528,0.092,0.1317,0.0835,1
23.86,-0.354,-1.5734,0.2588,0.5549,0.023,0.8571,0.094,0.1321,0.0832,1
23.88,-0.703,-0.458,-0.0144,0.5533,0.0289,0.8605,0.0947,0.1299,0.0874,1
23.9,-0.8791,0.5747,-0.6274,0.5521,0.031,0.8602,0.0937,0.1288,0.089,1
23.92,-0.977,0.5684,-0.9666,0.5519,0.0286,0.8607,0.0942,0.1276,0.0831,1
23.94,-0.9272,0.3001,-0.8394,0.5476,0.0235,0.8593,0.0954,0.1293,0.0637,1
23.96,-0.3968,-0.9941,-0.4076,0.5503,0.0192,0.86,0.094,0.1341,0.1135,1
23.98,-0.8423,-0.9715,-0.2052,0.5453,0.0208,0.8627,0.0964,0.1336,0.0944,1
24.0,-0.7565,-0.9168,-0.1969,0.5485,0.0207,0.8561,0.094,0.1349,0.1049,1
24.02,-0.9096,-0.8643,-0.4361,0.5476,0.0249,0.8613,0.0924,0.1354,0.0915,1
24.04,-0.7438,-0.3836,-0.164,0.5525,0.015,0.8585,0.0932,0.1323,0.1082,1
24.06,-0.4457,-0.315,0.0737,0.5505,0.0172,0.8625,0.0963,0.1329,0.1119,1
24.08,-0.4568,-0.5612,0.3192,0.5483,0.0171,0.8631,0.0931,0.1346,0.1242,1
24.1,-0.7745,-0.1308,0.3777,0.5547,0.0083,0.8545,0.0917,0.1352,0.1251,1
24.12,-0.9461,-0.407,-0.0713,0.5551,0.0107,0.8553,0.0941,0.1358,0.1232,1
24.14,-0.745,-0.6264,-0.4393,0.5536,0.0142,0.8534,0.0956,0.1353,0.1227,1
24.16,-0.358,-0.0227,-0.5462,0.557,0.0138,0.8478,0.0951,0.1358,0.1241,1
24.18,-0.0008,0.1499,-0.5756,0.5598,0.0137,0.8514,0.0941,0.1367,0.121,1
24.2,0.2486,-0.5313,-0.6616,0.5599,0.0118,0.857,0.0931,0.1355,0.1087,1
24.22,0.2813,-0.7673,-1.1298,0.5555,0.0207,0.8617,0.0932,0.1363,0.1097,1
24.24,0.1066,0.0642,-0.8252,0.5456,0.0218,0.8633,0.0931,0.1374,0.1188,1
24.26,0.0472,0.0403,-0.6158,0.5472,0.0171,0.8559,0.0939,0.1395,0.1357,1
24.28,0.1116,0.0073,-0.2764,0.5466,0.0128,0.857,0.0926,0.1404,0.1202,1
24.3,-0.1813,-0.035,-0.0304,0.5481,0.0138,0.8618,0.0931,0.138,0.1052,1
24.32,-0.0423,-0.6764,0.1515,0.549,0.0052,0.8559,0.0925,0.1376,0.1152,1
24.34,0.065,0.3649,-0.1398,0.5492,0.016,0.8555,0.0927,0.1368,0.1331,1
24.36,0.0837,0.1784,-0.4296,0.55,0.0089,0.858,0.0929,0.1384,0.1183,1
24.38,-0.2852,-0.297,-0.5087,0.5563,0.0083,0.8573,0.0918,0.1379,0.1224,1
24.4,-0.5542,-0.9349,-0.8506,0.5499,0.0172,0.8612,0.0935,0.1376,0.1401,1
24.42,-0.4254,-0.2088,-1.078,0.5502,0.0187,0.8641,0.0929,0.1375,0.1236,1
24.44,-0.2209,0.3974,-1.1731,0.5508,0.0179,0.8664,0.0936,0.1369,0.1299,1
24.46,0.0541,0.772,-0.5192,0.5468,0.015,0.8632,0.0942,0.1373,0.1332,1
24.48,0.4261,0.6665,0.2319,0.5439,0.0154,0.8607,0.094,0.1375,0.1212,1
24.5,0.5113,-0.0049,0.5224,0.5447,0.0171,0.8633,0.093,0.1373,0.1178,1
24.52,0.2912,-0.1949,0.4756,0.5464,0.0162,0.8627,0.0922,0.1378,0.1185,1
24.54,0.1203,0.0409,-0.0332,0.5471,0.018,0.8589,0.0936,0.1372,0.1251,1
24.56,-0.0577,0.2242,-0.0761,0.5481,0.0169,0.8615,0.0938,0.1363,0.1303,1
24.58,-0.1287,0.991,0.6436,0.5476,0.018,0.8687,0.0928,0.1361,0.1074,1
24.6,-0.4646,1.3755,1.0096,0.5514,0.0171,0.8634,0.0932,0.1376,0.1004,1
24.62,-0.7812,1.2411,1.0682,0.55,0.0212,0.8588,0.0899,0.1372,0.1216,1
24.64,-0.9447,1.063,1.488,0.5408,0.0109,0.8603,0.0908,0.1395,0.1032,1
24.66,-0.9035,0.6243,2.1115,0.5389,0.0134,0.862,0.0898,0.1364,0.1043,1
24.68,-1.0011,-0.2719,2.4893,0.5459,0.0163,0.8607,0.0862,0.1347,0.1321,1
24.7,-1.1545,-1.8297,2.4127,0.5518,0.0152,0.8581,0.0863,0.1344,0.0964,1
24.72,-1.7529,-2.6333,2.164,0.5534,0.0123,0.8558,0.0861,0.1364,0.0913,1
24.74,-1.0255,-1.8005,1.942,0.5557,0.0159,0.8557,0.087,0.139,0.121,1
24.76,-0.805,-1.7609,2.0256,0.5616,0.0093,0.8518,0.0884,0.1353,0.113,1
24.78,-0.3934,-1.0634,1.6416,0.5581,0.0119,0.8567,0.082,0.137,0.1224,1
24.8,-0.469,0.1091,0.4168,0.5529,0.0149,0.8561,0.0815,0.1374,0.1083,1
24.82,-0.6029,0.0386,-0.2549,0.551,0.012,0.8524,0.0811,0.1387,0.0919,1
24.84,-0.6695,-0.7586,0.004,0.5484,0.0119,0.8546,0.0781,0.1378,0.0864,1
24.86,-0.6212,-1.5551,0.6706,0.551,0.0091,0.8603,0.0759,0.139,0.0752,1
24.88,-0.2243,-2.0467,1.3616,0.558,0.0055,0.8596,0.0769,0.1363,0.0918,1
24.9,0.0558,-2.0187,1.763,0.5586,0.0049,0.8573,0.0773,0.1328,0.117,1
24.92,0.0212,-1.5742,1.7619,0.556,0.0024,0.859,0.0766,0.1348,0.1148,1
24.94,0.0292,-1.3653,1.6115,0.5558,0.0016,0.859,0.0759,0.1362,0.1055,1
24.96,0.1084,-1.7302,1.6176,0.554,0.0076,0.8564,0.0736,0.1373,0.0931,1
24.98,0.2018,-1.6135,1.4303,0.5548,0.0103,0.8536,0.0737,0.1381,0.0879,1
25.0,-0.0998,-0.7485,0.5006,0.554,0.0043,0.8534,0.074,0.1377,0.0952,1
25.02,-0.4504,-0.6762,0.2662,0.5513,0.0025,0.8513,0.0714,0.1383,0.0994,1
25.04,-0.9865,-1.3538,0.5373,0.5527,0.0044,0.8475,0.0701,0.1366,0.0925,1
25.06,-1.4495,-1.3038,0.0639,0.5607,0.0066,0.8523,0.0688,0.1356,0.0606,1
25.08,-1.6171,-1.4509,-0.2257,0.5678,0.0118,0.8517,0.0632,0.1363,0.0501,1
25.1,-1.8735,-1.6325,0.1391,0.5703,0.0128,0.8515,0.0634,0.1383,0.0822,1
25.12,-1.0708,-2.0224,0.705,0.565,0.0017,0.8588,0.0678,0.1383,0.0785,1
25.14,-0.5704,-1.1445,1.2276,0.5733,0.0075,0.8518,0.0641,0.1378,0.0867,1
25.16,-0.3107,-0.8255,1.4539,0.5609,-0.0019,0.8504,0.0656,0.1385,0.0758,1
25.18,0.0919,-1.5646,1.2597,0.5614,0.0046,0.8509,0.061,0.1365,0.0647,1
25.2,0.2645,-1.4782,0.7433,0.5563,0.0102,0.847,0.0624,0.1401,0.0867,1
25.22,0.2473,-1.3264,0.3777,0.5591,0.0086,0.8508,0.0641,0.1417,0.0784,1
25.24,0.024,-1.5105,0.1515,0.5566,0.0041,0.8519,0.062,0.1412,0.0761,1
25.26,0.0616,-1.3111,0.2209,0.5657,0.0053,0.8529,0.0621,0.139,0.0581,1
25.28,0.065,-1.2,-0.2038,0.5668,0.0066,0.8512,0.0629,0.1398,0.0632,1
25.3,0.0481,-0.9884,-0.2093,0.5653,-0.0039,0.8484,0.0624,0.1412,0.0677,1
25.32,0.1746,-1.2287,-0.0178,0.5666,-0.0004,0.847,0.0638,0.1413,0.1082,1
25.34,0.112,-0.9724,0.2815,0.5729,0.0085,0.8475,0.0634,0.1411,0.1006,1
25.36,0.0469,-0.6416,-0.0604,0.5715,0.0074,0.8412,0.0615,0.1422,0.0846,1
25.38,0.2393,-0.1317,-0.2311,0.5669,0.0044,0.841,0.0658,0.1428,0.0719,1
25.4,0.1482,0.7244,0.0052,0.5692,0.0078,0.8461,0.0699,0.1457,0.0822,1
25.42,-0.2127,0.9897,0.2107,0.5679,0.0032,0.848,0.071,0.1452,0.0986,1
25.44,-0.3577,0.7646,0.2809,0.5637,0.0041,0.847,0.0723,0.1416,0.0787,1
25.46,-0.3018,0.9492,0.1343,0.5629,0.0092,0.851,0.0726,0.1443,0.0735,1
25.48,-0.1757,1.0637,-0.1263,0.5653,0.0051,0.8536,0.074,0.1448,0.0933,1
25.5,-0.1486,0.7504,0.0445,0.5638,0.0005,0.8511,0.076,0.144,0.0843,1
25.52,-0.2028,0.6058,0.359,0.5612,0.0036,0.8503,0.0767,0.146,0.0736,1
25.54,-0.0422,0.61,0.3438,0.5635,0.0108,0.8487,0.0788,0.1457,0.0753,1
25.56,0.1204,0.4939,0.7727,0.5665,0.0073,0.8461,0.0825,0.1458,0.0886,1
25.58,0.0067,0.5469,1.5651,0.57,0.001,0.8473,0.085,0.1462,0.1031,1
25.6,0.0227,0.7415,1.5429,0.5717,0.0065,0.8469,0.0861,0.1456,0.1028,1
25.62,0.0466,0.7135,0.784,0.5684,0.0084,0.8464,0.0865,0.146,0.1331,1
25.64,-0.1703,0.7971,-0.2646,0.5633,0.0087,0.8513,0.0852,0.1465,0.129,1
25.66,-0.1777,1.3394,-1.11,0.5611,0.0078,0.8513,0.0869,0.1441,0.1052,1
25.68,-0.4186,1.6894,-1.1629,0.5599,0.0083,0.8499,0.09,0.1456,0.1025,1
25.7,-0.0458,1.6848,-0.8243,0.5609,0.0064,0.8531,0.0888,0.1445,0.1125,1
25.72,0.6613,2.2227,-0.0026,0.5645,0.0066,0.8521,0.0892,0.1431,0.1005,1
25.74,1.0618,1.7867,0.4563,0.5595,0.0038,0.8512,0.0905,0.1415,0.1074,1
25.76,1.5343,2.0252,0.2663,0.5562,0.0028,0.8557,0.0913,0.1441,0.1346,1
25.78,1.8629,3.3547,-0.2814,0.552,0.0064,0.8588,0.0921,0.1473,0.1246,1
25.8,2.5279,3.675,-0.8924,0.5439,0.0071,0.866,0.0926,0.147,0.1164,1
25.82,2.7637,3.7809,-0.241,0.5371,0.0111,0.8654,0.0939,0.1493,0.1226,1
25.84,2.7298,2.9672,-0.035,0.541,0.0107,0.865,0.0924,0.1486,0.1233,1
25.86,2.4875,1.9746,0.1045,0.5508,0.0191,0.8569,0.0902,0.1478,0.1326,1
25.88,1.6753,2.0899,-0.1937,0.5457,0.0264,0.8547,0.088,0.1492,0.137,1
25.9,0.4825,1.8316,-0.7529,0.5543,0.0247,0.8508,0.0899,0.1491,0.1524,1
25.92,-0.2332,2.5495,-1.4504,0.5527,0.0201,0.8553,0.0882,0.1492,0.1434,1
25.94,-1.008,3.017,-1.6127,0.5455,0.0153,0.862,0.0901,0.151,0.154,1
25.96,-1.368,2.7218,-1.4081,0.5481,0.0167,0.8681,0.0911,0.1482,0.1339,1
25.98,-0.9686,2.8091,-0.9955,0.5516,0.0147,0.8625,0.0887,0.1528,0.131,1
26.0,-0.6835,1.8176,-0.3285,0.5489,0.0163,0.8589,0.0903,0.1486,0.135,1
26.02,-0.473,0.2751,-0.263,0.5418,0.0168,0.8658,0.0915,0.1499,0.1304,1
26.04,-0.1779,0.4196,-0.0576,0.5382,0.0195,0.8704,0.0934,0.1534,0.1282,1
26.06,-0.5721,0.8632,0.1234,0.5382,0.0128,0.8664,0.0916,0.1541,0.1515,1
26.08,-0.6945,0.5775,-0.4471,0.5374,0.0104,0.8727,0.0911,0.1507,0.1323,1
26.1,-0.4878,0.9999,-0.7992,0.5315,0.0086,0.873,0.0941,0.1514,0.153,1
26.12,-0.3654,0.7201,-0.6652,0.537,0.0131,0.8707,0.0938,0.1505,0.1403,1
26.14,-0.1835,0.0014,-0.5988,0.5366,0.0087,0.866,0.0935,0.1499,0.1312,1
26.16,-0.1668,0.8744,-0.3542,0.5404,0.0168,0.8653,0.0915,0.1509,0.1442,1
26.18,0.37,0.5378,-0.45,0.5413,0.0173,0.8664,0.0927,0.1516,0.1292,1
26.2,0.4277,1.3483,0.0188,0.5389,0.0232,0.8686,0.0936,0.1523,0.1419,1
26.22,0.1613,-0.1204,0.517,0.5475,0.0138,0.8693,0.0946,0.1532,0.1186,1
26.24,0.2266,-0.5009,0.3312,0.5459,0.0163,0.8737,0.0947,0.1524,0.14,1
26.26,0.0682,0.2548,0.7108,0.5447,0.0092,0.8686,0.0936,0.1491,0.1297,1
26.28,-0.2578,-0.1867,0.0973,0.5393,0.0219,0.8676,0.095,0.1502,0.1381,1
26.3,-0.1419,0.0995,0.1765,0.5445,0.0258,0.8656,0.0936,0.1522,0.1471,1
26.32,-0.1567,0.3242,0.0779,0.5423,0.0228,0.8644,0.0938,0.1478,0.13,1
26.34,-0.0791,-0.6268,0.6557,0.5421,0.0255,0.8609,0.0915,0.1469,0.1356,1
26.36,0.044,-0.7752,1.9497,0.5416,0.0224,0.8685,0.0921,0.1487,0.1296,1
26.38,-0.1827,0.0035,1.5279,0.5418,0.0213,0.8593,0.0943,0.1514,0.1393,1
26.4,-0.4113,0.627,1.3283,0.5368,0.0207,0.8599,0.0932,0.1518,0.1395,1
26.42,-0.4683,0.3141,1.0113,0.5382,0.02,0.865,0.0939,0.1537,0.1356,1
26.44,-0.5952,-0.0229,1.1662,0.5387,0.0123,0.8674,0.0939,0.1512,0.1365,1
26.46,-0.19,-0.446,1.0488,0.546,0.0152,0.8653,0.0933,0.1502,0.1261,1
26.48,-0.1344,-0.0108,1.5218,0.5433,0.0181,0.8611,0.0934,0.1482,0.1504,1
26.5,0.0063,-0.1756,1.6309,0.545,0.0136,0.8685,0.0938,0.1481,0.1406,1
26.52,-0.2756,-0.1795,1.316,0.5464,0.0132,0.8688,0.0927,0.1501,0.1514,1
26.54,-0.1734,-0.286,1.2905,0.5449,0.0107,0.8651,0.0932,0.1496,0.137,1
26.56,-0.2196,-0.3185,1.2515,0.5429,0.0117,0.8627,0.0931,0.1496,0.1481,1
26.58,-0.1806,-0.3144,1.3046,0.5411,0.0147,0.8694,0.09,0.1512,0.1377,1
26.6,-0.4724,-0.5398,1.1975,0.5404,0.0175,0.8699,0.0903,0.1504,0.1448,1
26.62,-0.5705,-0.4547,0.8613,0.5401,0.0135,0.8689,0.092,0.1519,0.1401,1
26.64,-0.2446,-0.4818,0.9166,0.5399,0.0076,0.8654,0.0931,0.1516,0.1344,1
26.66,-0.2172,-0.9489,1.0738,0.5443,0.0072,0.863,0.0926,0.1494,0.145,1
26.68,-0.1686,-1.1416,0.871,0.5464,0.0146,0.8694,0.094,0.1457,0.139,1
26.7,-0.0629,-0.6293,0.7673,0.5443,0.0164,0.8702,0.0934,0.1502,0.1343,1
26.72,0.1267,0.0209,0.4835,0.5453,0.0144,0.8686,0.0926,0.1512,0.1388,1
26.74,0.0934,0.1627,0.0906,0.5457,0.0105,0.8677,0.0924,0.1506,0.1378,1
26.76,-0.1212,0.1811,-0.1101,0.5461,0.0101,0.8655,0.0949,0.1495,0.1314,1
26.78,-0.1163,-0.0323,0.1474,0.5414,0.0098,0.8679,0.0955,0.1488,0.1322,1
26.8,-0.1314,-0.3389,0.3821,0.5399,0.0092,0.8697,0.0946,0.1491,0.1368,1
26.82,-0.3846,-0.1952,-0.119,0.5391,0.0097,0.868,0.0931,0.1492,0.1525,1
26.84,-0.4233,-0.1311,-0.4315,0.5379,0.0114,0.864,0.0917,0.1488,0.1548,1
26.86,-0.2139,-0.5377,-0.4557,0.5429,0.0092,0.8632,0.0914,0.1482,0.1365,1
26.88,0.055,-0.549,-0.3121,0.5444,0.0107,0.8609,0.0912,0.1495,0.1502,1
26.9,0.2558,-0.1499,-0.1566,0.5478,0.0142,0.8587,0.0905,0.1495,0.146,1
26.92,0.2568,-0.6627,-0.4091,0.5512,0.0222,0.864,0.092,0.1468,0.1331,1
26.94,0.2047,-0.9662,-0.6635,0.5514,0.0244,0.8672,0.0924,0.1484,0.146,1
26.96,0.0238,-0.8154,-0.2671,0.5485,0.0164,0.8643,0.0916,0.1495,0.138,1
26.98,-0.119,-0.3083,-0.0187,0.5479,0.0136,0.8689,0.0912,0.1485,0.131,1
27.0,-0.184,0.5757,-0.1143,0.5452,0.0109,0.8627,0.0936,0.1507,0.1278,1
27.02,-0.2766,-0.4196,-0.1491,0.5394,0.0091,0.8583,0.0915,0.1482,0.1171,1
27.04,0.1552,-0.6207,0.0514,0.5395,0.0087,0.8595,0.0921,0.1492,0.1429,1
27.06,0.5201,-0.4414,0.1792,0.5411,0.0118,0.8656,0.0895,0.1487,0.1268,1
27.08,0.2381,-0.0766,-0.1371,0.5399,0.0151,0.8655,0.0941,0.1475,0.1252,1
27.1,0.2651,-0.2431,-0.0928,0.5418,0.0129,0.8678,0.0899,0.1493,0.1426,1
27.12,-0.2925,0.1048,-0.0886,0.5459,0.0134,0.8674,0.09,0.1486,0.1317,1
27.14,-0.2059,0.3001,-0.2352,0.5451,0.0127,0.8655,0.0943,0.15,0.1459,1
27.16,-0.3604,-0.5478,-0.3447,0.5482,0.0127,0.8651,0.0903,0.1509,0.1358,1
27.18,-0.4359,-0.1322,-0.2125,0.548,0.013,0.8617,0.0897,0.148,0.1403,1
27.2,-0.3135,0.365,-0.0748,0.5446,0.0127,0.8611,0.0921,0.1481,0.1281,1
27.22,0.0713,0.2601,0.1368,0.5434,0.0119,0.8657,0.0925,0.1492,0.1366,1
27.24,0.1721,-0.2236,0.3055,0.5453,0.0147,0.8663,0.092,0.1483,0.1542,1
27.26,0.2187,-0.5343,0.3,0.5478,0.0185,0.8669,0.092,0.1471,0.1624,1
27.28,0.0002,-0.2859,0.4201,0.547,0.0164,0.8608,0.0919,0.1485,0.1392,1
27.3,-0.1503,0.0559,0.251,0.5449,0.0151,0.8586,0.0913,0.1501,0.1403,1
27.32,-0.2264,-0.1401,0.1375,0.5439,0.0155,0.8621,0.0927,0.1494,0.1405,1
27.34,-0.137,-0.2868,0.079,0.5432,0.0124,0.8645,0.0933,0.1477,0.1344,1
27.36,-0.1303,-0.01,-0.0866,0.5463,0.015,0.8646,0.0942,0.1487,0.1313,1
27.38,-0.2187,0.294,0.2217,0.5485,0.0197,0.8613,0.0938,0.1491,0.1416,1
27.4,-0.2698,0.4689,0.1012,0.5463,0.0157,0.8606,0.0935,0.1484,0.1482,1
27.42,-0.1113,0.2731,-0.2349,0.5468,0.0186,0.8632,0.0945,0.1483,0.1499,1
27.44,-0.0388,0.3051,0.1768,0.5458,0.0167,0.8653,0.0943,0.1469,0.1228,1
27.46,-0.1012,0.3157,0.0932,0.5439,0.0195,0.8638,0.0936,0.1518,0.1207,1
27.48,-0.2173,-0.1161,-0.0808,0.5499,0.0147,0.8627,0.0954,0.1474,0.1062,1
27.5,-0.0876,0.1409,-0.2068,0.5457,0.0187,0.8683,0.0966,0.1509,0.1425,1
27.52,-0.275,0.632,-0.2882,0.5444,0.0134,0.8656,0.097,0.149,0.1313,1
27.54,-0.3479,0.8832,-0.5421,0.5384,0.0167,0.8626,0.093,0.1485,0.1431,1
27.56,0.1846,-0.6037,-1.0068,0.5448,0.0222,0.8639,0.0943,0.1465,0.1375,1
27.58,0.0425,0.1811,-0.4254,0.546,0.0107,0.8662,0.0933,0.1509,0.1318,1
27.6,-0.0851,-0.187,-0.2498,0.5455,0.0134,0.867,0.0929,0.1485,0.1338,1
27.62,0.1362,-0.2079,-0.0904,0.5424,0.0195,0.8655,0.0923,0.1502,0.1336,1
27.64,-0.0416,-0.2287,-0.5931,0.541,0.0205,0.8619,0.0937,0.1469,0.1429,1
27.66,-0.0645,0.2932,-0.3167,0.5371,0.0152,0.8632,0.0939,0.1504,0.1466,1
27.68,0.1012,-0.218,-0.178,0.5364,0.0205,0.8623,0.0945,0.1479,0.1435,1
27.7,0.1965,-0.2551,0.3463,0.5415,0.0227,0.8629,0.0948,0.1507,0.1618,1
27.72,0.2191,-0.1992,0.452,0.5437,0.0238,0.8625,0.0924,0.1483,0.1367,1
27.74,0.1334,-0.5929,0.0825,0.5464,0.0253,0.8626,0.0917,0.1475,0.1338,1
27.76,-0.2447,-0.4265,-0.0894,0.5476,0.0188,0.8608,0.0922,0.1458,0.1392,1
27.78,-0.5813,-0.5117,0.0274,0.5464,0.0173,0.8644,0.0943,0.1453,0.1292,1
27.8,-0.4,-0.3716,-0.1551,0.5425,0.0212,0.8626,0.0936,0.1471,0.1206,1
27.82,0.0147,0.5947,0.3802,0.5425,0.0179,0.8604,0.0941,0.1456,0.1248,1
27.84,-0.2722,0.0811,0.1685,0.5466,0.0147,0.8573,0.0927,0.1476,0.1377,1
27.86,-0.1855,-0.2092,0.2437,0.5459,0.0195,0.862,0.094,0.1453,0.116,1
27.88,0.3441,-0.5449,-0.0336,0.5469,0.0229,0.8625,0.0946,0.1472,0.1517,1
27.9,0.1947,0.2342,0.1068,0.5423,0.0205,0.8697,0.0952,0.1466,0.1566,1
27.92,-0.0452,0.3006,0.0196,0.5433,0.018,0.8712,0.0946,0.1485,0.1494,1
27.94,-0.3774,0.4673,-0.328,0.5381,0.0284,0.8706,0.0941,0.1487,0.1371,1
27.96,0.0139,0.1878,0.0654,0.5366,0.0239,0.8693,0.0919,0.1462,0.1619,1
27.98,-0.0603,0.0418,0.5619,0.5435,0.0188,0.8631,0.0908,0.1486,0.137,1
28.0,-0.2873,0.4719,0.4667,0.5454,0.019,0.8609,0.0934,0.1465,0.1545,1
28.02,-0.4278,0.1109,0.6184,0.5451,0.0183,0.8632,0.0954,0.1448,0.1335,1
28.04,-0.2564,-0.1936,0.8111,0.5443,0.0194,0.868,0.0931,0.1464,0.1316,1
28.06,-0.0566,-0.5044,0.8623,0.5468,0.0188,0.8652,0.0916,0.1467,0.1354,1
28.08,-0.0077,-0.5146,0.6514,0.5456,0.018,0.8569,0.094,0.1455,0.1302,1
28.1,-0.1311,-0.2377,0.5004,0.547,0.0149,0.8561,0.0946,0.1475,0.1304,1
28.12,-0.3547,0.1074,0.3731,0.5455,0.0207,0.859,0.0927,0.1472,0.1428,1
28.14,-0.2633,0.6335,0.3387,0.5453,0.0244,0.8608,0.0946,0.1502,0.139,1
28.16,0.0278,0.423,-0.2371,0.5483,0.0192,0.8565,0.0961,0.1457,0.1631,1
28.18,0.1944,-0.4851,0.1013,0.5501,0.0188,0.8654,0.0949,0.1409,0.1297,1
28.2,0.3935,-0.5652,0.0564,0.5466,0.0206,0.8637,0.0955,0.1463,0.1263,1
28.22,-0.1208,0.2305,-0.0748,0.5416,0.0144,0.8653,0.0943,0.1469,0.1519,1
28.24,0.0033,0.668,-0.2227,0.5385,0.0169,0.8612,0.0955,0.1474,0.1321,1
28.26,0.2061,0.5933,-0.048,0.5408,0.0228,0.8636,0.0939,0.1493,0.1339,1
28.28,0.0476,0.4209,-0.1583,0.5332,0.0194,0.8697,0.0945,0.1479,0.1469,1
28.3,-0.0683,0.3879,0.1558,0.5374,0.018,0.8696,0.095,0.1466,0.1347,1
28.32,-0.284,0.1511,0.0292,0.5425,0.0194,0.8681,0.0951,0.1482,0.1199,1
28.34,-0.2078,-0.4318,-0.1404,0.546,0.019,0.8693,0.0936,0.1492,0.1156,1
28.36,-0.2087,-0.524,-0.1547,0.5441,0.0236,0.8645,0.0921,0.146,0.1346,1
28.38,-0.3963,-0.1216,0.1724,0.543,0.0207,0.8668,0.0932,0.1461,0.152,1
28.4,-0.1289,0.2886,0.3874,0.5423,0.0245,0.8645,0.0943,0.1481,0.1443,1
28.42,-0.1631,1.0144,0.1533,0.5466,0.0184,0.8594,0.0931,0.1482,0.1181,1
28.44,-0.0987,0.6109,0.1681,0.5352,0.0181,0.8662,0.0946,0.1471,0.1382,1
28.46,-0.0254,-0.4006,0.7645,0.5448,0.0205,0.8642,0.094,0.1464,0.1281,1
28.48,0.0115,-0.7131,0.4616,0.5468,0.0246,0.8654,0.0945,0.142,0.1555,1
28.5,0.1635,-0.9267,0.4666,0.545,0.0192,0.8653,0.093,0.1458,0.1269,1
28.52,-0.0022,-0.5564,0.0024,0.5384,0.0198,0.8599,0.0913,0.1468,0.1353,1
28.54,-0.0288,-0.5334,0.0036,0.5443,0.0231,0.8578,0.0913,0.1446,0.1349,1
28.56,-0.0405,-0.3795,0.2417,0.5421,0.0248,0.8584,0.0909,0.1426,0.1249,1
28.58,-0.0423,-0.6483,0.4601,0.5442,0.0217,0.8569,0.0912,0.1459,0.1318,1
28.6,-0.104,-0.7105,0.2159,0.5482,0.0197,0.8603,0.092,0.1458,0.1268,1
28.62,-0.3673,-0.1611,0.1052,0.5517,0.0214,0.8644,0.0941,0.1434,0.1338,1
28.64,-0.342,-0.4903,-0.2085,0.5483,0.0239,0.8626,0.0906,0.1422,0.1465,1
28.66,-0.4324,-0.5469,-0.1366,0.5495,0.0234,0.8609,0.0907,0.1452,0.1244,1
28.68,-0.5567,0.2594,0.0717,0.5484,0.0192,0.858,0.0901,0.1453,0.1397,1
28.7,-0.3182,0.3447,0.5388,0.5487,0.0201,0.8534,0.0891,0.1433,0.1639,1
28.72,-0.2795,0.185,0.9589,0.5447,0.0138,0.8617,0.0892,0.1426,0.1292,1
28.74,-0.3771,0.1306,0.4713,0.5463,0.0185,0.8595,0.0879,0.1456,0.117,1
28.76,-0.4563,-0.5421,0.0333,0.5512,0.02,0.863,0.0884,0.1435,0.1249,1
28.78,-0.6158,-0.4379,-0.2194,0.5507,0.0206,0.8621,0.0904,0.1429,0.1488,1
28.8,-0.441,0.0861,0.2063,0.5461,0.0162,0.8629,0.0913,0.1426,0.1381,1
28.82,-0.1395,0.3685,0.9579,0.548,0.0194,0.8669,0.0893,0.1439,0.1259,1
28.84,-0.0232,0.7882,0.7712,0.5396,0.0212,0.864,0.0928,0.1411,0.1243,1
28.86,0.1634,0.7979,0.2669,0.5396,0.0204,0.8611,0.0907,0.1412,0.1181,1
28.88,0.0414,0.2556,-0.4296,0.5359,0.0125,0.867,0.0898,0.1453,0.1342,1
28.9,-0.264,-0.5895,0.0269,0.5401,0.0101,0.8688,0.0917,0.1431,0.1469,1
28.92,-0.0739,-0.3793,-0.3482,0.543,0.0134,0.8633,0.0929,0.1409,0.1407,1
28.94,0.2175,-0.4786,-0.4834,0.5488,0.0171,0.8676,0.0928,0.1413,0.1291,1
28.96,0.4053,-0.334,-0.0839,0.5502,0.0225,0.8641,0.0906,0.1438,0.1244,1
28.98,0.3659,-0.0874,0.1829,0.5531,0.0256,0.8615,0.0943,0.1439,0.1398,1
29.0,0.2137,-0.4451,0.5939,0.5505,0.0225,0.8596,0.0963,0.1432,0.1416,1
29.02,-0.2296,-0.5448,0.2268,0.5486,0.0265,0.8605,0.0947,0.1427,0.1329,1
29.04,-0.6891,0.9491,-1.264,0.5407,0.0278,0.8694,0.0955,0.1438,0.1394,1
29.06,-0.5881,1.2236,-0.9568,0.5396,0.0224,0.862,0.0922,0.1417,0.1698,1
29.08,-0.1946,1.299,-0.2539,0.5478,0.0152,0.8572,0.0942,0.1407,0.1345,1
29.1,0.2,0.0719,0.495,0.5555,0.0163,0.8581,0.0925,0.1423,0.1748,1
29.12,0.2307,0.0863,0.0584,0.5471,0.0189,0.8675,0.0944,0.1426,0.1224,1
29.14,0.1705,0.102,-0.2266,0.5483,0.0146,0.8647,0.0941,0.1421,0.1621,1
29.16,0.3074,0.2698,-0.0337,0.5418,0.0215,0.8627,0.0951,0.1432,0.1367,1
29.18,0.2286,0.1837,0.1443,0.5396,0.0249,0.8622,0.0937,0.1391,0.1301,1
29.2,0.3053,-0.2454,0.3774,0.5413,0.0231,0.8601,0.0935,0.1399,0.1462,1
29.22,0.0602,-0.3436,0.4128,0.5437,0.0289,0.8642,0.0922,0.1425,0.1358,1
29.24,-0.2104,-0.034,0.5555,0.5501,0.0226,0.8644,0.0922,0.1438,0.132,1
29.26,-0.3233,-0.0708,0.4667,0.5425,0.0232,0.8667,0.0919,0.1434,0.132,1
29.28,-0.3871,0.4422,0.3797,0.5468,0.0217,0.8608,0.0938,0.1418,0.1248,1
29.3,-0.3424,0.0953,0.5189,0.5429,0.021,0.8645,0.0933,0.1393,0.1327,1
29.32,-0.1428,0.0274,0.1828,0.5429,0.018,0.8665,0.0937,0.1417,0.1419,1
29.34,-0.0476,0.3206,0.3533,0.5403,0.0256,0.8608,0.0936,0.1432,0.1475,1
29.36,0.1492,0.0247,0.2473,0.5461,0.0276,0.8651,0.0931,0.1413,0.1296,1
29.38,0.1189,-0.2401,0.3714,0.5478,0.0229,0.8701,0.0937,0.1427,0.1195,1
29.4,-0.027,-0.0639,0.8241,0.547,0.0179,0.8678,0.0922,0.1416,0.1287,1
29.42,-0.107,-0.2688,1.051,0.5425,0.0188,0.865,0.0917,0.1395,0.1355,1
29.44,0.1413,-0.0535,0.9854,0.5418,0.0262,0.8602,0.0941,0.1433,0.128,1
29.46,0.2964,0.085,0.3376,0.5409,0.0208,0.8633,0.0952,0.1406,0.1365,1
29.48,-0.116,0.3484,0.441,0.5446,0.0269,0.8632,0.0934,0.1431,0.1454,1
29.5,-0.0843,-0.2957,0.7019,0.5433,0.0189,0.8636,0.0922,0.1404,0.133,1
29.52,-0.1362,-0.1267,0.5901,0.5441,0.0215,0.8621,0.0934,0.1437,0.1282,1
29.54,-0.1695,-0.0382,0.2354,0.5472,0.0269,0.8617,0.093,0.1434,0.1337,1
29.56,-0.4376,0.0882,-0.0936,0.5466,0.0257,0.864,0.0949,0.1419,0.145,1
29.58,-0.1819,-0.1358,0.2877,0.5472,0.0226,0.8593,0.0922,0.1406,0.1352,1
29.6,-0.2943,-0.7158,0.4176,0.5486,0.0269,0.8641,0.0941,0.1427,0.1386,1
29.62,-0.5522,0.701,0.4398,0.5508,0.0182,0.8577,0.0927,0.1391,0.123,1
29.64,-0.446,0.1374,0.0645,0.5461,0.0255,0.8619,0.0935,0.1403,0.1221,1
29.66,-0.3673,-0.0309,0.2265,0.5469,0.0271,0.866,0.0928,0.1413,0.127,1
29.68,-0.0901,-0.4865,0.3962,0.5418,0.0235,0.8605,0.0923,0.1419,0.135,1
29.7,-0.1268,-0.8781,0.4686,0.5451,0.0207,0.8604,0.0931,0.1413,0.1285,1
29.72,-0.3255,-0.4921,0.3623,0.547,0.0218,0.8601,0.0959,0.139,0.1552,1
29.74,-0.0834,0.3222,0.219,0.5463,0.0197,0.86,0.0933,0.144,0.1478,1
29.76,-0.319,0.1014,0.0743,0.5473,0.0219,0.8639,0.0937,0.1432,0.1396,1
29.78,-0.2499,0.4704,0.0484,0.5507,0.0191,0.8634,0.0956,0.142,0.1434,1
29.8,-0.292,0.6974,0.6224,0.5452,0.0224,0.8624,0.0924,0.1407,0.1244,1
29.82,-0.2221,0.9876,0.0823,0.5472,0.0259,0.8616,0.0929,0.1425,0.1319,1
29.84,-0.1768,-0.4484,0.1381,0.5426,0.0218,0.8655,0.092,0.1404,0.1313,1
29.86,-0.1534,-0.7868,0.1173,0.5469,0.0253,0.8647,0.0935,0.1415,0.1348,1
29.88,-0.1359,-0.2512,0.5497,0.5475,0.0258,0.8645,0.0935,0.1407,0.1359,1
29.9,-0.3079,0.3341,0.6356,0.5458,0.0279,0.8652,0.0939,0.1399,0.1564,1
29.92,-0.5223,0.1449,0.5005,0.5459,0.017,0.8618,0.092,0.1389,0.1465,1
29.94,-0.3838,-0.0833,0.747,0.5429,0.0218,0.863,0.0936,0.1432,0.1237,1
29.96,-0.0378,-0.0375,-0.073,0.5453,0.0218,0.8602,0.0954,0.1401,0.1338,1
29.98,-0.0142,0.2798,0.0928,0.5436,0.0214,0.8648,0.0941,0.1431,0.1257,1
30.0,-0.0509,-0.3182,0.4059,0.5466,0.0207,0.8647,0.0929,0.1441,0.125,1
30.02,-0.0886,-0.7442,0.4453,0.5504,0.0262,0.8631,0.0944,0.143,0.1329,1
30.04,-0.1351,-0.2132,0.2152,0.5473,0.0225,0.8635,0.0936,0.142,0.1387,1
30.06,0.0033,0.244,-0.1282,0.5431,0.022,0.8588,0.0931,0.1424,0.1508,1
30.08,-0.0154,-0.4396,0.3754,0.5405,0.0225,0.8615,0.0958,0.1408,0.1583,1
30.1,-0.2585,0.2649,0.2943,0.5485,0.0197,0.8612,0.0929,0.1416,0.1234,1
30.12,-0.0618,-0.1918,0.4345,0.5427,0.0242,0.8648,0.0938,0.1423,0.1297,1
30.14,-0.1614,-0.0102,0.3781,0.5463,0.0238,0.8644,0.0936,0.1437,0.1383,1
30.16,-0.1765,0.1609,0.4319,0.5463,0.0237,0.8585,0.0936,0.1405,0.1454,1
30.18,-0.1438,0.3784,0.6109,0.5489,0.0207,0.8591,0.0917,0.1413,0.1448,1
30.2,-0.1449,0.1439,0.5768,0.5439,0.0211,0.8651,0.0928,0.1417,0.1408,1
30.22,-0.1929,-0.1708,0.512,0.5458,0.0201,0.8605,0.0944,0.1368,0.1393,1
30.24,-0.2017,-0.1056,0.3628,0.5465,0.0266,0.8602,0.0943,0.1396,0.139,1
30.26,-0.2458,-1.0265,0.1244,0.5447,0.02,0.8609,0.0947,0.1384,0.1379,1
30.28,-0.1294,-0.9957,0.3479,0.5485,0.0259,0.862,0.095,0.1424,0.141,1
30.3,-0.1831,-0.2072,0.0777,0.5455,0.0203,0.8622,0.0942,0.1403,0.1461,1
30.32,-0.1407,0.3491,-0.3299,0.5432,0.0198,0.863,0.0921,0.1409,0.1523,1
30.34,-0.3039,0.2441,-0.4194,0.5491,0.0172,0.8599,0.0944,0.1417,0.1416,1
30.36,-0.3169,0.0054,-0.1947,0.5493,0.0237,0.8584,0.0948,0.1417,0.1323,1
30.38,-0.3262,-0.4827,0.6044,0.5471,0.0231,0.8641,0.0925,0.1435,0.1407,1
30.4,-0.1338,0.1505,1.5784,0.5491,0.0247,0.8605,0.0957,0.145,0.1384,1
30.42,-0.2972,0.1985,1.4317,0.549,0.0302,0.8582,0.0971,0.1437,0.1178,1
30.44,-0.4633,0.0474,1.1615,0.55,0.0255,0.862,0.0956,0.1449,0.1305,1
30.46,-0.5646,0.0022,0.7889,0.5505,0.0218,0.859,0.0927,0.1408,0.1528,1
30.48,-0.5957,0.1704,0.481,0.5411,0.0178,0.8589,0.0918,0.1442,0.1467,1
30.5,-0.3093,0.6404,-0.0488,0.542,0.0233,0.8662,0.0924,0.1412,0.15,1
30.52,-0.0159,0.7934,-1.249,0.5465,0.0176,0.8633,0.097,0.1407,0.1478,1
30.54,0.1517,0.0598,-1.1652,0.5455,0.0194,0.8642,0.0927,0.142,0.1455,1
30.56,0.3999,-0.2629,-0.3457,0.5437,0.0124,0.8635,0.0924,0.1408,0.1265,1
30.58,0.0583,0.0584,0.149,0.5501,0.0162,0.8552,0.0944,0.1395,0.1588,1
30.6,-0.272,0.2232,-0.2095,0.5481,0.0213,0.8533,0.0945,0.1399,0.1306,1
30.62,-0.3758,0.2103,0.0098,0.5433,0.0199,0.8601,0.0941,0.1432,0.1404,1
30.64,-0.3707,0.2293,0.3242,0.5387,0.0229,0.8665,0.0941,0.1409,0.138,1
30.66,-0.1059,-0.1958,1.0145,0.5507,0.0137,0.8631,0.0948,0.1373,0.1196,1
30.68,-0.421,0.3162,0.8314,0.5433,0.024,0.8693,0.0953,0.1422,0.1416,1
30.7,-0.4851,0.9307,0.1993,0.5412,0.0205,0.8659,0.0937,0.1407,0.1394,1
30.72,-0.3869,0.7993,-0.4937,0.5454,0.0191,0.8596,0.0932,0.1403,0.1418,1
30.74,-0.2416,-0.4376,-0.5862,0.5417,0.0167,0.8678,0.0922,0.1394,0.1368,1
30.76,-0.2861,-0.2137,-0.6487,0.5388,0.0211,0.8656,0.0948,0.1427,0.1431,1
30.78,-0.2124,0.4292,-0.1769,0.5487,0.0217,0.8533,0.0916,0.1398,0.1234,1
30.8,-0.2597,0.2661,0.335,0.5494,0.0232,0.8592,0.0951,0.1416,0.1469,1
30.82,-0.1163,-0.124,0.8384,0.5436,0.0261,0.8596,0.0956,0.1395,0.1262,1
30.84,-0.0149,-0.2591,1.3501,0.5493,0.0206,0.8667,0.0941,0.1422,0.1439,1
30.86,-0.2204,-0.0599,1.2485,0.5469,0.0232,0.865,0.092,0.1404,0.1347,1
30.88,-0.2998,0.6882,1.0355,0.5513,0.0146,0.8569,0.0934,0.1399,0.1377,1
30.9,-0.3741,-0.0086,1.0678,0.5428,0.0217,0.8566,0.0966,0.1436,0.1395,1
30.92,-0.3411,-0.4378,0.6758,0.5425,0.0164,0.8596,0.0969,0.1434,0.1666,1
30.94,-0.1656,-0.1203,0.898,0.5498,0.0197,0.8623,0.0954,0.1425,0.1401,1
30.96,-0.2093,-0.2375,0.5602,0.5409,0.022,0.8662,0.0956,0.1434,0.1443,1
30.98,-0.3097,0.4877,0.4316,0.5401,0.0217,0.8659,0.0949,0.1456,0.1432,1
31.0,-0.2806,0.0823,0.4571,0.5402,0.0161,0.8656,0.0951,0.1433,0.1644,1
31.02,-0.3095,0.3054,0.4334,0.539,0.0137,0.8671,0.0943,0.1406,0.1453,1
31.04,-0.2767,0.1352,0.1357,0.5479,0.024,0.8668,0.096,0.1409,0.1513,1
31.06,-0.0557,0.2024,0.5744,0.5503,0.0036,0.866,0.0975,0.1393,0.1341,1
31.08,0.1032,0.087,0.5309,0.5465,0.0137,0.8653,0.0961,0.1418,0.154,1
31.1,0.1265,-0.5184,0.3572,0.5469,0.0265,0.8634,0.0957,0.1438,0.1482,1
31.12,0.0213,-0.1072,0.5187,0.5495,0.0204,0.8625,0.0957,0.1427,0.1541,1
31.14,-0.0293,0.2426,0.6704,0.5492,0.0196,0.8582,0.0954,0.1429,0.1403,1
31.16,-0.1356,0.4391,0.6667,0.5508,0.0107,0.8702,0.0977,0.1425,0.1244,1
31.18,-0.5532,1.1946,0.6353,0.539,0.0085,0.8673,0.0979,0.1425,0.14,1
31.2,-0.0945,1.1208,-0.1202,0.5361,0.017,0.8612,0.0955,0.1434,0.1325,1
31.22,0.0031,0.5176,0.047,0.5398,0.0158,0.8664,0.0961,0.1426,0.1422,1
31.24,-0.1177,0.8843,0.3116,0.5405,0.0164,0.8608,0.0978,0.1411,0.1466,1
31.26,-0.1798,0.623,0.3278,0.5472,0.0222,0.8643,0.0964,0.1394,0.1442,1
31.28,-0.4312,0.8466,0.1897,0.5504,0.022,0.8709,0.0987,0.1392,0.1552,1
31.3,-0.6232,0.968,0.1743,0.5469,0.0138,0.8668,0.0982,0.1368,0.1555,1
31.32,-0.4154,1.4478,0.2292,0.543,0.0167,0.8689,0.0993,0.1376,0.1403,1
31.34,-0.3069,1.0944,-0.2146,0.5372,0.0159,0.8712,0.0975,0.1378,0.144,1
31.36,-0.1419,-0.1661,-0.0679,0.5374,0.0124,0.8656,0.0984,0.1387,0.1257,1
31.38,-0.1363,-0.6206,0.046,0.5462,0.0107,0.8656,0.0979,0.1358,0.1482,1
31.4,0.0851,0.3368,0.3195,0.5435,0.0199,0.862,0.1033,0.1345,0.1383,1
31.42,0.0842,0.7257,0.021,0.5432,0.0155,0.8656,0.1036,0.1372,0.1592,1
31.44,-0.1019,0.8282,0.2542,0.5382,0.0202,0.8635,0.1167,0.1366,0.1503,1
31.46,-0.2088,0.5133,-0.0551,0.5362,0.0198,0.8694,0.1178,0.1376,0.1641,1
31.48,-0.1698,0.6821,-0.2679,0.5337,0.0194,0.8717,0.1143,0.1364,0.1396,1
31.5,-0.1667,0.9016,-0.3554,0.535,0.018,0.8649,0.1167,0.1349,0.1589,1
31.52,-0.1133,0.6418,-0.0696,0.5331,0.0198,0.8703,0.1162,0.1345,0.1266,1
31.54,-0.1781,0.1519,0.0948,0.537,0.0295,0.8631,0.1205,0.1335,0.1505,1
31.56,-0.2119,0.5406,-0.1913,0.5369,0.023,0.8667,0.1215,0.1332,0.1684,1
31.58,-0.5803,0.4734,-0.2321,0.5354,0.0174,0.8682,0.121,0.1327,0.166,1
31.6,-0.1644,0.1134,-0.2292,0.5372,0.0168,0.8675,0.1114,0.1332,0.1415,1
31.62,-0.0211,-0.1173,-0.0506,0.536,0.0146,0.8684,0.1,0.136,0.1444,1
31.64,-0.0486,0.4223,0.17,0.5333,0.0207,0.8609,0.0967,0.1356,0.1564,1
31.66,0.0358,-0.153,-0.0372,0.5335,0.0254,0.8659,0.0997,0.1328,0.1434,1
31.68,0.314,-0.4645,0.0207,0.5384,0.0201,0.865,0.0967,0.1345,0.1235,1
31.7,0.3284,2.5771,-0.0235,0.542,0.025,0.871,0.0958,0.1358,0.135,1
31.72,0.131,5.3495,0.0019,0.5383,0.0241,0.8719,0.0981,0.137,0.1603,1
31.74,0.1045,4.9072,0.3257,0.5278,0.0163,0.8722,0.0988,0.135,0.1515,1
31.76,0.3899,1.6789,0.5675,0.524,0.0242,0.8705,0.0974,0.1382,0.1601,1
31.78,0.5723,-2.6188,0.788,0.5257,0.0208,0.8745,0.0963,0.1351,0.1462,1
31.8,0.255,-2.828,0.3513,0.5313,0.0238,0.8771,0.097,0.1388,0.1443,1
31.82,-0.1025,-1.6155,0.4642,0.5322,0.0224,0.8782,0.0962,0.1377,0.1328,1
31.84,-0.1429,-1.7342,0.1655,0.5347,0.0234,0.8698,0.0948,0.1372,0.1491,1
31.86,0.0149,-1.2389,0.1405,0.5389,0.0264,0.8729,0.0946,0.1378,0.1297,1
31.88,-0.2226,-1.8188,0.4292,0.5344,0.0224,0.8726,0.0949,0.1405,0.1391,1
31.9,-0.171,-0.3916,0.4692,0.535,0.024,0.8691,0.0928,0.1384,0.124,1
31.92,-0.1365,-0.335,0.4197,0.5366,0.0224,0.8686,0.0929,0.1392,0.1313,1
31.94,-0.1532,-0.2504,0.5377,0.5353,0.0165,0.8678,0.0929,0.1395,0.1392,1
31.96,0.0128,-0.8658,0.9196,0.5361,0.0186,0.8673,0.0948,0.1428,0.1397,1
31.98,-0.0476,-0.8662,1.0181,0.5309,0.0246,0.8705,0.0966,0.1387,0.1306,1
32.0,0.0368,-1.3892,1.0431,0.5397,0.0204,0.867,0.093,0.1391,0.112,1
32.02,0.0165,-1.5586,0.5955,0.5384,0.0223,0.8655,0.0945,0.1389,0.1349,1
32.04,-0.0216,-1.2161,0.6399,0.542,0.0242,0.8671,0.0947,0.1382,0.1376,1
32.06,-0.2369,-0.5652,0.5237,0.5419,0.0277,0.8689,0.0943,0.1409,0.1328,1
32.08,-0.2374,-0.2692,0.4238,0.54,0.0175,0.8683,0.0951,0.1377,0.1411,1
32.1,-0.3562,-1.5149,-0.0923,0.5344,0.0184,0.8687,0.0929,0.1385,0.1299,1
32.12,-0.2913,-2.3023,0.2088,0.5406,0.0161,0.87,0.093,0.1403,0.1355,1
32.14,-0.35,-0.8281,0.354,0.5442,0.0226,0.8691,0.095,0.1408,0.1214,1
32.16,-0.1502,0.7594,0.1342,0.5418,0.0245,0.8636,0.0933,0.1401,0.1354,1
32.18,-0.0183,1.3543,-0.0625,0.5395,0.0183,0.8641,0.0953,0.1395,0.1226,1
32.2,-0.0363,1.9682,0.3088,0.5397,0.0263,0.8706,0.0924,0.1422,0.1458,1
32.22,0.0837,1.1238,0.8616,0.535,0.0197,0.8725,0.0927,0.1401,0.1284,1
32.24,0.0343,0.6932,0.7727,0.5383,0.0205,0.8727,0.0937,0.1415,0.1283,1
32.26,-0.0745,0.0389,0.5238,0.5354,0.0235,0.87,0.0939,0.1432,0.1528,1
32.28,-0.2122,0.1743,-0.0449,0.5362,0.0181,0.8651,0.0944,0.1417,0.1515,1
32.3,0.0567,0.6124,0.4107,0.5349,0.0181,0.868,0.0914,0.1443,0.1202,1
32.32,-0.1364,-0.1522,0.3242,0.5359,0.0197,0.8668,0.0951,0.1404,0.1477,1
32.34,-0.2303,-0.6904,0.1216,0.5413,0.0232,0.8686,0.0948,0.1413,0.1351,1
32.36,-0.2758,-0.9393,-0.0101,0.54,0.0244,0.8679,0.0941,0.1402,0.1414,1
32.38,0.1152,-1.0846,0.4315,0.5478,0.0236,0.8675,0.0946,0.1393,0.1315,1
32.4,-0.1326,0.0392,0.4026,0.5446,0.025,0.8657,0.093,0.1417,0.1211,1
32.42,-0.2831,0.3009,0.219,0.5433,0.0219,0.8669,0.0929,0.1426,0.1116,1
32.44,-0.1364,0.7248,-0.0516,0.5439,0.0186,0.8664,0.0936,0.142,0.1149,1
32.46,-0.1856,-0.0476,-0.0462,0.5393,0.0161,0.8665,0.0947,0.1413,0.117,1
32.48,-0.1789,-0.5958,0.1807,0.5386,0.0228,0.8672,0.096,0.1434,0.1275,1
32.5,-0.2568,-0.5483,0.2525,0.5385,0.0186,0.8648,0.0932,0.1425,0.14,1
32.52,-0.5963,0.4292,-0.1238,0.5408,0.0152,0.8622,0.0934,0.143,0.138,1
32.54,-0.5443,0.1069,0.516,0.5404,0.0178,0.8689,0.0936,0.1422,0.1489,1
32.56,-0.5709,0.9042,0.258,0.5401,0.0214,0.8658,0.0925,0.1418,0.1511,1
32.58,-0.5189,1.0743,0.2034,0.5425,0.0205,0.8699,0.0931,0.1406,0.1317,1
32.6,-0.4579,0.5241,0.2215,0.5426,0.0137,0.8749,0.0934,0.1391,0.1532,1
32.62,-0.312,0.1896,0.4197,0.5369,0.0165,0.8681,0.0952,0.1391,0.1242,1
32.64,-0.1077,0.0166,0.3693,0.5432,0.0127,0.8651,0.092,0.1404,0.1503,1
32.66,-0.2293,0.3094,0.3792,0.5384,0.0212,0.8672,0.0923,0.1403,0.1539,1
32.68,-0.0236,0.4762,0.1632,0.5405,0.019,0.8694,0.0912,0.1414,0.1455,1
32.7,-0.3641,0.2038,0.2703,0.5356,0.0205,0.872,0.092,0.1402,0.1468,1
32.72,-0.1113,0.4095,0.5579,0.5379,0.0184,0.8693,0.0928,0.1415,0.1663,1
32.74,-0.2091,0.1288,0.7899,0.5405,0.0228,0.8703,0.0926,0.1436,0.1344,1
32.76,-0.4403,0.6026,0.3898,0.5374,0.0188,0.8659,0.0926,0.1409,0.1354,1
32.78,-0.3177,0.6624,0.2125,0.5348,0.0215,0.8682,0.0925,0.1406,0.1452,1
32.8,0.0543,0.1433,0.2921,0.5359,0.023,0.8688,0.0952,0.1444,0.1629,1
32.82,0.183,0.5235,0.4267,0.5328,0.017,0.8692,0.0932,0.1419,0.153,1
32.84,0.0872,-0.51,0.3642,0.5387,0.0235,0.8738,0.0957,0.1403,0.1466,1
32.86,-0.0075,-0.3388,0.1693,0.5362,0.0207,0.8692,0.0942,0.1423,0.1342,1
32.88,-0.2368,-0.1714,0.2821,0.5352,0.0211,0.867,0.0937,0.1418,0.1286,1
32.9,-0.2699,0.1124,0.3557,0.5397,0.0166,0.8692,0.0938,0.1399,0.1386,1
32.92,0.0144,0.4007,0.3683,0.5442,0.0275,0.8751,0.0942,0.1412,0.1585,1
32.94,-0.2009,0.544,0.3859,0.5399,0.022,0.8663,0.0921,0.143,0.1434,1
32.96,-0.0315,0.0046,0.7235,0.5345,0.0189,0.865,0.0922,0.1421,0.1434,1
32.98,0.0765,-0.172,0.7436,0.533,0.0205,0.8681,0.0937,0.1386,0.152,1
33.0,-0.1408,0.2827,0.2121,0.5319,0.014,0.8694,0.0943,0.1416,0.1465,1
33.02,-0.2855,-0.1847,-0.1566,0.5381,0.014,0.8712,0.0956,0.1401,0.1704,1
33.04,-0.3355,-0.1543,0.583,0.5369,0.0161,0.8686,0.0951,0.1413,0.1372,1
33.06,0.0265,0.0729,0.8345,0.5392,0.0224,0.8686,0.0951,0.1426,0.1467,1
33.08,0.0535,0.5101,0.5816,0.5345,0.0183,0.8691,0.0936,0.1428,0.1332,1
33.1,-0.1549,0.3222,0.3265,0.5325,0.0172,0.8696,0.0932,0.1427,0.1356,1
33.12,-0.2591,-0.0756,-0.0928,0.5358,0.0173,0.8718,0.093,0.1407,0.1414,1
33.14,-0.1494,0.0938,0.3977,0.5406,0.0173,0.8692,0.0947,0.1398,0.1389,1
33.16,-0.3655,0.19,0.1731,0.5377,0.0132,0.8673,0.0946,0.1408,0.146,1
33.18,-0.18,0.0034,0.0484,0.5407,0.0238,0.8669,0.0954,0.1415,0.1497,1
33.2,-0.1624,-0.1595,0.0595,0.5378,0.0273,0.8663,0.0927,0.1416,0.1247,1
33.22,-0.0921,-0.6453,0.3879,0.5406,0.0229,0.8702,0.0924,0.1446,0.1233,1
33.24,-0.1506,0.1304,0.3155,0.5382,0.0199,0.8657,0.0926,0.1431,0.1484,1
33.26,-0.2523,0.3496,0.3291,0.5377,0.0203,0.8671,0.0911,0.1414,0.1627,1
33.28,-0.0587,0.5655,0.3493,0.5355,0.0197,0.8672,0.093,0.1402,0.1344,1
33.3,-0.323,1.1351,0.4465,0.5327,0.0205,0.8703,0.0942,0.1419,0.1568,1
33.32,-0.2125,0.2421,0.4683,0.535,0.0202,0.8645,0.0928,0.1403,0.1459,1
33.34,-0.1222,-0.3688,0.4021,0.5366,0.0211,0.8689,0.0937,0.1405,0.1451,1
33.36,-0.0229,-0.6742,0.3878,0.5412,0.0168,0.8707,0.0941,0.1439,0.1539,1
33.38,-0.1347,0.0584,0.5322,0.5417,0.0174,0.8659,0.0939,0.1439,0.1239,1
33.4,-0.1656,0.3733,0.4216,0.5454,0.0181,0.8639,0.0945,0.144,0.1577,1
33.42,-0.384,0.0669,0.4022,0.5366,0.0213,0.8661,0.0933,0.1429,0.1404,1
33.44,-0.6059,0.2502,0.2908,0.5383,0.0222,0.8665,0.0933,0.1416,0.1489,1
33.46,-0.3767,-0.3415,0.3671,0.5384,0.0126,0.8672,0.0949,0.1418,0.1478,1
33.48,-0.0419,-0.7551,0.0439,0.5335,0.0096,0.8668,0.0919,0.1421,0.1265,1
33.5,-0.2569,-0.364,-0.1989,0.5382,0.0216,0.8712,0.0931,0.1413,0.1292,1
33.52,-0.1523,0.382,0.071,0.5352,0.0187,0.8715,0.0951,0.142,0.1555,1
33.54,0.0629,0.1819,0.0548,0.5293,0.0172,0.8723,0.0969,0.1407,0.1401,1
33.56,0.226,0.3011,-0.2849,0.5374,0.0128,0.8732,0.0924,0.1396,0.1407,1
33.58,-0.0969,0.4268,0.0439,0.5369,0.0205,0.8657,0.0954,0.1386,0.1189,1
33.6,0.1189,-0.4208,0.0056,0.5376,0.0178,0.8715,0.0977,0.1368,0.1641,1
33.62,0.0226,0.0016,-0.0556,0.5375,0.0221,0.8672,0.0938,0.1369,0.1586,1
33.64,-0.2385,0.1845,-0.1691,0.5416,0.024,0.8705,0.0949,0.1383,0.1391,1
33.66,-0.2852,0.4602,-0.0369,0.5397,0.0118,0.8645,0.0955,0.1376,0.1616,1
33.68,-0.4975,-0.0305,0.0429,0.5352,0.0203,0.8634,0.0936,0.1368,0.153,1
33.7,-0.1054,-0.3768,-0.2759,0.5358,0.0227,0.869,0.0951,0.1356,0.1496,1
33.72,0.1677,-0.8343,-0.1651,0.5375,0.0259,0.8702,0.0943,0.1361,0.1419,1
33.74,0.1013,-0.2425,0.3149,0.5414,0.0204,0.8691,0.0957,0.1374,0.1351,1
33.76,0.1316,-0.2375,0.1378,0.5417,0.0177,0.8706,0.0964,0.1357,0.1427,1
33.78,0.1631,0.6949,-0.1788,0.5372,0.0212,0.8722,0.094,0.1361,0.1396,1
33.8,-0.1215,0.5023,0.0431,0.5332,0.0207,0.8683,0.0933,0.1386,0.1435,1
33.82,-0.2727,-0.0719,0.2391,0.5343,0.0195,0.87,0.0934,0.1386,0.15,1
33.84,-0.1496,-0.2755,0.3641,0.538,0.0179,0.8705,0.0974,0.1386,0.1447,1
33.86,-0.6688,-0.0099,0.7871,0.5392,0.0167,0.8751,0.0966,0.1321,0.1618,1
33.88,-0.6252,1.1266,0.2629,0.5418,0.0223,0.865,0.0976,0.1357,0.1237,1
33.9,-0.9325,0.8894,-0.4301,0.5484,0.0217,0.8631,0.0967,0.1373,0.1359,1
33.92,-0.6207,-0.7513,-0.3875,0.5417,0.0233,0.8776,0.0974,0.1357,0.1416,1
33.94,-0.3263,-1.0006,-0.7414,0.5258,0.0252,0.8856,0.0939,0.1374,0.1577,1
33.96,0.5909,0.5008,-0.2185,0.5306,0.0182,0.8736,0.0958,0.1354,0.1456,1
33.98,0.6726,-0.8086,0.004,0.5287,0.0207,0.8667,0.0968,0.1383,0.1394,1
34.0,-0.139,-1.7577,1.027,0.5316,0.0279,0.8661,0.0973,0.1377,0.1503,1
34.02,-0.8202,-1.815,2.0501,0.537,0.0383,0.8664,0.0961,0.1364,0.1335,1
34.04,-0.7531,-1.2148,2.3591,0.5513,0.0341,0.8682,0.0964,0.1357,0.1241,1
34.06,-0.9589,-0.6997,1.3995,0.5442,0.0213,0.8725,0.0959,0.1372,0.1508,1
34.08,-0.5875,-0.5819,0.6406,0.5372,0.0125,0.876,0.0957,0.1368,0.1472,1
34.1,-0.6332,0.2982,0.1836,0.5318,0.0106,0.8619,0.0957,0.1367,0.1378,1
34.12,-0.8294,-0.0993,0.0686,0.5376,0.0168,0.855,0.0935,0.1367,0.1368,1
34.14,-0.4527,-2.7918,0.8007,0.5406,0.0203,0.8658,0.0925,0.1375,0.1494,1
34.16,-0.2158,-2.7701,1.2129,0.542,0.0173,0.8664,0.0903,0.1376,0.1353,1
34.18,-0.0463,-1.7272,1.7102,0.5422,0.0252,0.8706,0.0921,0.1389,0.1585,1
34.2,-0.7388,0.0818,2.3833,0.5263,0.0281,0.8647,0.0932,0.1378,0.1496,1
34.22,-1.2227,1.2946,2.9756,0.5402,0.0367,0.8518,0.0927,0.1376,0.1429,1
34.24,-0.536,-0.1978,2.6182,0.5488,0.0147,0.8552,0.0945,0.1374,0.1472,1
34.26,0.1178,-0.84,1.2599,0.5454,0.0035,0.861,0.0942,0.1386,0.1506,1
34.28,0.7274,-0.1499,0.4002,0.5496,0.0047,0.8569,0.0927,0.141,0.1136,1
34.3,0.5992,-2.1569,-0.2678,0.5404,0.0161,0.8651,0.0957,0.1408,0.1434,1
34.32,0.2043,-2.5725,-0.1756,0.5336,0.0146,0.8646,0.0936,0.1375,0.1231,1
34.34,-0.3019,-4.1297,0.283,0.5376,0.0218,0.8706,0.0939,0.14,0.147,1
34.36,-0.3356,-2.4225,0.3616,0.5515,0.0124,0.8534,0.0932,0.14,0.1232,1
34.38,-0.4609,-1.8094,0.6565,0.5505,0.0201,0.8589,0.0944,0.14,0.1619,1
34.4,-0.0631,-2.3728,1.366,0.5512,0.0196,0.8642,0.0931,0.1372,0.1571,1
34.42,0.163,-1.821,1.7221,0.5599,0.0122,0.8535,0.0903,0.1394,0.1354,1
34.44,0.1826,-2.5196,0.8794,0.5526,0.022,0.864,0.0912,0.143,0.1434,1
34.46,-0.1176,-2.0073,0.5765,0.5535,0.0178,0.8474,0.0884,0.139,0.1308,1
34.48,0.3187,-3.1231,0.096,0.5587,0.019,0.854,0.0935,0.1379,0.1276,1
34.5,0.3443,-3.9461,0.2372,0.5539,0.0173,0.8661,0.0927,0.1419,0.127,1
34.52,0.29,-2.3324,-0.0019,0.5491,0.018,0.8591,0.0893,0.1407,0.1425,1
34.54,0.4783,-3.4438,0.5726,0.5571,0.0174,0.8553,0.0893,0.141,0.1109,1
34.56,0.515,-4.2669,0.6157,0.5735,0.0031,0.8384,0.0883,0.142,0.1386,1
34.58,0.3452,-3.3108,0.4528,0.5722,0.0092,0.8361,0.09,0.1418,0.148,1
34.6,0.5891,-2.9506,0.2242,0.5748,0.017,0.8445,0.0893,0.141,0.141,1
34.62,0.3662,-0.3214,0.0453,0.57,0.0166,0.8513,0.0894,0.143,0.1256,1
34.64,0.1217,0.114,-0.1006,0.5579,0.0202,0.8661,0.088,0.1415,0.1171,1
34.66,0.1724,1.2721,0.2967,0.5658,0.0143,0.852,0.0903,0.1436,0.1186,1
34.68,0.1,1.406,0.245,0.5596,0.0203,0.8534,0.0901,0.1426,0.1453,1
34.7,-0.0711,0.7036,0.0584,0.5526,0.0279,0.8493,0.0906,0.1395,0.1324,1
34.72,0.333,-3.4662,0.1952,0.5516,0.0332,0.8525,0.0899,0.1423,0.1215,1
34.74,-0.3502,-3.2227,0.2379,0.5566,0.022,0.86,0.0883,0.1405,0.1252,1
34.76,-0.1299,-0.9055,-0.2836,0.5735,0.015,0.8408,0.0862,0.1429,0.1104,1
34.78,0.3691,-0.9738,-0.015,0.5741,0.0134,0.8394,0.0877,0.1427,0.121,1
34.8,0.4451,-1.8172,0.9735,0.5798,0.0137,0.8467,0.091,0.1419,0.1073,1
34.82,0.5758,-0.396,0.8469,0.573,0.0198,0.8511,0.0866,0.1441,0.0879,1
34.84,-1.2942,-1.2426,1.4362,0.5636,0.0264,0.8498,0.0872,0.1395,0.1086,1
34.86,-0.5549,-0.5405,-0.1933,0.5662,0.0045,0.8464,0.0888,0.1417,0.1033,1
34.88,1.4354,0.6988,-0.9206,0.575,-0.0043,0.8337,0.0919,0.1438,0.0976,1
34.9,2.6375,-0.2023,-0.0863,0.5665,0.0209,0.8472,0.0926,0.145,0.1038,1
34.92,1.8995,-1.5259,-0.2896,0.5729,0.0221,0.8422,0.0907,0.1421,0.1198,1
34.94,0.5279,-1.5922,-0.8019,0.5755,0.0331,0.845,0.0899,0.141,0.0961,1
34.96,-0.717,-2.0221,-1.5497,0.5725,0.0303,0.8532,0.0899,0.1393,0.1046,1
34.98,-0.8615,-0.5089,-1.8419,0.566,0.0188,0.8567,0.0914,0.1428,0.0922,1
35.0,-0.7402,0.9351,-1.4161,0.5665,0.0202,0.8404,0.087,0.1392,0.1073,1
35.02,-0.5976,-1.0745,-0.8773,0.566,0.0288,0.8372,0.0849,0.1424,0.1061,1
35.04,-0.4809,-2.4422,-0.4264,0.575,0.0292,0.8381,0.0837,0.1415,0.0909,1
35.06,-0.5335,-2.2921,-0.2056,0.577,0.0226,0.842,0.0809,0.1394,0.0795,1
35.08,-0.9619,-2.1622,-0.2633,0.5742,0.027,0.8376,0.0811,0.1408,0.1091,1
35.1,-0.6652,-2.1225,0.669,0.5771,0.0279,0.8378,0.0824,0.1403,0.1071,1
35.12,-0.4954,-1.3161,0.3048,0.5739,0.0174,0.8392,0.0823,0.1431,0.1048,1
35.14,-0.2931,-1.0674,-1.5605,0.5692,0.0196,0.8343,0.0799,0.1395,0.1072,1
35.16,0.0606,-0.9848,-1.6238,0.5811,0.0183,0.8323,0.0739,0.1444,0.1134,1
35.18,0.3438,-1.1784,-0.1267,0.5818,0.0213,0.8314,0.0569,0.1426,0.0868,1
35.2,0.3752,-1.436,1.1793,0.5789,0.03,0.8303,0.0583,0.1417,0.0925,1
35.22,0.4883,-1.4276,2.023,0.5757,0.0409,0.8374,0.0618,0.1394,0.0881,1
35.24,-0.0761,0.0912,2.5172,0.5725,0.0243,0.8434,0.0608,0.1394,0.1039,1
35.26,0.0453,0.8705,2.0356,0.5781,0.0204,0.8403,0.0661,0.1418,0.1103,1
35.28,0.0301,0.3525,1.5881,0.5776,0.014,0.8387,0.0694,0.1438,0.1158,1
35.3,-0.363,-0.182,1.477,0.5759,0.0202,0.8457,0.0772,0.1422,0.114,1
35.32,-0.2421,0.911,1.217,0.5783,0.0172,0.8364,0.0796,0.1414,0.1187,1
35.34,-0.4225,-0.3748,0.6699,0.5801,0.0201,0.8324,0.0804,0.1417,0.1119,1
35.36,-0.4232,-0.8909,0.838,0.578,0.0128,0.842,0.0811,0.1396,0.1341,1
35.38,-0.341,0.5494,0.8175,0.5747,0.02,0.8395,0.0861,0.141,0.1299,1
35.4,-0.3055,0.4659,0.3678,0.5797,0.0252,0.84,0.0863,0.1412,0.1293,1
35.42,0.4795,-0.1412,-0.4919,0.5731,0.0154,0.8377,0.084,0.1417,0.1099,1
35.44,0.5552,-0.1623,-0.1221,0.5811,0.0138,0.8289,0.084,0.141,0.1061,1
35.46,0.6139,-0.45,0.2021,0.5847,0.0174,0.8327,0.0865,0.144,0.1292,1
35.48,0.5369,0.013,-0.0286,0.5758,0.036,0.8395,0.0844,0.1415,0.1455,1
35.5,-0.023,-0.1801,0.3193,0.582,0.0265,0.8297,0.0849,0.1423,0.1131,1
35.52,-0.1715,-0.3299,-0.4499,0.592,0.0177,0.8306,0.0864,0.143,0.1219,1
35.54,-0.5781,-0.0707,-0.3598,0.5861,0.0352,0.8307,0.0859,0.1437,0.1068,1
35.56,-0.7959,-0.1049,-0.4183,0.5745,0.0329,0.8367,0.0834,0.1462,0.1208,1
35.58,-0.8246,0.1676,-0.055,0.5727,0.0227,0.8427,0.085,0.1414,0.1201,1
35.6,-0.6326,0.1621,1.0777,0.5757,0.0219,0.8386,0.0846,0.1417,0.1282,1
35.62,0.0013,0.2241,0.8167,0.5762,0.0137,0.8346,0.0845,0.1427,0.1329,1
35.64,-0.1147,0.5915,0.6633,0.5778,0.0233,0.8376,0.0861,0.1417,0.1318,1
35.66,-0.4247,0.3626,1.193,0.5833,0.0238,0.8287,0.0871,0.141,0.1483,1
35.68,-0.8804,0.4791,0.6923,0.5907,0.0105,0.8304,0.0883,0.1421,0.1263,1
35.7,-2.2903,0.6027,0.983,0.5822,0.0339,0.8375,0.0863,0.1416,0.1263,1
35.72,-2.8437,0.5454,2.4316,0.5901,0.0217,0.8328,0.0871,0.1437,0.1312,1
35.74,-2.205,2.6027,1.7851,0.5948,0.0076,0.8234,0.0892,0.1437,0.1283,1
35.76,-1.1164,2.0018,2.5925,0.5829,0.0045,0.8359,0.0924,0.142,0.1342,1
35.78,-0.1685,1.2798,2.8338,0.5812,0.0043,0.8254,0.0947,0.1393,0.1215,1
35.8,0.5562,0.96,1.1236,0.5817,0.0098,0.8307,0.092,0.144,0.1332,1
35.82,0.6732,0.0692,0.5575,0.5658,0.0076,0.8484,0.0913,0.1382,0.1458,1
35.84,-0.2821,0.7374,-0.5548,0.5657,0.0134,0.8477,0.0914,0.1389,0.1302,1
35.86,-0.0437,0.5314,-1.0766,0.5648,0.0078,0.8476,0.0943,0.1421,0.1349,1
35.88,-0.0085,0.5283,0.0898,0.5649,0.0112,0.8427,0.0895,0.1428,0.1412,1
35.9,0.0438,1.6706,-0.1746,0.5695,0.0217,0.8429,0.0945,0.1427,0.1318,1
35.92,-0.3451,1.3885,0.3121,0.565,0.0246,0.8517,0.0957,0.1417,0.1383,1
35.94,-0.7504,1.191,0.5289,0.5781,0.0154,0.8332,0.0967,0.1411,0.121,1
35.96,-0.666,0.0577,1.054,0.5791,0.0207,0.8338,0.0951,0.1456,0.1166,1
35.98,-0.7048,0.2776,2.3711,0.5778,0.0213,0.8466,0.0977,0.1424,0.1247,1
36.0,0.041,1.8983,2.0958,0.5756,0.0145,0.8406,0.0949,0.1418,0.1352,1
36.02,0.8232,1.078,1.2917,0.5677,0.0124,0.8405,0.0986,0.1434,0.1273,1
36.04,0.8867,0.2166,0.7699,0.5613,0.014,0.8542,0.0975,0.1426,0.1568,1
36.06,0.5374,1.4226,0.3322,0.5666,0.0074,0.8427,0.0984,0.1385,0.1393,1
36.08,0.2108,0.9342,0.2182,0.5639,0.0132,0.8487,0.0993,0.1402,0.1417,1
36.1,0.0814,0.5959,0.5529,0.5622,0.0081,0.8478,0.0974,0.1419,0.1588,1
36.12,-0.173,-0.0434,1.1655,0.564,0.0168,0.8453,0.0978,0.1457,0.1578,1
36.14,-0.23,0.479,1.0827,0.567,0.0187,0.8525,0.097,0.1418,0.1178,1
36.16,-0.4161,1.1468,0.9556,0.5624,0.0159,0.85,0.0984,0.141,0.1413,1
36.18,-0.3568,0.4657,1.4151,0.5649,0.0088,0.85,0.0997,0.1381,0.1207,1
36.2,-0.1549,0.4622,1.5097,0.564,0.0188,0.8519,0.0979,0.1408,0.1303,1
36.22,-0.4349,0.0085,1.57,0.5661,0.0171,0.8462,0.0978,0.1384,0.1378,1
36.24,-0.7633,0.4143,1.483,0.5705,0.0139,0.8469,0.0973,0.1389,0.1406,1
36.26,-0.9638,-0.0182,1.332,0.5677,0.0075,0.8476,0.0981,0.1397,0.1191,1
36.28,-0.5114,0.2116,1.3218,0.566,0.0106,0.8486,0.0984,0.1398,0.1731,1
36.3,0.634,1.1814,0.8617,0.5657,0.0049,0.8468,0.0977,0.1361,0.1291,1
36.32,0.6441,0.5947,0.3822,0.5618,0.0099,0.8468,0.0985,0.1396,0.1397,1
36.34,0.0341,-0.4724,-0.0475,0.5687,0.0095,0.8506,0.0976,0.1417,0.1498,1
36.36,-0.107,0.172,0.7896,0.5669,0.0069,0.8484,0.0948,0.1412,0.1322,1
36.38,-0.0588,-0.0636,1.3133,0.5653,0.0164,0.8453,0.0969,0.1404,0.1487,1
36.4,0.1249,0.499,1.2913,0.5608,0.0072,0.8478,0.0976,0.139,0.1273,1
36.42,-0.1915,1.7063,1.6411,0.5598,0.005,0.8498,0.0992,0.1382,0.1452,1
36.44,-0.2077,2.2853,1.0079,0.571,0.014,0.8454,0.0952,0.1399,0.1227,1
36.46,-0.1114,0.5965,0.6334,0.5642,0.0119,0.849,0.0947,0.1388,0.1141,1
36.48,-0.1524,-0.6712,-0.1073,0.5681,0.018,0.8469,0.096,0.1407,0.1411,1
36.5,-0.3011,-1.7142,0.0986,0.5659,0.0153,0.846,0.0942,0.1392,0.1182,1
36.52,-0.1999,-0.1611,-0.6302,0.5649,0.0207,0.849,0.0948,0.1399,0.1541,1
36.54,-0.0721,0.6082,-0.3525,0.5575,0.0167,0.8491,0.0944,0.1409,0.1388,1
36.56,0.0812,-0.1275,-0.2163,0.5591,0.015,0.8492,0.0951,0.1406,0.1492,1
36.58,0.0798,-0.7539,1.7999,0.5582,0.0123,0.8476,0.0951,0.139,0.128,1
36.6,-0.189,-1.0268,2.2438,0.5612,0.0175,0.8474,0.0935,0.1399,0.1212,1
36.62,-0.7066,-0.3708,0.9065,0.5651,0.0056,0.8468,0.0946,0.1395,0.1345,1
36.64,-0.662,0.3478,0.5062,0.572,0.0018,0.8508,0.0932,0.1386,0.1303,1
36.66,-0.7227,0.6336,-0.0983,0.5662,-0.0021,0.854,0.0931,0.1378,0.1177,1
36.68,-0.0518,0.532,-0.1793,0.5663,-0.003,0.8501,0.0949,0.1368,0.1186,1
36.7,0.0741,-0.6003,-0.3168,0.5582,0.0146,0.8434,0.0953,0.1395,0.1259,1
36.72,0.0734,-0.2258,0.0572,0.5574,0.0142,0.8471,0.0963,0.1359,0.1253,1
36.74,0.0701,-0.8191,-0.2121,0.5594,0.0127,0.8504,0.0963,0.1402,0.1143,1
36.76,0.2327,0.0033,0.4176,0.5661,0.0129,0.8509,0.0974,0.1415,0.1285,1
36.78,0.1644,0.5246,0.0675,0.5654,0.0151,0.8505,0.0988,0.1412,0.1324,1
36.8,-0.0633,0.619,0.0257,0.5637,0.0104,0.8432,0.098,0.1409,0.1596,1
36.82,0.1264,-0.3738,-0.107,0.564,0.0139,0.8473,0.0959,0.1404,0.1604,1
36.84,-0.1508,0.2778,0.0675,0.5593,0.0063,0.853,0.0982,0.1372,0.1535,1
36.86,0.0561,0.8642,-0.4605,0.5613,0.0122,0.8531,0.0968,0.1376,0.1371,1
36.88,-0.1598,0.1892,-0.4708,0.5662,0.0133,0.8507,0.0966,0.1362,0.1395,1
36.9,0.39,-0.0864,-0.1524,0.5613,0.0203,0.8493,0.0945,0.1414,0.1229,1
36.92,0.5714,-0.1705,-0.0598,0.5636,0.0206,0.8478,0.0979,0.1433,0.1348,1
36.94,-0.0488,0.5149,0.1715,0.5657,0.0142,0.8526,0.0986,0.1413,0.1391,1
36.96,-0.6777,1.5207,-0.4966,0.5643,0.0158,0.8457,0.0963,0.1385,0.1406,1
36.98,-1.3144,0.6622,-0.5352,0.5592,0.0193,0.8534,0.0997,0.1408,0.1318,1
37.0,-1.8861,0.7474,-0.4213,0.5511,0.0203,0.8647,0.0955,0.1388,0.1227,1
37.02,-1.9644,0.6835,-1.2692,0.552,0.007,0.8615,0.0966,0.1412,0.1184,1
37.04,-1.1488,0.2478,-1.8808,0.562,0.0065,0.8476,0.0989,0.1386,0.1254,1
37.06,0.0703,-0.5386,-1.2379,0.5572,0.0144,0.8433,0.0964,0.1408,0.138,1
37.08,0.7993,-0.914,-0.9395,0.56,0.01,0.8534,0.0954,0.1394,0.1262,1
37.1,0.8319,-0.0701,0.2011,0.5711,0.0214,0.8435,0.0954,0.1384,0.1219,1
37.12,1.2605,-0.1007,-0.6317,0.5758,0.0015,0.8349,0.097,0.1406,0.1532,1
37.14,2.7114,-0.2128,-1.7753,0.5735,-0.0053,0.8425,0.0951,0.1395,0.1398,1
37.16,4.5713,-0.3395,-1.5821,0.5661,0.0116,0.8458,0.0977,0.1434,0.1328,1
37.18,4.8578,-0.2776,-0.5438,0.5622,0.0225,0.8469,0.0988,0.1426,0.1324,1
37.2,3.0368,0.0868,-0.0872,0.5583,0.0465,0.8533,0.0987,0.1415,0.1369,1
37.22,-0.621,-0.7426,-0.5252,0.5654,0.0459,0.8475,0.0948,0.1408,0.1331,1
37.24,-2.3002,0.1163,0.3824,0.5702,0.0378,0.8418,0.097,0.1407,0.1265,1
37.26,-3.1751,1.8658,0.2878,0.566,0.0226,0.8454,0.0976,0.1406,0.1257,1
37.28,-2.3449,3.1801,0.5409,0.5479,0.0249,0.8592,0.0969,0.1357,0.1312,1
37.3,-1.6483,2.7473,0.7378,0.5531,0.0125,0.8528,0.0969,0.1408,0.136,1
37.32,-1.2504,0.6931,-1.2799,0.5527,0.0045,0.8588,0.0971,0.1422,0.1149,1
37.34,-0.6883,0.0757,-1.741,0.5548,0.0066,0.8509,0.1021,0.1397,0.1247,1
37.36,0.5629,-1.1086,-0.9939,0.5619,0.0195,0.8456,0.1003,0.1385,0.1065,1
37.38,0.7828,-0.5842,-0.0844,0.5601,0.0245,0.8559,0.0999,0.1387,0.1341,1
37.4,0.0808,1.0271,1.2398,0.5637,0.0313,0.8548,0.0988,0.1358,0.1201,1
37.42,-0.2098,0.722,1.0721,0.5632,0.0306,0.8547,0.0999,0.1438,0.1249,1
37.44,-1.0369,1.6319,1.1549,0.5549,0.0309,0.8497,0.0975,0.1428,0.1596,1
37.46,-0.8051,1.3579,1.2093,0.5556,0.0248,0.8543,0.0996,0.1422,0.1391,1
37.48,-1.0047,1.8387,0.8818,0.5509,0.0142,0.8592,0.0989,0.1414,0.1311,1
37.5,-0.6822,2.1919,0.0787,0.549,0.0166,0.8471,0.0976,0.1384,0.1344,1
37.52,-0.7592,0.8625,-0.7361,0.5468,0.0088,0.8594,0.0977,0.1388,0.1372,1
37.54,-0.7726,1.1435,-1.0205,0.5571,0.0109,0.8536,0.0961,0.1392,0.1243,1
37.56,-0.2007,0.2678,-1.0701,0.5517,0.0106,0.8522,0.0976,0.1403,0.1545,1
37.58,-0.217,1.2448,-0.8187,0.5667,0.0011,0.8511,0.0979,0.1399,0.1344,1
37.6,-0.27,0.8592,-0.4136,0.5534,0.0276,0.8559,0.0956,0.1408,0.1344,1
37.62,-0.6492,-0.3646,1.1796,0.5481,0.0398,0.8576,0.0976,0.1393,0.1434,1
37.64,-1.0319,-0.379,1.8836,0.5471,0.0392,0.8655,0.0977,0.1411,0.1245,1
37.66,-0.7002,0.1901,2.3226,0.5505,0.0163,0.8587,0.0968,0.1392,0.1178,1
37.68,0.7572,1.8112,3.3227,0.5497,0.0117,0.8502,0.0964,0.1386,0.1154,1
37.7,0.847,0.8757,2.6137,0.5461,0.01,0.8599,0.0953,0.1367,0.1293,1
37.72,0.6587,0.6217,2.6386,0.5539,0.0128,0.8573,0.095,0.1274,0.132,1
37.74,0.0487,-1.4953,3.0618,0.5521,0.0183,0.8571,0.096,0.1336,0.1578,1
37.76,-0.0798,-1.5401,2.3315,0.549,0.0165,0.8651,0.0956,0.1323,0.1273,1
37.78,0.3932,-0.7437,2.2524,0.5567,0.0027,0.8573,0.0948,0.1309,0.1202,1
37.8,0.3858,0.0929,2.0032,0.5522,0.0034,0.8603,0.0928,0.1313,0.1235,1
37.82,0.9167,0.4633,2.0458,0.5596,0.0059,0.8471,0.0949,0.1305,0.1235,1
37.84,0.5781,0.3894,1.5436,0.5519,0.0121,0.8577,0.0944,0.1337,0.1304,1
37.86,-0.4404,0.9292,0.9305,0.5589,0.014,0.86,0.0944,0.1347,0.1287,1
37.88,-1.036,-0.3849,-0.0809,0.5598,0.0125,0.8567,0.0943,0.1358,0.1403,1
37.9,-1.7534,-0.6891,-0.7304,0.5519,0.0124,0.8618,0.0913,0.1341,0.1396,1
37.92,-1.033,-0.4623,-0.1637,0.5512,0.0111,0.8514,0.089,0.1339,0.1177,1
37.94,-0.776,-1.6245,0.2045,0.5492,0.0072,0.8545,0.0892,0.1333,0.1264,1
37.96,-0.1065,-1.3473,0.9585,0.5581,0.0052,0.8456,0.0854,0.1345,0.1295,1
37.98,-0.1195,-1.2676,0.5404,0.5635,0.0123,0.8527,0.0872,0.1331,0.1027,1
38.0,-0.364,-0.2585,0.2557,0.5598,0.0161,0.8614,0.0858,0.1342,0.13,1
38.02,0.1251,0.0442,0.9673,0.5559,0.0172,0.8513,0.0824,0.1332,0.1206,1
38.04,-0.0846,0.269,0.7664,0.5545,0.016,0.8567,0.084,0.1309,0.1134,1
38.06,-0.4872,0.0662,0.3978,0.5525,0.007,0.8484,0.0831,0.1317,0.1123,1
38.08,-0.7453,-2.3566,-0.4832,0.548,0.0072,0.8509,0.084,0.1329,0.1283,1
38.1,-0.9805,-3.3156,-0.5059,0.5516,0.0049,0.8617,0.0858,0.1335,0.1181,1
38.12,-0.4916,-0.3766,0.9417,0.5519,0.0177,0.8604,0.0883,0.133,0.1197,1
38.14,0.0696,1.9414,1.9779,0.5495,0.0176,0.8618,0.0902,0.1335,0.124,1
38.16,0.4554,0.675,2.2297,0.5546,0.01,0.8523,0.092,0.1314,0.1192,1
38.18,0.0406,-0.1358,1.6058,0.5632,0.0002,0.8473,0.0899,0.1305,0.1451,1
38.2,-0.8898,2.2221,-0.178,0.5588,0.0064,0.8564,0.0915,0.1318,0.111,1
38.22,-0.6807,2.6149,-0.4332,0.5584,0.001,0.8528,0.0933,0.1299,0.1047,1
38.24,-0.2574,-0.1862,-0.3713,0.5524,0.0055,0.8672,0.0929,0.1334,0.1094,1
38.26,-0.3354,0.5501,-0.1034,0.5584,0.0099,0.8483,0.0932,0.1314,0.1392,1
38.28,-0.2623,-0.0822,-0.5527,0.5554,0.014,0.8519,0.0936,0.129,0.1292,1
38.3,0.5155,-1.1682,0.3796,0.5543,0.0178,0.8573,0.0937,0.1319,0.1127,1
38.32,0.9912,-0.751,1.2649,0.553,0.0114,0.8586,0.0932,0.1332,0.1351,1
38.34,1.0229,0.6717,1.8214,0.5513,0.0168,0.8633,0.094,0.1323,0.1154,1
38.36,0.6804,1.7014,2.2898,0.5397,0.0181,0.8578,0.0936,0.1346,0.1114,1
38.38,0.0732,0.5157,2.3359,0.5404,0.02,0.8537,0.0958,0.1333,0.116,1
38.4,-0.6942,-0.086,1.9653,0.5611,0.0118,0.8447,0.0971,0.1334,0.1153,1
38.42,-1.2804,-0.8303,0.7779,0.5555,0.0149,0.863,0.0948,0.1326,0.1434,1
38.44,-0.7302,1.2129,1.7202,0.5672,0.0039,0.8524,0.0967,0.1333,0.111,1
38.46,-0.2431,1.8406,1.4939,0.5567,-0.0032,0.851,0.0984,0.1368,0.1506,1
38.48,0.0615,0.313,0.8998,0.564,-0.0022,0.8464,0.0966,0.1349,0.1137,1
38.5,-0.2563,-0.4778,0.5522,0.5553,0.0045,0.8497,0.0958,0.1315,0.1213,1
38.52,-0.869,-0.358,0.8552,0.5489,0.0125,0.865,0.0963,0.1329,0.1252,1
38.54,-0.5988,0.0568,1.6009,0.5518,0.0067,0.8618,0.0951,0.1324,0.1281,1
38.56,-0.7921,-0.7338,1.7804,0.547,0.0033,0.8613,0.0967,0.1351,0.1358,1
38.58,-0.7571,-0.2987,0.4552,0.5577,-0.0062,0.8478,0.0977,0.1335,0.1207,1
38.6,-0.6777,0.5552,-1.0697,0.5524,-0.0066,0.8558,0.096,0.133,0.1357,1
38.62,-0.7084,1.6116,-0.6939,0.5525,-0.0044,0.8686,0.0955,0.1312,0.1265,1
38.64,0.1705,1.3076,-0.6352,0.5438,0.0042,0.8623,0.0956,0.1316,0.1403,1
38.66,0.4314,-0.9425,-0.5779,0.5465,0.0081,0.8634,0.0953,0.1336,0.1076,1
38.68,-0.2548,0.0244,-0.3764,0.5561,0.0068,0.8502,0.0961,0.133,0.1295,1
38.7,-0.6012,-0.3446,-1.7484,0.5499,0.0033,0.8589,0.0957,0.1323,0.1249,1
38.72,-0.4298,0.1027,-1.0702,0.5496,0.0093,0.856,0.0947,0.1338,0.1187,1
38.74,0.1077,0.5042,-0.5238,0.5505,0.0098,0.8571,0.0943,0.1316,0.1379,1
38.76,0.4444,-0.1866,0.2313,0.5448,0.0131,0.8627,0.0968,0.1325,0.119,1
38.78,0.1126,0.0645,0.2857,0.5576,0.0084,0.8519,0.0941,0.1325,0.117,1
38.8,-0.4214,0.8037,-0.3495,0.5549,0.0045,0.851,0.0928,0.1331,0.1244,1
38.82,-0.3778,1.6228,-0.8213,0.5458,0.0143,0.8572,0.095,0.1313,0.1223,1
38.84,-0.2161,1.2794,0.3079,0.5548,0.0152,0.8519,0.0954,0.134,0.1428,1
38.86,-0.3914,-0.3356,1.1378,0.5549,0.0141,0.8552,0.0974,0.1324,0.1332,1
38.88,0.0438,-0.6782,1.6527,0.552,0.0014,0.8669,0.0947,0.1302,0.1284,1
38.9,0.6079,0.7984,1.754,0.5501,0.0156,0.8625,0.0952,0.1301,0.1308,1
38.92,0.3927,0.5433,1.1931,0.5417,0.0049,0.8603,0.0989,0.1334,0.1367,1
38.94,-0.4753,0.1323,0.7975,0.5495,0.0103,0.8519,0.098,0.1335,0.1444,1
38.96,-0.9309,-0.4794,0.3582,0.5463,0.0028,0.8469,0.0963,0.1329,0.1376,1
38.98,-0.5706,-2.4228,-0.7761,0.5463,-0.0099,0.8716,0.0979,0.1303,0.1169,1
39.0,0.4354,-0.3557,-0.1799,0.5563,-0.001,0.8672,0.095,0.1317,0.1299,1
39.02,0.9239,-0.1813,1.3558,0.5495,0.0159,0.852,0.0974,0.1318,0.1201,1
39.04,0.5995,-0.9839,2.4804,0.5671,0.0159,0.8453,0.0975,0.1323,0.1302,1
39.06,-0.2559,-1.4617,2.4612,0.5753,-0.0058,0.8388,0.0965,0.1294,0.1179,1
39.08,-1.2674,-1.8205,0.3945,0.5568,-0.0172,0.8531,0.0963,0.1313,0.1152,1
39.1,-0.3969,0.4331,-0.5653,0.5499,-0.0021,0.8615,0.0988,0.1352,0.1119,1
39.12,-0.6018,2.1031,0.8443,0.5699,0.0106,0.8401,0.0977,0.1384,0.128,1
39.14,-2.1169,0.271,0.1121,0.5659,0.0093,0.835,0.0964,0.1387,0.1086,1
39.16,-2.3885,-2.0543,-1.6588,0.5541,-0.006,0.8595,0.0953,0.1364,0.1386,1
39.18,-1.2762,-1.06,-0.3931,0.5593,0.0023,0.8621,0.0976,0.1369,0.1235,1
39.2,-0.2821,-0.8942,0.9784,0.5555,0.0177,0.8626,0.0952,0.1371,0.1515,1
39.22,0.3812,-0.2717,2.288,0.5519,0.0151,0.8616,0.0955,0.1407,0.1504,1
39.24,-0.4594,0.5822,1.8146,0.5489,0.0071,0.8604,0.0963,0.14,0.1143,1
39.26,-0.7284,2.154,0.3687,0.5462,-0.0021,0.8536,0.0965,0.1423,0.1504,1
39.28,-0.7319,0.9337,-0.9448,0.5425,-0.001,0.86,0.0958,0.1375,0.1351,1
39.3,-0.3951,1.0815,-0.2514,0.55,-0.0094,0.8533,0.0942,0.1366,0.1355,1
39.32,-0.55,0.0601,-0.6439,0.5484,-0.0098,0.8595,0.0935,0.1368,0.1271,1
39.34,-0.7913,-0.984,-1.4006,0.5481,-0.0019,0.8613,0.0955,0.1413,0.1497,1
39.36,-0.7849,-0.6021,-1.0544,0.5544,-0.0077,0.8614,0.0963,0.1399,0.1299,1
39.38,0.014,-0.2277,-0.0106,0.5532,-0.0011,0.859,0.0961,0.1388,0.1342,1
39.4,0.3819,-0.6845,1.0711,0.5522,-0.0001,0.8527,0.0949,0.1403,0.1332,1
39.42,0.4097,-0.9451,1.0283,0.5617,-0.0041,0.8503,0.0958,0.14,0.1152,1
39.44,0.1804,-0.1563,0.0481,0.5559,0.0078,0.8544,0.0975,0.1389,0.1278,1
39.46,0.3324,0.3784,-0.2298,0.559,0.0065,0.8523,0.0948,0.1374,0.1106,1
39.48,0.2796,0.0407,-0.519,0.5606,0.0067,0.8575,0.0917,0.1429,0.1208,1
39.5,0.0024,-0.6624,0.417,0.5564,0.0084,0.8528,0.0932,0.1413,0.1083,1
39.52,0.0041,-0.2431,1.116,0.5599,0.0063,0.8493,0.092,0.1379,0.1387,1
39.54,-0.1359,-0.1823,0.673,0.5574,0.0044,0.8484,0.0947,0.1372,0.1311,1
39.56,-0.1453,0.2831,-0.233,0.5553,0.0009,0.8626,0.0937,0.1353,0.1002,1
39.58,0.0996,1.7285,0.3849,0.5571,-0.0074,0.8518,0.0931,0.141,0.1375,1
39.6,0.2891,1.2021,0.2556,0.5554,-0.0001,0.8543,0.0952,0.14,0.1363,1
39.62,0.3793,0.1517,-0.0476,0.553,0.0052,0.8564,0.0944,0.1404,0.1252,1
39.64,0.3253,0.9032,-0.0805,0.5603,-0.0046,0.8518,0.0937,0.1389,0.135,1
39.66,-0.209,1.2076,-0.4934,0.554,-0.0066,0.8526,0.0957,0.1388,0.1408,1
39.68,-0.0358,0.5228,-0.4277,0.5469,0.0014,0.8559,0.0945,0.1392,0.1251,1
39.7,0.2216,-0.0293,-0.2608,0.5543,-0.0024,0.8611,0.0981,0.1367,0.1492,1
39.72,0.2662,0.8071,-0.4947,0.5518,0.0004,0.8564,0.0967,0.1425,0.1263,1
39.74,0.476,0.897,-0.3465,0.545,0.0104,0.8609,0.0955,0.139,0.126,1
39.76,0.6364,0.7405,-0.333,0.5485,0.0069,0.8568,0.0959,0.138,0.137,1
39.78,0.6778,0.444,0.2896,0.5513,0.0119,0.8617,0.0946,0.1386,0.113,1
39.8,0.2974,1.1967,0.0432,0.5439,0.004,0.8616,0.0969,0.1407,0.1298,1
39.82,0.1764,1.9345,-0.006,0.548,0.0149,0.8587,0.0955,0.1373,0.1246,1
39.84,-0.5553,-0.3998,-0.6256,0.5549,0.0039,0.8544,0.0958,0.1365,0.1329,1
39.86,-0.4719,-0.5017,-0.8116,0.5528,0.0,0.8529,0.0954,0.1368,0.1148,1
39.88,-0.1831,-0.521,-0.2563,0.5554,0.0083,0.8514,0.0955,0.1376,0.1377,1
39.9,0.2897,-1.1375,0.2979,0.5539,0.0146,0.8552,0.0942,0.1373,0.1244,1
39.92,0.1467,-1.6367,0.4026,0.5558,-0.0009,0.8566,0.095,0.136,0.1347,1
39.94,-0.2029,-0.6594,0.1018,0.5608,0.0022,0.8554,0.0911,0.1385,0.1255,1
39.96,-0.5581,0.5302,0.3947,0.554,0.0081,0.856,0.0922,0.1367,0.1345,1
39.98,-0.375,-0.2767,0.4462,0.5502,0.011,0.8596,0.0923,0.1374,0.1123,1
40.0,-0.5487,-0.143,0.5144,0.5442,0.0178,0.8577,0.0937,0.1356,0.1133,1
