time,gyr_x,gyr_y,gyr_z,acc_x,acc_y,acc_z,fsr_left,fsr_right,fsr_spine,label
0.02,-0.1222,-1.4031,0.2917,0.593,-0.0176,0.8635,0.0766,0.1467,0.1146,1
0.04,-0.1774,-0.8934,0.3038,0.5975,-0.0215,0.8667,0.0767,0.1442,0.1113,1
0.06,-0.2866,0.6677,-0.1243,0.5894,-0.0178,0.8654,0.0757,0.1464,0.125,1
0.08,-0.437,1.296,-0.1012,0.5885,-0.021,0.8609,0.0758,0.1476,0.1384,1
0.1,-0.5389,1.5614,-0.0817,0.5877,-0.019,0.8566,0.077,0.148,0.1213,1
0.12,-0.6945,1.1846,-0.2099,0.587,-0.0201,0.8556,0.0766,0.1468,0.1294,1
0.14,-0.6675,0.4255,-0.3362,0.587,-0.0252,0.8574,0.0765,0.1466,0.1396,1
0.16,-0.4755,-0.152,-0.3114,0.5876,-0.0246,0.8589,0.0764,0.1475,0.1272,1
0.18,-0.4821,-0.4319,-0.2278,0.5891,-0.0193,0.8589,0.0742,0.1469,0.1355,1
0.2,-0.3537,-0.3625,-0.3466,0.5889,-0.023,0.8605,0.076,0.1477,0.1441,1
0.22,0.1729,-0.6741,-0.1009,0.5875,-0.0167,0.8658,0.0761,0.1466,0.1029,1
0.24,0.2659,-0.0165,0.1277,0.587,-0.0174,0.8659,0.0758,0.1474,0.1392,1
0.26,0.3707,0.8776,0.32,0.5862,-0.0157,0.8642,0.0759,0.1475,0.1261,1
0.28,0.0762,1.0585,0.4802,0.5825,-0.0175,0.8638,0.0762,0.1468,0.1106,1
0.3,-0.3217,0.5862,0.2674,0.5799,-0.0196,0.8643,0.0747,0.1475,0.1119,1
0.32,-0.359,0.2957,0.2196,0.5803,-0.023,0.8662,0.0757,0.148,0.1266,1
0.34,-0.2347,0.2509,0.3035,0.5817,-0.0207,0.8672,0.0772,0.1471,0.1263,1
0.36,-0.164,0.0294,0.3207,0.5825,-0.0176,0.8673,0.078,0.1465,0.1173,1
0.38,-0.0878,-0.3899,0.361,0.5828,-0.0211,0.8677,0.0785,0.1475,0.1201,1
0.4,-0.1311,-0.5569,0.3692,0.5822,-0.0158,0.8665,0.074,0.1486,0.1109,1
0.42,-0.1492,-0.324,0.2979,0.583,-0.0119,0.8678,0.075,0.1479,0.129,1
0.44,-0.3028,0.2481,0.3664,0.5833,-0.017,0.8638,0.0756,0.1456,0.1135,1
0.46,-0.2748,0.0527,0.7747,0.5833,-0.019,0.8673,0.0767,0.1474,0.1307,1
0.48,-0.1866,0.9541,0.7981,0.585,-0.016,0.864,0.0772,0.1474,0.1271,1
0.5,-0.0678,0.9325,0.6616,0.5815,-0.0239,0.8625,0.077,0.1468,0.1299,1
0.52,0.0028,0.5575,0.417,0.5812,-0.026,0.8648,0.0764,0.1464,0.1469,1
0.54,-0.3427,0.2214,0.1909,0.5843,-0.0207,0.8684,0.0757,0.1464,0.1477,1
0.56,-0.7167,0.2173,0.0578,0.586,-0.0117,0.87,0.0752,0.1463,0.1475,1
0.58,-0.7567,0.5273,0.0885,0.5857,-0.0059,0.8682,0.0756,0.1464,0.1553,1
0.6,-1.0101,0.5001,0.261,0.5857,-0.0132,0.8644,0.0764,0.1476,0.1242,1
0.62,-0.9962,0.4574,-0.0068,0.5856,-0.017,0.8622,0.0764,0.1466,0.1147,1
0.64,-1.0073,0.6494,0.1387,0.5881,-0.0213,0.8593,0.0763,0.1476,0.123,1
0.66,-1.08,0.7012,0.2059,0.5827,-0.0127,0.8631,0.0772,0.1457,0.115,1
0.68,-1.1894,0.9396,0.2115,0.5777,-0.0173,0.8659,0.0765,0.1458,0.1464,1
0.7,-0.9546,0.8843,0.0638,0.5813,-0.0196,0.8684,0.0769,0.1457,0.1454,1
0.72,-0.728,0.4179,0.0547,0.58,-0.0251,0.8684,0.0745,0.1452,0.1404,1
0.74,-0.5202,0.4609,0.1101,0.5824,-0.0267,0.8577,0.0752,0.1455,0.1273,1
0.76,-0.2251,-0.05,0.2353,0.5875,-0.0204,0.8584,0.0773,0.1461,0.1169,1
0.78,0.1249,-1.2867,0.3752,0.5897,-0.0169,0.8697,0.076,0.1457,0.1219,1
0.8,0.4093,-1.0654,0.3328,0.5942,-0.0249,0.8585,0.076,0.1447,0.1302,1
0.82,0.5572,-0.2737,0.3478,0.5968,-0.029,0.8586,0.081,0.1463,0.1484,1
0.84,0.6312,-0.5305,0.4025,0.5791,-0.0167,0.866,0.0788,0.1449,0.1394,1
0.86,0.3788,0.8468,-0.327,0.5731,-0.0174,0.8753,0.0772,0.1445,0.148,1
0.88,0.3391,0.844,0.0037,0.5769,-0.0113,0.8736,0.0765,0.1451,0.0957,1
0.9,0.2779,0.5364,0.294,0.5779,-0.0172,0.869,0.0797,0.1451,0.1184,1
0.92,0.1971,0.1121,0.5702,0.5776,-0.0145,0.8674,0.0785,0.1463,0.1389,1
0.94,-0.3216,-0.0114,0.6125,0.5807,-0.0127,0.8679,0.0777,0.1456,0.1425,1
0.96,-0.8423,0.5659,0.4098,0.5799,-0.0148,0.8626,0.0784,0.145,0.1448,1
0.98,-0.8153,1.2745,0.126,0.5764,-0.0183,0.8544,0.0773,0.1458,0.1441,1
1.0,-0.4743,0.9806,-0.062,0.5786,-0.0226,0.8588,0.075,0.1457,0.1319,1
1.02,-0.2677,-0.1596,0.0581,0.5766,-0.0203,0.8765,0.0771,0.1457,0.1262,1
1.04,0.0405,-0.2514,0.3686,0.5762,-0.0227,0.8785,0.0802,0.1441,0.146,1
1.06,0.3806,0.6284,0.3785,0.5867,-0.0253,0.8683,0.0813,0.1467,0.125,1
1.08,0.395,0.2753,0.2205,0.5883,-0.0181,0.8685,0.0778,0.1454,0.1354,1
1.1,-0.0946,-0.3553,0.2123,0.5879,-0.0195,0.8569,0.0763,0.1455,0.1574,1
1.12,-0.2223,-1.0104,0.258,0.5853,-0.021,0.8553,0.0762,0.1449,0.1623,1
1.14,-0.3238,-1.2782,0.422,0.5871,-0.0241,0.8594,0.0769,0.1451,0.1473,1
1.16,-0.5236,-0.8302,0.5998,0.5897,-0.0246,0.8618,0.0778,0.1458,0.1201,1
1.18,-0.4481,0.1918,0.5924,0.5878,-0.0226,0.8626,0.0777,0.1457,0.1162,1
1.2,-0.058,0.9695,0.4551,0.5822,-0.0227,0.867,0.0779,0.1448,0.1338,1
1.22,0.0716,0.8474,0.4633,0.5766,-0.0239,0.8753,0.0804,0.1454,0.1184,1
1.24,0.0279,0.8896,0.4393,0.5771,-0.0223,0.8759,0.0773,0.1469,0.1368,1
1.26,-0.395,0.0626,0.3325,0.579,-0.0226,0.8626,0.0795,0.1442,0.1476,1
1.28,-0.7942,0.0919,0.2945,0.5766,-0.0134,0.8583,0.0801,0.1449,0.1424,1
1.3,-0.8756,-0.1146,0.363,0.5782,-0.0212,0.8584,0.0812,0.1458,0.124,1
1.32,-0.7946,-0.1907,0.4741,0.5793,-0.0259,0.8618,0.0798,0.1445,0.1391,1
1.34,-0.4526,0.0235,0.3681,0.5814,-0.0219,0.8665,0.0778,0.1441,0.1385,1
1.36,-0.1291,0.1566,0.3708,0.5821,-0.0227,0.8712,0.0766,0.1447,0.1322,1
1.38,0.0515,0.2877,0.3361,0.5805,-0.0254,0.8749,0.0776,0.1455,0.1278,1
1.4,0.1841,0.6492,0.1446,0.5777,-0.023,0.8747,0.0798,0.1459,0.1207,1
1.42,0.2563,0.7232,0.1535,0.5765,-0.0221,0.8688,0.0791,0.1458,0.1248,1
1.44,0.1385,-0.22,0.1747,0.583,-0.0196,0.8628,0.0769,0.146,0.1489,1
1.46,-0.1003,-0.3658,0.4177,0.5842,-0.0196,0.862,0.0798,0.1445,0.1614,1
1.48,-0.3949,-0.3413,0.2695,0.5811,-0.0135,0.8641,0.0786,0.1449,0.1467,1
1.5,-0.2902,-0.0198,0.2231,0.584,-0.0192,0.8652,0.0793,0.1454,0.1244,1
1.52,-0.2056,0.2897,0.2512,0.5846,-0.0205,0.8673,0.0786,0.1445,0.1291,1
1.54,-0.108,0.2815,0.3993,0.5844,-0.0222,0.8675,0.0792,0.1454,0.1255,1
1.56,0.0156,0.4753,0.4279,0.5828,-0.0223,0.8699,0.0787,0.1459,0.1386,1
1.58,0.1223,0.4916,0.5053,0.5813,-0.0185,0.8689,0.0778,0.1458,0.1358,1
1.6,0.0863,0.4553,0.659,0.5813,-0.0155,0.8632,0.0775,0.1462,0.124,1
1.62,-0.1241,0.7576,0.6344,0.5818,-0.0159,0.8603,0.0773,0.1463,0.1347,1
1.64,-0.2067,0.3814,0.5184,0.5812,-0.0133,0.8629,0.0791,0.1445,0.1173,1
1.66,0.2039,-0.3273,0.4637,0.5728,-0.0166,0.8753,0.0801,0.1451,0.1401,1
1.68,0.4312,-0.1648,0.4172,0.5762,-0.0285,0.8753,0.0814,0.1457,0.1344,1
1.7,0.551,-0.4646,0.1844,0.5811,-0.0275,0.8705,0.0831,0.1428,0.1233,1
1.72,0.3911,0.2089,0.1251,0.5835,-0.0192,0.8652,0.0834,0.1435,0.1369,1
1.74,0.2498,0.1885,0.1928,0.5836,-0.0173,0.8647,0.0796,0.1442,0.1159,1
1.76,0.1878,0.1777,0.1899,0.5817,-0.0174,0.8692,0.081,0.1447,0.1249,1
1.78,0.0804,0.3964,0.2296,0.5805,-0.0142,0.8708,0.0816,0.1438,0.1405,1
1.8,-0.2279,0.5207,0.2791,0.5802,-0.0145,0.8688,0.0805,0.1426,0.1348,1
1.82,-0.5216,0.342,0.2024,0.5799,-0.0186,0.8687,0.0825,0.1436,0.1307,1
1.84,-0.4129,0.0544,0.0656,0.5801,-0.015,0.8712,0.0832,0.1465,0.141,1
1.86,-0.2682,0.1442,-0.0553,0.5788,-0.0154,0.8732,0.0802,0.1473,0.1325,1
1.88,-0.1881,0.2998,-0.0233,0.5784,-0.0171,0.8684,0.0798,0.1433,0.1631,1
1.9,-0.0604,0.3067,0.2332,0.5836,-0.0194,0.8585,0.083,0.143,0.1443,1
1.92,-0.247,-0.3345,0.2008,0.5841,-0.0209,0.8583,0.08,0.1435,0.1264,1
1.94,-0.2992,-0.3478,0.2967,0.5796,-0.0189,0.8653,0.0842,0.1438,0.1355,1
1.96,-0.2665,-0.6696,0.254,0.5788,-0.0211,0.8726,0.0853,0.1436,0.1465,1
1.98,-0.0205,-0.1349,0.1714,0.5807,-0.0216,0.8679,0.0844,0.1439,0.13,1
2.0,0.0135,0.4752,0.1263,0.5827,-0.0208,0.8574,0.0837,0.1437,0.1195,1
2.02,-0.2394,0.5529,0.0775,0.5834,-0.02,0.8535,0.085,0.1432,0.1325,1
2.04,-0.3417,0.8816,-0.017,0.5828,-0.0176,0.8582,0.0868,0.1437,0.1408,1
2.06,-0.3994,0.9874,-0.0929,0.581,-0.0167,0.8669,0.0825,0.1431,0.1387,1
2.08,-0.5293,0.2825,0.1552,0.5777,-0.0177,0.8755,0.0839,0.1423,0.1156,1
2.1,-0.6207,0.0055,0.199,0.5784,-0.0131,0.8738,0.0834,0.144,0.1356,1
2.12,-0.4591,-0.0024,0.1338,0.5793,-0.0153,0.8744,0.0826,0.1439,0.1352,1
2.14,-0.3145,-0.6407,0.324,0.578,-0.017,0.8707,0.0824,0.1434,0.1341,1
2.16,-0.0961,-0.6863,0.4529,0.5802,-0.0161,0.8644,0.0841,0.1431,0.1257,1
2.18,-0.0071,-0.7112,0.6101,0.5806,-0.0187,0.8638,0.0829,0.1444,0.1282,1
2.2,-0.0787,-0.6073,0.6825,0.5806,-0.0224,0.8659,0.0817,0.1451,0.133,1
2.22,-0.171,-0.4377,0.4882,0.5793,-0.0223,0.8623,0.0832,0.1448,0.125,1
2.24,-0.1971,-0.5044,0.1612,0.5781,-0.0197,0.858,0.0842,0.1441,0.1216,1
2.26,-0.193,-0.6863,0.0376,0.5817,-0.0186,0.8652,0.0828,0.1433,0.1379,1
2.28,-0.117,-0.808,0.0954,0.5818,-0.016,0.8702,0.084,0.1446,0.1191,1
2.3,0.2587,-0.6104,0.3953,0.578,-0.0132,0.8703,0.0804,0.1442,0.1246,1
2.32,0.1663,-0.5677,0.4578,0.5783,-0.0121,0.8741,0.0813,0.1434,0.1143,1
2.34,0.029,-0.7064,0.3519,0.5808,-0.0171,0.8688,0.0792,0.145,0.1242,1
2.36,0.0023,-0.7855,0.4057,0.5836,-0.0155,0.8681,0.0775,0.145,0.111,1
2.38,-0.3383,-0.6824,0.4763,0.5842,-0.0151,0.8672,0.0781,0.1443,0.1296,1
2.4,-0.74,-0.323,0.6371,0.5829,-0.0155,0.865,0.0793,0.1433,0.1289,1
2.42,-0.9065,-0.2189,0.6154,0.5823,-0.017,0.8649,0.0792,0.1432,0.1202,1
2.44,-0.8111,-0.419,0.5071,0.5831,-0.0192,0.8663,0.0773,0.1437,0.1134,1
2.46,-0.6078,-0.2183,0.5974,0.5838,-0.0203,0.8653,0.0758,0.1435,0.1037,1
2.48,-0.4162,0.47,0.6131,0.5837,-0.02,0.8631,0.0771,0.1439,0.1286,1
2.5,-0.1522,0.2694,0.7199,0.5847,-0.0158,0.8646,0.076,0.1462,0.1387,1
2.52,0.1706,0.368,0.959,0.5849,-0.025,0.8642,0.0762,0.1447,0.1324,1
2.54,0.0022,-1.1027,1.1022,0.5848,-0.0242,0.8615,0.0754,0.1454,0.1408,1
2.56,-0.2558,-0.6324,1.0268,0.5871,-0.0155,0.8634,0.0744,0.1448,0.1283,1
2.58,-0.3173,-0.606,0.8886,0.5872,-0.0173,0.8648,0.0734,0.1453,0.1226,1
2.6,-0.3336,-0.4737,0.6983,0.5856,-0.0145,0.8626,0.0726,0.1446,0.1074,1
2.62,-0.3915,-0.5376,0.5971,0.5846,-0.0161,0.8581,0.0695,0.1451,0.101,1
2.64,-0.4545,-0.9634,0.6357,0.5869,-0.0169,0.8595,0.0668,0.1461,0.1112,1
2.66,-0.5586,-0.9741,0.6966,0.5898,-0.0149,0.8651,0.0654,0.146,0.1168,1
2.68,-0.7208,-0.0704,0.6753,0.5882,-0.0213,0.864,0.0638,0.1455,0.1132,1
2.7,-0.7809,0.5591,0.5798,0.5852,-0.0253,0.8595,0.0656,0.1442,0.1315,1
2.72,-1.0765,-0.0913,0.2172,0.5838,-0.0203,0.8588,0.0634,0.1444,0.1255,1
2.74,-0.9554,-0.2649,0.083,0.5843,-0.0259,0.8577,0.0616,0.1442,0.1019,1
2.76,-1.0364,-0.4732,0.1781,0.588,-0.0224,0.8584,0.0612,0.1441,0.1079,1
2.78,-0.4342,-0.1614,0.4279,0.5887,-0.0282,0.8635,0.0635,0.1443,0.1354,1
2.8,-0.2799,-0.0628,0.6485,0.5933,-0.0269,0.8601,0.0635,0.1444,0.1282,1
2.82,-0.1106,0.5549,0.6234,0.5902,-0.0247,0.8558,0.0636,0.146,0.1167,1
2.84,0.0919,0.6574,0.3922,0.5872,-0.0206,0.8544,0.0639,0.1471,0.1076,1
2.86,0.183,0.1024,0.2376,0.5865,-0.0179,0.8583,0.0649,0.1465,0.1116,1
2.88,0.135,-0.236,0.2461,0.5851,-0.0196,0.8632,0.0657,0.1463,0.126,1
2.9,-0.0295,-0.2799,0.3138,0.5865,-0.0206,0.8607,0.0643,0.1472,0.1232,1
2.92,-0.1007,-0.2787,0.6168,0.5848,-0.0208,0.8588,0.0649,0.1465,0.1171,1
2.94,-0.3264,0.0213,0.5085,0.5831,-0.0187,0.8661,0.0668,0.1464,0.1257,1
2.96,-0.4382,-0.2254,0.5761,0.5857,-0.0207,0.8607,0.0679,0.146,0.129,1
2.98,-0.3795,-0.4387,0.5404,0.5875,-0.0226,0.8616,0.0711,0.1466,0.0977,1
3.0,-0.28,0.1174,0.4403,0.587,-0.0233,0.8621,0.0731,0.1469,0.1255,1
3.02,-0.2945,0.3244,0.312,0.5824,-0.0233,0.8641,0.0719,0.1484,0.136,1
3.04,-0.197,0.3118,0.0716,0.5803,-0.0192,0.8629,0.0736,0.148,0.1268,1
3.06,0.0245,-0.1237,0.0293,0.5821,-0.0179,0.8599,0.0754,0.1468,0.111,1
3.08,0.2792,-0.8557,0.1428,0.5848,-0.0218,0.8596,0.0732,0.1462,0.1069,1
3.1,0.4351,-1.1949,0.2755,0.5881,-0.0265,0.8611,0.0711,0.1463,0.1242,1
3.12,0.3738,-0.8833,0.5673,0.5921,-0.0287,0.8614,0.0748,0.147,0.1425,1
3.14,0.3043,-0.5409,0.5525,0.5925,-0.0206,0.8628,0.0762,0.1472,0.1346,1
3.16,0.2185,-0.2324,0.5504,0.5901,-0.0198,0.8602,0.0742,0.146,0.1301,1
3.18,-0.0681,0.8226,0.1795,0.5836,-0.0274,0.8642,0.0724,0.1484,0.1401,1
3.2,-0.136,1.0018,0.1322,0.5823,-0.0216,0.8598,0.0738,0.1478,0.1428,1
3.22,-0.2216,0.2712,-0.0099,0.5831,-0.0268,0.8562,0.0758,0.1484,0.1196,1
3.24,-0.3265,-0.3385,0.0324,0.5827,-0.023,0.8594,0.0762,0.1491,0.1319,1
3.26,-0.376,-0.4614,0.0215,0.5864,-0.025,0.8617,0.0752,0.149,0.1281,1
3.28,-0.344,-0.4204,0.0476,0.5896,-0.0249,0.8633,0.0754,0.1483,0.1229,1
3.3,-0.2715,-0.1477,0.0878,0.5897,-0.0187,0.8642,0.0744,0.1481,0.1203,1
3.32,-0.1858,0.2906,-0.0539,0.5901,-0.0171,0.8629,0.0722,0.1487,0.1055,1
3.34,-0.0743,0.2574,-0.2004,0.5897,-0.0193,0.8626,0.0755,0.149,0.1138,1
3.36,0.0085,0.2405,0.0288,0.5872,-0.0161,0.863,0.0802,0.1476,0.146,1
3.38,0.0161,-0.1244,0.336,0.5871,-0.0207,0.8606,0.0769,0.1472,0.1492,1
3.4,0.2116,-0.2307,0.539,0.59,-0.0174,0.8631,0.0791,0.1478,0.1199,1
3.42,-0.2115,-0.4664,0.489,0.5881,-0.0212,0.8605,0.0785,0.1476,0.1167,1
3.44,-0.2829,-0.0043,0.2316,0.5852,-0.0199,0.8578,0.0774,0.1475,0.1181,1
3.46,-0.2646,0.5033,0.162,0.584,-0.0203,0.8585,0.0792,0.1485,0.1229,1
3.48,-0.1411,0.5517,0.2543,0.5837,-0.0211,0.863,0.0795,0.1493,0.1413,1
3.5,0.0898,0.3875,0.3118,0.5848,-0.0225,0.8631,0.0789,0.1494,0.1272,1
3.52,0.1605,0.3811,0.2396,0.5868,-0.0219,0.8612,0.0784,0.1489,0.1135,1
3.54,-0.0487,0.4648,0.0974,0.5871,-0.0158,0.8624,0.078,0.148,0.1201,1
3.56,-0.2322,0.3063,0.0534,0.5857,-0.009,0.8611,0.0788,0.1474,0.0836,1
3.58,-0.2953,-0.0703,0.2896,0.5868,-0.0106,0.8626,0.0797,0.1476,0.1094,1
3.6,-0.5182,0.1093,0.5324,0.589,-0.0181,0.8603,0.0797,0.1475,0.1278,1
3.62,-0.5362,0.0824,0.6893,0.591,-0.0139,0.8633,0.0798,0.1493,0.1337,1
3.64,-0.6495,0.2313,0.7141,0.5882,-0.0154,0.8611,0.0786,0.1483,0.1474,1
3.66,-0.5546,-0.1516,0.5839,0.586,-0.0187,0.8624,0.0785,0.1477,0.131,1
3.68,-0.5536,-0.8723,0.5733,0.5852,-0.0212,0.8634,0.078,0.1481,0.1502,1
3.7,-0.5334,-1.5858,0.5377,0.584,-0.0219,0.8644,0.08,0.1487,0.1397,1
3.72,-0.4624,-1.7763,0.5378,0.5884,-0.0228,0.863,0.0804,0.1491,0.1311,1
3.74,-0.3129,-0.6406,0.5356,0.5893,-0.0255,0.861,0.0798,0.1488,0.1321,1
3.76,-0.1667,0.7551,0.5099,0.5839,-0.0261,0.8608,0.0804,0.1485,0.1198,1
3.78,-0.1769,0.439,0.5999,0.5873,-0.0209,0.8597,0.0805,0.1494,0.1132,1
3.8,-0.1368,0.2553,0.5817,0.5882,-0.0192,0.858,0.0826,0.1485,0.1008,1
3.82,-0.153,-0.1866,0.2731,0.5869,-0.0151,0.8644,0.0806,0.1491,0.1251,1
3.84,-0.0691,0.0807,0.3751,0.5846,-0.016,0.8653,0.0811,0.147,0.1425,1
3.86,-0.0242,-0.1941,0.3166,0.5847,-0.0161,0.8663,0.0776,0.1484,0.1341,1
3.88,0.028,0.0155,0.4487,0.5825,-0.0192,0.8633,0.0798,0.1475,0.1196,1
3.9,-0.0311,-0.4046,0.3641,0.5839,-0.0162,0.8626,0.0802,0.1477,0.113,1
3.92,-0.2759,-0.835,0.2888,0.586,-0.0203,0.8631,0.0804,0.1492,0.1213,1
3.94,-0.4385,-0.8398,0.3091,0.5875,-0.0257,0.8597,0.0803,0.1496,0.1394,1
3.96,-0.535,-0.5722,0.3066,0.5871,-0.0232,0.8573,0.0804,0.1491,0.1302,1
3.98,-0.5204,-0.018,0.1676,0.5864,-0.0193,0.8609,0.0807,0.1489,0.1067,1
4.0,-0.2475,0.6109,0.0282,0.5886,-0.0227,0.8646,0.0803,0.1492,0.1133,1
4.02,-0.0993,0.4163,0.1894,0.59,-0.0245,0.8624,0.081,0.1513,0.1093,1
4.04,0.0507,0.8,0.3283,0.5857,-0.0259,0.8597,0.0829,0.1507,0.1191,1
4.06,-0.0812,0.313,0.4728,0.5849,-0.0251,0.861,0.0816,0.1498,0.1253,1
4.08,-0.2692,0.2435,0.1402,0.5866,-0.0192,0.8601,0.0802,0.1478,0.1231,1
4.1,-0.1562,0.6413,0.1151,0.5841,-0.016,0.8595,0.0801,0.1473,0.126,1
4.12,-0.1056,0.7947,0.0075,0.5851,-0.0154,0.8587,0.0806,0.1472,0.1227,1
4.14,-0.6233,0.3421,0.1425,0.5864,-0.0164,0.861,0.0804,0.1474,0.1147,1
4.16,-1.1682,-0.0228,0.1945,0.5884,-0.0177,0.8574,0.0806,0.1477,0.117,1
4.18,-1.0573,-0.1806,-0.2767,0.5889,-0.0273,0.8553,0.0813,0.1472,0.125,1
4.2,0.0372,0.146,-0.7605,0.5879,-0.0301,0.8604,0.081,0.1468,0.1269,1
4.22,1.3294,0.7689,-0.5593,0.5864,-0.0167,0.8643,0.0807,0.1481,0.1256,1
4.24,1.417,0.5309,-0.0444,0.5832,-0.0141,0.8626,0.0821,0.149,0.1332,1
4.26,1.0451,0.4578,0.3948,0.5851,-0.0065,0.8611,0.0796,0.1465,0.1497,1
4.28,0.3387,-0.0084,0.5938,0.5845,-0.0011,0.865,0.0819,0.1478,0.1335,1
4.3,-1.0934,-0.6103,0.4182,0.5864,-0.008,0.8583,0.079,0.1466,0.1153,1
4.32,-1.4607,-0.8928,0.5083,0.5854,-0.0127,0.8591,0.0796,0.1459,0.1255,1
4.34,-1.2343,-1.0751,0.5434,0.5878,-0.0217,0.8621,0.0804,0.1458,0.1143,1
4.36,-0.8787,-0.6074,0.5912,0.5886,-0.0242,0.8605,0.081,0.1457,0.1253,1
4.38,-0.4799,0.1781,0.5571,0.5902,-0.0208,0.86,0.0804,0.1471,0.1363,1
4.4,-0.327,0.4617,0.3438,0.5889,-0.0221,0.8627,0.0806,0.1478,0.1388,1
4.42,-0.387,0.4895,0.0795,0.5853,-0.0215,0.866,0.0822,0.1478,0.1283,1
4.44,-0.4087,0.406,-0.0255,0.5845,-0.0149,0.8638,0.0818,0.148,0.1231,1
4.46,-0.3904,-0.1497,-0.0105,0.5863,-0.0138,0.8576,0.0795,0.1476,0.1472,1
4.48,-0.4403,-0.4128,-0.098,0.5878,-0.0177,0.8612,0.0815,0.1474,0.1586,1
4.5,-0.4657,-0.7075,-0.0839,0.5885,-0.0196,0.8604,0.0824,0.1469,0.1275,1
4.52,-0.4741,-1.0731,-0.1957,0.5889,-0.0131,0.8645,0.0814,0.1477,0.1192,1
4.54,-0.1577,-0.5547,0.2441,0.5912,-0.0185,0.8581,0.0819,0.1464,0.1192,1
4.56,0.0325,-0.4944,0.4024,0.5916,-0.0241,0.8605,0.0814,0.1473,0.1478,1
4.58,0.0085,-0.6093,0.43,0.5879,-0.0177,0.8637,0.0816,0.146,0.1385,1
4.6,-0.1143,-0.0647,0.4377,0.5856,-0.0111,0.8623,0.0825,0.1467,0.122,1
4.62,-0.3102,0.0072,0.456,0.5874,-0.0105,0.8595,0.082,0.147,0.127,1
4.64,-0.4794,-0.0621,0.4116,0.5872,-0.0172,0.8594,0.0813,0.1466,0.1242,1
4.66,-0.7136,0.1198,0.3613,0.5839,-0.0223,0.863,0.0818,0.1468,0.1205,1
4.68,-0.91,0.3681,0.4051,0.5864,-0.0166,0.8619,0.0808,0.147,0.1336,1
4.7,-0.6253,0.6023,0.5367,0.5958,-0.0106,0.8528,0.0783,0.1464,0.1291,1
4.72,-0.1189,0.1467,0.8137,0.5944,-0.0225,0.8585,0.0827,0.1458,0.1144,1
4.74,-0.1299,0.0876,1.0832,0.5881,-0.0328,0.8662,0.0823,0.1467,0.1299,1
4.76,0.067,0.2111,1.038,0.5885,-0.0291,0.8616,0.0803,0.1471,0.1091,1
4.78,0.159,0.5736,0.4246,0.5867,-0.0257,0.864,0.0796,0.1457,0.1505,1
4.8,-0.0602,0.2135,0.3016,0.5843,-0.0275,0.8611,0.0801,0.1477,0.1338,1
4.82,-0.4232,0.0656,0.2719,0.5842,-0.0231,0.8585,0.0809,0.1479,0.1382,1
4.84,-0.942,0.1655,0.3096,0.5864,-0.0204,0.8567,0.082,0.1474,0.1443,1
4.86,-0.8877,0.0577,0.2779,0.5885,-0.0225,0.8571,0.0815,0.1469,0.1355,1
4.88,-0.3893,-0.0622,0.3009,0.5894,-0.0274,0.8617,0.0806,0.1468,0.116,1
4.9,-0.1062,-0.0394,0.2937,0.5886,-0.0272,0.8661,0.0808,0.1469,0.1153,1
4.92,-0.109,0.2665,0.1558,0.587,-0.0227,0.865,0.0814,0.1469,0.1327,1
4.94,-0.0335,1.0141,0.1305,0.5867,-0.0244,0.8629,0.0818,0.1471,0.1268,1
4.96,-0.0678,1.06,0.0805,0.5854,-0.0239,0.8654,0.0819,0.1473,0.1198,1
4.98,-0.2928,0.3624,0.1313,0.5831,-0.0179,0.8617,0.0808,0.1452,0.1332,1
5.0,-0.6095,0.0301,0.2084,0.5822,-0.0173,0.862,0.0814,0.1473,0.1298,1
5.02,-0.5519,-0.0084,0.1705,0.5895,-0.0189,0.8588,0.0793,0.1486,0.1157,1
5.04,-0.5733,0.2648,0.2463,0.5932,-0.0211,0.8548,0.0831,0.1469,0.1363,1
5.06,-0.4358,0.4282,0.1752,0.591,-0.027,0.8574,0.0825,0.1467,0.1277,1
5.08,-0.05,0.4322,0.1097,0.5863,-0.0249,0.8635,0.0809,0.1463,0.1409,1
5.1,0.2122,0.8495,0.1539,0.5836,-0.0224,0.8653,0.0825,0.1468,0.1418,1
5.12,0.3342,1.0522,0.28,0.5821,-0.0217,0.8647,0.0818,0.1469,0.1331,1
5.14,0.3428,0.6869,0.4069,0.5808,-0.0169,0.8647,0.0797,0.1464,0.1374,1
5.16,0.1074,-0.0439,0.5065,0.5807,-0.0129,0.8658,0.0798,0.1467,0.1382,1
5.18,-0.2077,-0.8544,0.7041,0.5826,-0.0181,0.8673,0.0799,0.1473,0.1219,1
5.2,-0.2316,-0.4871,1.0937,0.5859,-0.0192,0.8634,0.0837,0.148,0.1262,1
5.22,-0.4818,0.1067,1.0425,0.5875,-0.0142,0.8636,0.0844,0.1476,0.1195,1
5.24,-0.6089,0.1384,0.6773,0.5857,-0.019,0.8666,0.0832,0.1473,0.1286,1
5.26,-0.3662,0.4406,0.8574,0.585,-0.0223,0.8598,0.0816,0.1471,0.14,1
5.28,-0.3127,0.345,0.8364,0.5865,-0.0228,0.8581,0.0804,0.1461,0.109,1
5.3,-0.4664,0.6701,0.6212,0.5884,-0.029,0.8605,0.0808,0.1456,0.1247,1
5.32,-0.4274,0.9084,0.4118,0.5874,-0.027,0.8653,0.0792,0.1471,0.1282,1
5.34,-0.2909,0.8395,0.3735,0.5861,-0.0283,0.863,0.078,0.1473,0.1236,1
5.36,-0.1369,0.4856,0.5416,0.5866,-0.0287,0.8602,0.0779,0.1473,0.115,1
5.38,0.0206,-0.0674,0.7101,0.5849,-0.0228,0.8617,0.0778,0.1471,0.1193,1
5.4,-0.0786,-0.1773,0.8631,0.5834,-0.0207,0.8637,0.0781,0.146,0.1324,1
5.42,-0.3954,0.4843,1.0793,0.5878,-0.0285,0.8623,0.0786,0.1454,0.1322,1
5.44,-0.245,0.6728,1.0045,0.5877,-0.0312,0.8575,0.0777,0.145,0.1326,1
5.46,-0.304,0.3317,0.8328,0.5837,-0.026,0.8645,0.0794,0.1467,0.0855,1
5.48,-0.4921,0.5227,0.5683,0.579,-0.0263,0.8699,0.0796,0.1473,0.1221,1
5.5,-0.3445,0.7079,0.5376,0.5875,-0.0181,0.8632,0.08,0.1473,0.1156,1
5.52,-0.4149,0.0245,0.5179,0.5865,-0.0203,0.8657,0.0789,0.1465,0.1196,1
5.54,-0.6074,0.0029,0.5472,0.5853,-0.025,0.87,0.0782,0.1468,0.1245,1
5.56,-0.7903,-0.0189,0.3421,0.5875,-0.0222,0.8623,0.0785,0.146,0.1044,1
5.58,-0.6972,-0.4263,0.0293,0.5844,-0.0276,0.8582,0.0796,0.1467,0.1212,1
5.6,-0.7086,-0.8784,-0.1164,0.5801,-0.0262,0.8621,0.0783,0.1472,0.127,1
5.62,-0.7345,-0.757,0.046,0.5795,-0.0217,0.8631,0.0762,0.1473,0.1154,1
5.64,-0.4429,-0.1841,0.4919,0.5828,-0.0231,0.8615,0.0753,0.1474,0.1145,1
5.66,-0.1004,0.186,0.8953,0.5862,-0.0271,0.8646,0.076,0.1475,0.1262,1
5.68,-0.157,0.3245,0.8509,0.586,-0.0312,0.8662,0.0781,0.148,0.1403,1
5.7,-0.2635,0.5043,0.5813,0.5865,-0.0245,0.8638,0.0765,0.1469,0.1334,1
5.72,-0.3136,-0.4922,0.2524,0.585,-0.0195,0.8577,0.0777,0.1469,0.1304,1
5.74,-0.264,-0.8536,0.1951,0.5858,-0.0281,0.8663,0.0778,0.1465,0.1335,1
5.76,-0.2039,-0.5593,0.3294,0.586,-0.0242,0.8681,0.0765,0.1474,0.1094,1
5.78,-0.0828,0.0725,0.439,0.5825,-0.0272,0.866,0.0772,0.1469,0.1137,1
5.8,0.095,-0.7478,0.1808,0.5844,-0.0237,0.8647,0.0776,0.1466,0.1156,1
5.82,-0.027,-1.4007,0.1504,0.5823,-0.0136,0.8596,0.0761,0.146,0.1113,1
5.84,-0.0272,-1.4086,0.158,0.583,-0.016,0.8565,0.0752,0.1469,0.1156,1
5.86,-0.0795,-1.0806,0.0696,0.5873,-0.0174,0.8585,0.0754,0.1462,0.1226,1
5.88,-0.4259,-0.1861,0.1958,0.5889,-0.0162,0.863,0.0763,0.1457,0.1318,1
5.9,-0.7054,0.887,0.3835,0.5873,-0.0198,0.8638,0.0777,0.1459,0.1231,1
5.92,-0.6146,1.2731,0.2472,0.5859,-0.0242,0.8608,0.0783,0.1456,0.1013,1
5.94,-0.4684,1.2289,0.0492,0.5827,-0.0286,0.8612,0.0775,0.1471,0.1194,1
5.96,-0.2882,0.8444,-0.1816,0.58,-0.0317,0.8615,0.0784,0.1471,0.1229,1
5.98,-0.2506,-0.1511,0.0128,0.5845,-0.0234,0.8624,0.0767,0.1458,0.1046,1
6.0,-0.1077,-0.3071,0.0248,0.5829,-0.0285,0.8648,0.0785,0.1457,0.1225,1
6.02,-0.0452,-1.098,-0.0465,0.5815,-0.0334,0.8696,0.0787,0.1461,0.1139,1
6.04,-0.102,-2.0146,-0.0123,0.5881,-0.0352,0.863,0.0791,0.1461,0.1054,1
6.06,0.0616,-1.6487,0.151,0.5915,-0.0229,0.8597,0.0794,0.1455,0.124,1
6.08,0.0249,-0.6995,0.0699,0.5916,-0.0196,0.8576,0.0796,0.145,0.1293,1
6.1,0.1209,0.1359,0.0864,0.5902,-0.0212,0.8578,0.0786,0.1448,0.1322,1
6.12,0.0522,1.3024,0.0573,0.5873,-0.0239,0.8591,0.0782,0.1465,0.1104,1
6.14,-0.1501,1.6457,0.0422,0.5837,-0.0253,0.861,0.0779,0.1466,0.1018,1
6.16,-0.2919,1.0502,0.1026,0.5843,-0.0244,0.8625,0.0781,0.1463,0.118,1
6.18,-0.453,1.1143,0.1431,0.5877,-0.0246,0.8638,0.0799,0.1479,0.1245,1
6.2,-0.5563,1.5983,0.263,0.5855,-0.0269,0.8658,0.0806,0.1465,0.1243,1
6.22,-0.4876,1.3518,0.2736,0.5816,-0.0231,0.8647,0.0787,0.1443,0.0915,1
6.24,-0.4722,1.0425,-0.0305,0.5828,-0.0157,0.8642,0.0792,0.1448,0.0827,1
6.26,-0.121,0.3246,-0.1485,0.5848,-0.0178,0.8599,0.0785,0.1492,0.1151,1
6.28,-0.122,-0.9776,0.1008,0.5866,-0.0238,0.8663,0.076,0.1463,0.1319,1
6.3,-0.077,-0.3272,0.4077,0.5878,-0.0234,0.8663,0.0788,0.1466,0.0963,1
6.32,-0.1096,0.8701,0.642,0.5851,-0.0186,0.8649,0.0796,0.1472,0.1197,1
6.34,-0.0975,0.5634,0.6741,0.585,-0.018,0.8679,0.0775,0.1473,0.1346,1
6.36,-0.1889,0.5872,0.5522,0.5817,-0.0249,0.8691,0.0777,0.146,0.1362,1
6.38,-0.1161,0.2348,0.553,0.5804,-0.0281,0.8647,0.0788,0.145,0.1267,1
6.4,0.0145,-0.5123,0.5996,0.583,-0.0239,0.8633,0.079,0.1458,0.1221,1
6.42,-0.053,-0.7702,0.5464,0.5831,-0.0218,0.8665,0.0785,0.1459,0.1149,1
6.44,-0.2397,-0.3545,0.403,0.5811,-0.0208,0.8665,0.0782,0.1452,0.1038,1
6.46,-0.321,0.0833,0.2605,0.5846,-0.0174,0.8626,0.0783,0.1466,0.1064,1
6.48,-0.3121,-0.088,0.2788,0.5897,-0.0245,0.8612,0.0789,0.147,0.1096,1
6.5,-0.3817,-0.1033,0.3436,0.5885,-0.0248,0.8638,0.0793,0.1453,0.1374,1
6.52,-0.2756,0.6712,0.3301,0.5856,-0.0214,0.8645,0.0792,0.1441,0.1257,1
6.54,-0.4356,1.2159,0.3321,0.584,-0.0192,0.8569,0.0802,0.1466,0.144,1
6.56,-0.4837,0.2947,0.1989,0.586,-0.0202,0.8606,0.0764,0.1471,0.1418,1
6.58,-0.3913,0.1972,0.316,0.5835,-0.0286,0.863,0.0779,0.1458,0.116,1
6.6,-0.3088,0.4021,0.4131,0.5853,-0.0164,0.861,0.0802,0.1473,0.1388,1
6.62,-0.2724,0.5222,0.5444,0.5835,-0.0176,0.8607,0.0778,0.1468,0.1313,1
6.64,-0.1474,-0.1421,0.5644,0.5846,-0.0264,0.8669,0.0775,0.1463,0.1233,1
6.66,-0.1977,-0.0009,0.5871,0.5854,-0.0216,0.8659,0.0769,0.1454,0.1379,1
6.68,-0.227,1.0684,0.6641,0.5856,-0.0157,0.8617,0.0768,0.146,0.1337,1
6.7,-0.0771,2.6217,0.559,0.5848,-0.0185,0.8633,0.0781,0.1465,0.113,1
6.72,-0.0329,3.5725,0.3617,0.5811,-0.0209,0.8645,0.0786,0.1459,0.1275,1
6.74,-0.1753,2.1372,0.4275,0.5786,-0.0226,0.8629,0.0788,0.1472,0.1502,1
6.76,-0.2463,-0.1899,0.4507,0.58,-0.025,0.869,0.0781,0.1464,0.1185,1
6.78,-0.3459,-1.2403,0.4066,0.5832,-0.0258,0.8707,0.0785,0.1469,0.1443,1
6.8,-0.7022,-0.7502,0.4224,0.5804,-0.0243,0.8665,0.0809,0.1455,0.1439,1
6.82,-0.3442,-0.1947,0.5324,0.5859,-0.0265,0.863,0.0772,0.1468,0.1066,1
6.84,-0.3592,-0.1155,0.2365,0.5825,-0.0295,0.8669,0.0784,0.1467,0.1432,1
6.86,-0.3094,-0.3486,0.3296,0.5813,-0.0264,0.8691,0.0788,0.1456,0.1057,1
6.88,-0.2417,-0.2376,0.2914,0.5813,-0.0318,0.8641,0.078,0.145,0.1135,1
6.9,-0.3108,-0.2603,0.2244,0.5816,-0.0289,0.8635,0.0786,0.1445,0.1358,1
6.92,-0.2813,-0.1747,0.238,0.5806,-0.0277,0.8636,0.078,0.1451,0.1415,1
6.94,-0.355,-0.3572,0.163,0.582,-0.0252,0.8628,0.0776,0.1458,0.1322,1
6.96,-0.3702,-0.2936,0.1948,0.5853,-0.0242,0.8634,0.0778,0.1465,0.1169,1
6.98,-0.227,0.1637,0.3174,0.5858,-0.0263,0.8659,0.0786,0.1475,0.1175,1
7.0,-0.2242,0.5856,0.3786,0.5831,-0.0251,0.8672,0.0797,0.148,0.1244,1
7.02,-0.3612,0.9528,0.4034,0.5812,-0.0196,0.8654,0.0796,0.1472,0.1069,1
7.04,-0.1862,0.5563,0.301,0.5806,-0.0174,0.865,0.0783,0.1459,0.1012,1
7.06,0.1751,-1.5494,0.3702,0.5827,-0.0242,0.868,0.079,0.1449,0.1364,1
7.08,0.1368,-1.3892,0.3938,0.5851,-0.0282,0.8647,0.0769,0.1455,0.131,1
7.1,-0.0003,-1.0833,0.5611,0.5874,-0.0255,0.8632,0.0802,0.1474,0.119,1
7.12,-0.1975,-1.3092,0.4632,0.587,-0.0214,0.863,0.0788,0.1445,0.0981,1
7.14,-0.1021,-0.1399,0.3135,0.582,-0.0133,0.8613,0.0784,0.1478,0.1362,1
7.16,-0.1925,0.2346,0.0818,0.5808,-0.0159,0.8654,0.0773,0.1466,0.1031,1
7.18,-0.1728,0.2994,0.094,0.5827,-0.0158,0.8653,0.077,0.1468,0.1146,1
7.2,-0.2165,-0.1225,0.316,0.5817,-0.0228,0.8629,0.08,0.1471,0.1296,1
7.22,-0.1949,-0.11,0.3535,0.5814,-0.0264,0.8635,0.0812,0.1472,0.1184,1
7.24,-0.0906,0.1016,0.3455,0.5813,-0.0258,0.8651,0.0801,0.147,0.1208,1
7.26,0.0409,0.2463,0.3981,0.582,-0.0296,0.8663,0.0795,0.1453,0.1404,1
7.28,-0.0718,0.2572,0.4174,0.584,-0.0289,0.8642,0.0796,0.1447,0.1515,1
7.3,-0.4927,0.2313,0.3392,0.5847,-0.0186,0.8624,0.0789,0.1469,0.1414,1
7.32,-0.7401,0.3797,0.2743,0.5835,-0.0143,0.867,0.0779,0.1475,0.1197,1
7.34,-0.5905,0.3451,0.4053,0.5825,-0.0166,0.866,0.0803,0.1456,0.1228,1
7.36,-0.3143,0.3381,0.4032,0.5818,-0.0187,0.8633,0.0826,0.1453,0.1359,1
7.38,-0.0451,-0.1235,0.5324,0.5835,-0.0195,0.8663,0.0792,0.1469,0.0943,1
7.4,-0.1391,-0.0688,0.6886,0.5845,-0.0176,0.8636,0.0798,0.1442,0.0838,1
7.42,-0.1616,-0.0063,0.7274,0.5851,-0.0232,0.859,0.0822,0.1464,0.139,1
7.44,-0.4516,0.3108,0.4471,0.5865,-0.0299,0.8578,0.0795,0.1463,0.1466,1
7.46,-0.4753,0.287,0.3391,0.5849,-0.0326,0.8647,0.0817,0.1464,0.1478,1
7.48,-0.2668,-0.0684,0.3906,0.584,-0.0334,0.8665,0.0817,0.1444,0.1037,1
7.5,-0.1343,0.1728,0.3421,0.5833,-0.0309,0.8666,0.0814,0.146,0.1095,1
7.52,-0.0955,0.3158,0.2002,0.5823,-0.0258,0.8638,0.0824,0.1465,0.1106,1
7.54,-0.1154,0.2475,0.2982,0.5805,-0.0248,0.8633,0.0809,0.1468,0.0995,1
7.56,-0.1448,0.0686,0.4261,0.58,-0.0257,0.8661,0.0802,0.1468,0.1044,1
7.58,-0.0952,-0.1954,0.4075,0.5821,-0.0251,0.8643,0.0809,0.1458,0.1304,1
7.6,-0.1094,-0.0944,0.4656,0.5849,-0.0255,0.8612,0.0815,0.1451,0.1402,1
7.62,-0.3395,0.1545,0.5801,0.5846,-0.0261,0.8646,0.0829,0.145,0.1198,1
7.64,-0.4786,-0.462,0.5174,0.5817,-0.0228,0.8645,0.0824,0.1447,0.1083,1
7.66,-0.3887,-1.0497,0.4593,0.5825,-0.0194,0.8638,0.0808,0.1461,0.0908,1
7.68,-0.391,-1.6002,0.2568,0.5842,-0.0229,0.8621,0.0813,0.1471,0.1183,1
7.7,-0.4439,-0.1268,0.2164,0.5847,-0.0152,0.8606,0.0818,0.1463,0.0986,1
7.72,-0.4884,0.7329,0.4437,0.5847,-0.0275,0.8642,0.0801,0.1461,0.125,1
7.74,-0.3788,1.1722,0.411,0.5859,-0.0269,0.8643,0.0822,0.145,0.131,1
7.76,-0.4617,0.7208,0.346,0.5829,-0.0276,0.8643,0.0801,0.1442,0.1208,1
7.78,-0.4735,0.3626,0.0033,0.5829,-0.0279,0.863,0.0786,0.1449,0.1322,1
7.8,-0.3768,0.1953,-0.056,0.582,-0.0252,0.8624,0.078,0.1468,0.1211,1
7.82,-0.284,-0.7407,0.3226,0.5843,-0.0295,0.8668,0.0779,0.1465,0.1162,1
7.84,-0.2723,-1.4831,0.5993,0.5866,-0.0281,0.8678,0.0777,0.1465,0.1133,1
7.86,-0.3793,-0.8581,0.6425,0.5854,-0.0257,0.8668,0.0777,0.1467,0.1087,1
7.88,-0.4755,-0.2011,0.4806,0.583,-0.024,0.8651,0.0792,0.1466,0.1145,1
7.9,-0.3616,-0.114,0.3636,0.5828,-0.0212,0.8627,0.0801,0.1476,0.1126,1
7.92,-0.1918,0.1097,0.4896,0.5834,-0.0209,0.8615,0.0792,0.148,0.102,1
7.94,-0.2026,0.449,0.6681,0.5828,-0.0223,0.8609,0.079,0.1468,0.1143,1
7.96,-0.2613,0.5872,0.7883,0.5828,-0.0226,0.8584,0.0795,0.1469,0.1312,1
7.98,-0.4419,-0.0007,0.8093,0.5835,-0.0253,0.8608,0.0788,0.1471,0.1263,1
8.0,-0.6477,-0.3839,0.3684,0.5853,-0.0244,0.8671,0.0792,0.1454,0.1343,1
8.02,-0.6821,-0.0123,0.4539,0.585,-0.0298,0.867,0.0793,0.1447,0.1087,1
8.04,-0.4961,0.0388,0.655,0.5871,-0.0305,0.8593,0.0807,0.1441,0.1098,1
8.06,-0.3655,-0.3385,0.5295,0.5887,-0.0385,0.8624,0.0774,0.1444,0.1256,1
8.08,-0.1837,0.1994,0.6559,0.5843,-0.028,0.8589,0.0786,0.1448,0.118,1
8.1,-0.1579,0.2554,0.3802,0.5851,-0.03,0.8587,0.0784,0.1456,0.1352,1
8.12,-0.012,-0.4395,0.4585,0.5878,-0.0315,0.8571,0.0782,0.1465,0.1339,1
8.14,0.0347,-0.7457,0.4057,0.5872,-0.0276,0.8581,0.0783,0.1457,0.1301,1
8.16,0.092,-1.086,0.4535,0.5877,-0.0254,0.8606,0.0784,0.1447,0.1183,1
8.18,0.065,-0.9196,0.4624,0.5897,-0.0255,0.8623,0.0779,0.1461,0.1166,1
8.2,0.0001,-0.4226,0.4869,0.5902,-0.0259,0.8612,0.0802,0.1481,0.1234,1
8.22,-0.1466,0.6429,0.3696,0.5862,-0.0301,0.8627,0.0805,0.148,0.1182,1
8.24,-0.3429,1.4718,0.1989,0.5822,-0.0308,0.8667,0.0779,0.1475,0.1123,1
8.26,-0.4282,1.5131,0.1669,0.5832,-0.0256,0.8673,0.078,0.1474,0.1248,1
8.28,-0.2812,1.579,0.1299,0.5827,-0.0256,0.8671,0.079,0.1462,0.1416,1
8.3,-0.0266,1.072,0.0746,0.5773,-0.0273,0.8709,0.0777,0.1456,0.1414,1
8.32,-0.1736,0.0549,-0.1149,0.579,-0.0263,0.8713,0.0795,0.1472,0.1204,1
8.34,-0.1449,-0.8588,-0.0572,0.581,-0.0207,0.8702,0.0792,0.1467,0.1182,1
8.36,-0.3609,-0.8295,0.0311,0.5833,-0.029,0.8681,0.0792,0.1471,0.1125,1
8.38,-0.4576,-1.5818,0.0805,0.5848,-0.0201,0.8645,0.0788,0.1474,0.1315,1
8.4,-0.1878,-0.8217,0.1576,0.5847,-0.0209,0.859,0.0798,0.145,0.0998,1
8.42,-0.3275,-0.4018,0.0967,0.5848,-0.0222,0.8554,0.0797,0.1482,0.1286,1
8.44,-0.1436,-0.1592,0.1393,0.5874,-0.027,0.8602,0.0791,0.1464,0.1176,1
8.46,-0.4059,0.5352,0.1056,0.5861,-0.025,0.8663,0.0807,0.1465,0.1143,1
8.48,-0.3866,0.9918,-0.0641,0.5845,-0.024,0.8618,0.0773,0.1466,0.1158,1
8.5,-0.4265,1.2512,-0.1702,0.5833,-0.0177,0.8605,0.0782,0.1477,0.1159,1
8.52,-0.3109,0.8747,0.139,0.5859,-0.025,0.8657,0.0802,0.1467,0.1282,1
8.54,-0.2193,0.4397,0.475,0.5863,-0.0271,0.8657,0.0794,0.1464,0.1169,1
8.56,-0.3259,0.3081,0.6268,0.5857,-0.0275,0.8614,0.0783,0.1466,0.1245,1
8.58,-0.3066,0.2979,0.5821,0.5858,-0.0282,0.8593,0.0781,0.1454,0.1259,1
8.6,-0.1687,0.0573,0.3344,0.5848,-0.0253,0.8608,0.0784,0.1458,0.1174,1
8.62,-0.0764,-0.2085,0.157,0.5818,-0.0268,0.8626,0.0796,0.1479,0.1434,1
8.64,0.1074,-0.0007,0.3092,0.5807,-0.0312,0.8612,0.0802,0.1478,0.152,1
8.66,0.208,0.2324,0.5347,0.5845,-0.0274,0.8604,0.0792,0.1472,0.1184,1
8.68,0.2139,0.2309,0.5607,0.5842,-0.0187,0.8644,0.0805,0.1475,0.1017,1
8.7,0.0089,0.5154,0.4899,0.5844,-0.0184,0.8665,0.0828,0.1456,0.1171,1
8.72,-0.3159,0.3402,0.5795,0.5845,-0.0267,0.8648,0.0814,0.147,0.1222,1
8.74,-0.125,0.274,0.3844,0.5875,-0.0257,0.8653,0.0814,0.1479,0.1417,1
8.76,-0.4187,0.9744,0.2289,0.587,-0.0296,0.8633,0.0799,0.1449,0.1252,1
8.78,-0.4226,0.6896,0.3001,0.5847,-0.0251,0.8607,0.0807,0.1468,0.085,1
8.8,-0.5601,0.3727,0.1041,0.5842,-0.0239,0.8592,0.0798,0.1456,0.1235,1
8.82,-0.3796,0.6565,0.2403,0.5847,-0.0292,0.8612,0.08,0.1462,0.1065,1
8.84,-0.2189,0.6678,0.3816,0.585,-0.0295,0.8667,0.0794,0.146,0.1257,1
8.86,-0.1653,0.2883,0.4521,0.5843,-0.0293,0.8657,0.0802,0.1472,0.123,1
8.88,-0.169,0.1196,0.4775,0.5842,-0.0326,0.8655,0.0825,0.1471,0.1321,1
8.9,-0.064,-0.765,0.4291,0.5833,-0.0281,0.8659,0.0815,0.1462,0.1377,1
8.92,0.0002,-0.8411,0.3695,0.5828,-0.0238,0.8652,0.0807,0.1452,0.1385,1
8.94,-0.0601,-0.0913,0.3144,0.5819,-0.0243,0.863,0.0813,0.1453,0.1318,1
8.96,-0.1849,0.6426,0.1753,0.5812,-0.0228,0.8617,0.0812,0.1468,0.1184,1
8.98,-0.3134,0.4939,0.0725,0.5818,-0.0233,0.8644,0.0795,0.1471,0.1159,1
9.0,-0.3951,-0.2863,0.0711,0.5831,-0.0268,0.8678,0.0785,0.1463,0.1231,1
9.02,-0.5302,0.0306,0.0187,0.585,-0.0265,0.8667,0.0802,0.1468,0.1235,1
9.04,-0.7619,0.9587,0.0327,0.5848,-0.0253,0.8648,0.0815,0.1469,0.1265,1
9.06,-0.6889,0.8222,0.1725,0.582,-0.0231,0.8635,0.0816,0.1461,0.1367,1
9.08,-0.4143,0.4437,0.2599,0.5819,-0.0311,0.8599,0.0808,0.1461,0.1258,1
9.1,-0.3801,0.3442,0.4593,0.5847,-0.0331,0.8607,0.0786,0.146,0.1066,1
9.12,-0.5031,-0.0076,0.3527,0.585,-0.0292,0.8637,0.0808,0.1455,0.1399,1
9.14,-0.1535,0.5044,0.4729,0.5814,-0.0355,0.8701,0.0822,0.1462,0.124,1
9.16,-0.2717,0.7769,0.2382,0.5803,-0.0247,0.8701,0.0817,0.1446,0.1379,1
9.18,-0.2446,0.6262,-0.0063,0.5795,-0.0241,0.8637,0.0794,0.145,0.1063,1
9.2,-0.2102,0.7699,0.2017,0.5814,-0.0258,0.8637,0.0799,0.1454,0.132,1
9.22,-0.2492,-0.3261,0.5861,0.5823,-0.0319,0.8663,0.0816,0.1463,0.1373,1
9.24,-0.1701,-0.3451,0.7155,0.5822,-0.0217,0.8674,0.0824,0.1471,0.1333,1
9.26,-0.1503,-0.1629,0.8853,0.5838,-0.0235,0.8634,0.0831,0.147,0.1278,1
9.28,-0.304,-0.2254,0.666,0.584,-0.0259,0.8629,0.0808,0.1463,0.1382,1
9.3,-0.3776,0.4064,0.3057,0.5822,-0.0243,0.8643,0.0802,0.1454,0.1336,1
9.32,-0.2839,0.9658,0.3575,0.5797,-0.0262,0.8646,0.0805,0.1447,0.1322,1
9.34,-0.1897,0.9942,0.4617,0.5794,-0.028,0.8632,0.081,0.146,0.1332,1
9.36,-0.2133,0.0251,0.459,0.5819,-0.0308,0.8653,0.0815,0.1458,0.1389,1
9.38,-0.2023,-0.518,0.3631,0.5842,-0.0316,0.8656,0.0824,0.1441,0.1373,1
9.4,-0.1878,-0.212,0.2982,0.5849,-0.03,0.8626,0.0826,0.1438,0.1279,1
9.42,-0.1624,-0.2522,0.3886,0.5848,-0.0313,0.8653,0.0818,0.1449,0.1328,1
9.44,-0.0994,0.2052,0.3986,0.5843,-0.0298,0.8668,0.0816,0.1463,0.1403,1
9.46,-0.344,1.1611,0.2785,0.5842,-0.0263,0.8621,0.0809,0.1458,0.1365,1
9.48,-0.5473,1.1853,0.0058,0.5827,-0.0275,0.8647,0.0809,0.1472,0.1327,1
9.5,-0.7219,0.5871,-0.1433,0.5809,-0.0255,0.8654,0.0801,0.1442,0.1275,1
9.52,-0.6994,-0.5522,0.2553,0.5808,-0.0282,0.8649,0.0825,0.1439,0.1038,1
9.54,-0.4746,-1.1005,0.4794,0.5795,-0.0272,0.8666,0.0833,0.1455,0.1127,1
9.56,-0.5505,-0.9766,0.487,0.5821,-0.0336,0.8672,0.0816,0.1463,0.1259,1
9.58,-0.1529,-0.4709,0.3582,0.5833,-0.0312,0.8635,0.0823,0.1459,0.1223,1
9.6,-0.0092,-0.4338,0.3233,0.5824,-0.0354,0.8623,0.0821,0.1459,0.1294,1
9.62,-0.0374,-0.2474,0.2236,0.5833,-0.0313,0.8643,0.0809,0.1454,0.1337,1
9.64,-0.0751,0.0562,0.1683,0.5829,-0.028,0.8688,0.0811,0.1477,0.1283,1
9.66,-0.1462,-0.0224,0.0015,0.5826,-0.032,0.8673,0.0806,0.1449,0.1233,1
9.68,-0.0027,0.0123,0.1321,0.5836,-0.0262,0.8652,0.0809,0.1439,0.1281,1
9.7,-0.0209,-0.3291,0.1294,0.5833,-0.0313,0.8639,0.0826,0.1438,0.1404,1
9.72,-0.1892,-0.2853,0.011,0.5835,-0.0286,0.8662,0.0821,0.1468,0.1403,1
9.74,-0.1683,-0.1974,0.142,0.5816,-0.0205,0.8666,0.0809,0.1456,0.1349,1
9.76,-0.1081,-0.1739,0.3288,0.5827,-0.0231,0.8646,0.0822,0.1464,0.1234,1
9.78,-0.1338,-0.2629,0.3861,0.5839,-0.0232,0.8655,0.0826,0.1459,0.1266,1
9.8,-0.121,-0.0708,0.2894,0.5855,-0.0226,0.8662,0.0818,0.1455,0.1343,1
9.82,-0.1305,-0.0921,0.3642,0.5842,-0.0278,0.8643,0.0813,0.1466,0.141,1
9.84,-0.2131,-0.4673,0.3053,0.5808,-0.028,0.8629,0.081,0.1463,0.1448,1
9.86,-0.1932,-0.3766,0.0513,0.5821,-0.0213,0.8619,0.0805,0.1455,0.1318,1
9.88,-0.1635,-0.1153,0.0799,0.5853,-0.0174,0.8622,0.0804,0.1459,0.1247,1
9.9,-0.197,-0.4038,0.3616,0.5848,-0.0188,0.8649,0.0811,0.146,0.1319,1
9.92,-0.069,-0.4698,0.6649,0.5843,-0.0214,0.8663,0.0809,0.1452,0.1158,1
9.94,-0.066,0.0144,0.5982,0.5869,-0.023,0.8677,0.0809,0.1445,0.1145,1
9.96,-0.1239,0.1563,0.5849,0.5834,-0.0333,0.8651,0.0791,0.1444,0.1307,1
9.98,-0.1187,0.2338,0.2477,0.5788,-0.0255,0.861,0.0815,0.1458,0.1092,1
10.0,-0.0463,-0.4043,0.17,0.5782,-0.0211,0.8634,0.0813,0.1454,0.1207,1
10.02,0.2316,-0.6326,0.3114,0.5826,-0.0295,0.8652,0.0811,0.1464,0.1026,1
10.04,0.253,0.159,0.5742,0.5836,-0.0251,0.8642,0.0787,0.1451,0.104,1
10.06,-0.1713,-0.1055,0.4806,0.5827,-0.027,0.8668,0.081,0.1467,0.1152,1
10.08,-0.2935,-0.543,0.3353,0.5832,-0.0228,0.8699,0.0807,0.1475,0.1217,1
10.1,-0.2934,-0.2443,0.335,0.5845,-0.0221,0.8667,0.0839,0.145,0.1365,1
10.12,-0.5011,0.3032,0.4351,0.5856,-0.0271,0.8629,0.0821,0.1452,0.1401,1
10.14,-0.3668,0.1316,0.3726,0.5833,-0.0253,0.864,0.081,0.1447,0.1322,1
10.16,-0.4271,0.552,0.1979,0.5832,-0.0253,0.8655,0.0817,0.1463,0.1478,1
10.18,-0.436,0.5946,0.1451,0.5812,-0.0275,0.8642,0.0814,0.1459,0.1372,1
10.2,-0.2826,0.0023,0.0403,0.5832,-0.0349,0.8651,0.0797,0.1446,0.1414,1
10.22,-0.1701,-0.5575,0.2174,0.583,-0.0292,0.8675,0.0809,0.1467,0.134,1
10.24,-0.2511,-0.1861,0.5054,0.5845,-0.0305,0.865,0.0819,0.146,0.1181,1
10.26,-0.2963,0.2658,0.4929,0.5854,-0.03,0.8647,0.083,0.1452,0.1137,1
10.28,-0.1625,-0.1009,0.3713,0.5824,-0.0283,0.8658,0.0816,0.1455,0.1244,1
10.3,-0.0941,-0.3426,0.4004,0.5821,-0.0283,0.8637,0.0808,0.145,0.1402,1
10.32,-0.1147,-0.3567,0.3341,0.5842,-0.033,0.8612,0.0786,0.1447,0.1378,1
10.34,-0.1994,0.0287,0.1869,0.5842,-0.0328,0.8619,0.0796,0.1447,0.1293,1
10.36,-0.2981,0.5696,0.2651,0.5831,-0.0277,0.8623,0.0798,0.1449,0.1274,1
10.38,-0.2385,0.4231,0.3986,0.5839,-0.0252,0.8624,0.0786,0.1463,0.1189,1
10.4,-0.2412,-0.0987,0.3827,0.5852,-0.0227,0.8648,0.0802,0.1464,0.1261,1
10.42,-0.3384,-0.0128,0.3853,0.5846,-0.0239,0.8644,0.0812,0.1449,0.1317,1
10.44,-0.2333,0.2056,0.4484,0.5838,-0.0277,0.8627,0.0819,0.1466,0.1059,1
10.46,-0.2006,-0.2712,0.477,0.5836,-0.0248,0.8657,0.0809,0.1474,0.1148,1
10.48,-0.1869,-0.2674,0.3827,0.5849,-0.0264,0.8664,0.0812,0.1455,0.1266,1
10.5,-0.1882,0.2458,0.2237,0.5849,-0.0303,0.8658,0.082,0.146,0.1213,1
10.52,-0.1049,1.0024,0.0718,0.581,-0.0297,0.8644,0.0824,0.146,0.1269,1
10.54,0.0556,0.9328,0.1843,0.5826,-0.0286,0.8667,0.0805,0.1462,0.115,1
10.56,0.0347,0.2043,0.1588,0.5831,-0.0269,0.8673,0.0813,0.1463,0.1315,1
10.58,0.1916,-0.1987,0.4915,0.5849,-0.0237,0.8628,0.0812,0.1456,0.1205,1
10.6,-0.0233,-0.4465,0.5775,0.5844,-0.0238,0.8653,0.0798,0.1459,0.1275,1
10.62,-0.2911,-0.0544,0.4666,0.5825,-0.0246,0.8665,0.0819,0.1456,0.1146,1
10.64,-0.2094,-0.1923,0.3095,0.5817,-0.03,0.8652,0.0823,0.1455,0.1055,1
10.66,-0.1761,-0.1432,0.2279,0.5807,-0.0296,0.8659,0.0805,0.1457,0.1133,1
10.68,-0.0265,0.5873,0.2637,0.5822,-0.0257,0.8677,0.0803,0.1439,0.1127,1
10.7,0.1052,0.9595,0.3458,0.585,-0.0266,0.8669,0.0817,0.1446,0.1338,1
10.72,-0.1163,0.7101,0.1024,0.5805,-0.0248,0.8665,0.0796,0.1456,0.1338,1
10.74,-0.2845,-0.2713,0.0427,0.5815,-0.0251,0.8689,0.0811,0.1467,0.1407,1
10.76,-0.2599,-0.7317,0.0876,0.583,-0.0351,0.8693,0.0819,0.145,0.1435,1
10.78,-0.2971,-1.0796,0.0977,0.5851,-0.0271,0.8696,0.0813,0.1451,0.1307,1
10.8,-0.3622,0.2259,0.0101,0.5831,-0.0289,0.8681,0.0806,0.1459,0.1121,1
10.82,-0.3273,1.1129,-0.0704,0.582,-0.0261,0.8666,0.0808,0.1456,0.1135,1
10.84,-0.2916,1.7761,-0.0887,0.5823,-0.0256,0.8643,0.0802,0.1448,0.1023,1
10.86,-0.2221,1.3994,0.0474,0.5817,-0.0274,0.8651,0.0805,0.1448,0.1339,1
10.88,-0.2194,0.5315,0.2581,0.5799,-0.027,0.865,0.0797,0.1461,0.13,1
10.9,-0.2239,-0.6108,0.3352,0.5827,-0.0256,0.8666,0.0824,0.1462,0.1204,1
10.92,-0.2192,-0.5392,0.3873,0.5847,-0.0241,0.8678,0.0819,0.1453,0.1201,1
10.94,-0.2296,0.7864,0.3384,0.5835,-0.0278,0.8653,0.0805,0.1456,0.1057,1
10.96,-0.1447,1.1388,0.2745,0.5808,-0.027,0.8653,0.0805,0.1447,0.1114,1
10.98,0.021,0.7744,0.3091,0.5806,-0.0288,0.8677,0.0793,0.1445,0.1348,1
11.0,0.0158,0.4796,0.4064,0.5799,-0.0301,0.8688,0.0792,0.1447,0.1381,1
11.02,0.0329,-0.0356,0.5676,0.5812,-0.0273,0.8669,0.0802,0.1444,0.1368,1
11.04,0.1568,-0.5501,0.6894,0.5836,-0.0283,0.8655,0.0801,0.1443,0.1387,1
11.06,0.0967,-0.545,0.6194,0.5823,-0.027,0.866,0.0805,0.1442,0.1263,1
11.08,0.0518,-0.1256,0.4293,0.5822,-0.0244,0.8658,0.0823,0.1446,0.1123,1
11.1,0.0979,0.1219,0.2517,0.5827,-0.03,0.8677,0.0819,0.1447,0.1068,1
11.12,-0.0277,0.2542,0.1129,0.5824,-0.0312,0.8696,0.0798,0.1449,0.1177,1
11.14,-0.1375,0.4784,0.0304,0.5817,-0.0266,0.8694,0.0812,0.144,0.1375,1
11.16,-0.177,0.6169,-0.0325,0.5801,-0.0331,0.8704,0.0821,0.1437,0.1232,1
11.18,-0.3028,0.4241,-0.1587,0.5768,-0.0222,0.8703,0.0827,0.1456,0.1181,1
11.2,-0.4419,0.5791,-0.4399,0.5759,-0.0242,0.8658,0.085,0.1453,0.1435,1
11.22,-0.2441,0.2414,-0.6346,0.5795,-0.0223,0.8655,0.082,0.145,0.1269,1
11.24,-0.0878,-0.6735,-0.4282,0.5811,-0.0208,0.8674,0.0797,0.1449,0.128,1
11.26,0.0076,-0.5172,0.0339,0.5816,-0.0272,0.8696,0.0828,0.1445,0.1331,1
11.28,-0.0863,-0.1948,0.0633,0.5833,-0.0216,0.8699,0.083,0.1442,0.1325,1
11.3,0.0862,0.5823,-0.0886,0.5813,-0.026,0.8703,0.0822,0.145,0.1361,1
11.32,0.0992,0.6288,0.0372,0.5784,-0.0256,0.8706,0.0813,0.1462,0.13,1
11.34,0.0594,-0.2362,-0.0037,0.5795,-0.0194,0.8669,0.083,0.1457,0.126,1
11.36,-0.0249,-0.8659,0.1504,0.5798,-0.0227,0.8658,0.0809,0.1447,0.1318,1
11.38,0.0164,-0.5942,0.105,0.5795,-0.0221,0.867,0.0803,0.1432,0.1236,1
11.4,0.0503,-0.1293,0.0045,0.5836,-0.0188,0.8665,0.0832,0.1461,0.1332,1
11.42,-0.1679,-0.3098,-0.0742,0.5827,-0.0177,0.8683,0.0844,0.1454,0.1379,1
11.44,0.0222,-1.0349,-0.0051,0.5841,-0.0223,0.8657,0.0837,0.1431,0.1365,1
11.46,0.0312,-0.5165,-0.073,0.5851,-0.0178,0.8653,0.0837,0.1446,0.1359,1
11.48,-0.1408,-0.4744,-0.0895,0.5845,-0.0291,0.8621,0.0851,0.1463,0.1298,1
11.5,-0.0364,-0.0411,-0.232,0.583,-0.0185,0.8651,0.083,0.1426,0.1314,1
11.52,-0.2531,-0.0644,0.1114,0.5822,-0.0232,0.86,0.0826,0.1445,0.1612,1
11.54,-0.6511,-0.8892,0.5003,0.5832,-0.0223,0.8644,0.0845,0.1444,0.1383,1
11.56,-0.7424,-1.4361,0.5631,0.5838,-0.0231,0.8662,0.082,0.1445,0.1383,1
11.58,-0.6533,-1.2579,0.5157,0.5856,-0.0247,0.8644,0.082,0.1441,0.1458,1
11.6,-0.3084,-0.1511,0.2853,0.5862,-0.0201,0.8679,0.0823,0.1441,0.1355,1
11.62,0.0347,0.5568,0.3006,0.582,-0.0253,0.8669,0.0814,0.1449,0.1233,1
11.64,0.0483,0.9881,0.011,0.5794,-0.0251,0.8608,0.0831,0.1452,0.1217,1
11.66,0.014,0.8072,-0.0008,0.5797,-0.0236,0.8615,0.0838,0.1446,0.1374,1
11.68,-0.1626,-0.4701,0.0216,0.5794,-0.0233,0.8677,0.0834,0.1437,0.1312,1
11.7,-0.3694,-1.0646,0.239,0.5801,-0.0266,0.8723,0.0829,0.1442,0.1315,1
11.72,-0.2502,-0.658,0.2461,0.5829,-0.0196,0.8694,0.0842,0.1435,0.1171,1
11.74,-0.1824,0.046,0.2687,0.5838,-0.0228,0.8696,0.0839,0.1446,0.1242,1
11.76,-0.187,0.8133,0.3428,0.5808,-0.0215,0.8638,0.0833,0.1449,0.1363,1
11.78,-0.2229,0.805,0.3733,0.5813,-0.0233,0.8623,0.0816,0.1445,0.1302,1
11.8,-0.1556,0.2538,0.2641,0.5827,-0.0225,0.8653,0.0823,0.1455,0.1214,1
11.82,-0.2264,-0.4378,0.2686,0.5834,-0.0314,0.8655,0.0807,0.1453,0.1107,1
11.84,-0.4954,-0.4303,0.2617,0.582,-0.0293,0.8663,0.0806,0.1454,0.1021,1
11.86,-0.4887,-0.157,0.1948,0.5828,-0.0253,0.8656,0.08,0.1456,0.1222,1
11.88,-0.302,-0.0453,-0.0132,0.5848,-0.0271,0.8658,0.0783,0.1444,0.1261,1
11.9,-0.1729,-0.0245,0.019,0.5859,-0.0227,0.8664,0.0781,0.1451,0.1254,1
11.92,0.1444,-0.4601,0.3692,0.5883,-0.0232,0.8634,0.0791,0.1461,0.1327,1
11.94,0.3757,-0.59,0.3961,0.5883,-0.0221,0.8616,0.0793,0.1452,0.1346,1
11.96,0.3075,-0.155,0.1038,0.5841,-0.0229,0.8611,0.0781,0.1446,0.1292,1
11.98,0.0309,0.0355,-0.0244,0.5791,-0.0247,0.8647,0.0763,0.1443,0.119,1
12.0,-0.0344,-0.2481,0.146,0.5785,-0.0221,0.867,0.0761,0.1432,0.1279,1
12.02,0.0304,-0.8025,0.4325,0.5813,-0.0241,0.8648,0.0791,0.1433,0.1294,1
12.04,-0.0092,-0.5141,0.4862,0.5846,-0.0248,0.8635,0.0808,0.145,0.1296,1
12.06,-0.138,0.6076,0.203,0.5863,-0.0186,0.8631,0.0803,0.1455,0.1349,1
12.08,-0.2497,0.8193,0.0358,0.5847,-0.0152,0.8646,0.0793,0.145,0.1256,1
12.1,-0.2774,0.4855,0.0297,0.5831,-0.0223,0.8643,0.0788,0.1456,0.1159,1
12.12,-0.4361,0.1995,-0.0384,0.5829,-0.0246,0.8634,0.0798,0.1449,0.1004,1
12.14,-0.5251,-0.0338,-0.0234,0.5813,-0.0153,0.8662,0.0794,0.1431,0.1055,1
12.16,-0.4952,0.3761,-0.0903,0.5796,-0.0148,0.8663,0.0786,0.1431,0.1268,1
12.18,-0.3454,0.5043,-0.0473,0.5818,-0.0196,0.8653,0.0786,0.1445,0.1356,1
12.2,-0.1355,0.0561,0.1434,0.5842,-0.0207,0.8659,0.0784,0.1443,0.1243,1
12.22,-0.1043,-0.2384,0.1559,0.5863,-0.0243,0.8635,0.0789,0.1437,0.1112,1
12.24,-0.2083,0.1514,0.1508,0.5863,-0.0231,0.8636,0.078,0.1454,0.1302,1
12.26,-0.1256,0.1239,0.0448,0.5825,-0.0244,0.865,0.0762,0.1453,0.1338,1
12.28,0.0137,0.0994,0.0953,0.5822,-0.0211,0.8621,0.0784,0.1456,0.1169,1
12.3,0.0189,0.755,0.1907,0.5828,-0.0188,0.8648,0.0787,0.1454,0.1174,1
12.32,-0.1784,1.0684,0.2123,0.5815,-0.0206,0.8666,0.0774,0.1456,0.1106,1
12.34,-0.2949,0.9686,0.1866,0.5827,-0.0207,0.8673,0.0797,0.1449,0.1054,1
12.36,-0.3325,0.3398,0.162,0.5831,-0.0238,0.8671,0.0786,0.1457,0.1216,1
12.38,-0.3505,0.2702,0.2189,0.582,-0.0197,0.8663,0.0778,0.1462,0.1013,1
12.4,-0.2407,0.3582,0.1796,0.5821,-0.0201,0.8672,0.0778,0.1459,0.1127,1
12.42,-0.2099,0.0635,0.2495,0.5832,-0.0223,0.8679,0.079,0.1447,0.1229,1
12.44,-0.208,0.2717,0.19,0.5848,-0.0191,0.8639,0.0806,0.1452,0.1032,1
12.46,-0.3394,0.4383,0.2947,0.5844,-0.0226,0.8643,0.0814,0.1452,0.1105,1
12.48,-0.4323,0.5826,0.3533,0.5825,-0.0202,0.8666,0.081,0.1453,0.1095,1
12.5,-0.5108,0.8054,0.236,0.5825,-0.0193,0.8683,0.0818,0.1446,0.1044,1
12.52,-0.1715,0.5712,0.1829,0.5846,-0.0234,0.8697,0.0814,0.1453,0.1161,1
12.54,-0.1804,0.3802,0.3042,0.5834,-0.0229,0.8719,0.0818,0.1445,0.133,1
12.56,-0.1924,0.359,0.3209,0.5808,-0.0221,0.87,0.081,0.1456,0.1189,1
12.58,-0.0491,-0.1756,0.264,0.5807,-0.0204,0.8685,0.0817,0.145,0.1397,1
12.6,0.0759,0.6255,0.215,0.5787,-0.0218,0.8687,0.0822,0.1441,0.1385,1
12.62,-0.0148,0.6902,0.0769,0.5755,-0.0203,0.8683,0.0797,0.1452,0.1309,1
12.64,-0.1777,0.3628,0.1462,0.5767,-0.0215,0.8663,0.0803,0.1463,0.1168,1
12.66,-0.1798,1.1592,0.4294,0.5745,-0.0186,0.8691,0.0826,0.147,0.1229,1
12.68,-0.3179,0.5397,0.4704,0.5771,-0.0195,0.8686,0.0811,0.1463,0.1305,1
12.7,-0.2723,-0.213,0.634,0.5816,-0.0196,0.8713,0.0813,0.1448,0.1515,1
12.72,-0.345,-0.1477,0.5243,0.581,-0.0185,0.8659,0.0814,0.1464,0.1487,1
12.74,-0.3437,-0.3608,0.4183,0.5823,-0.0215,0.8665,0.0815,0.1452,0.1373,1
12.76,-0.4478,0.1513,0.4644,0.5842,-0.0197,0.8669,0.0823,0.1447,0.124,1
12.78,-0.4131,-0.0662,0.5029,0.5825,-0.0181,0.8667,0.0801,0.1444,0.1336,1
12.8,-0.5367,0.8214,0.5691,0.583,-0.0182,0.863,0.0808,0.1435,0.118,1
12.82,-0.5432,0.0286,0.4946,0.5822,-0.0172,0.866,0.0805,0.1448,0.141,1
12.84,-0.5473,-0.5555,0.4901,0.5821,-0.0167,0.8653,0.0802,0.1454,0.1273,1
12.86,-0.3513,-0.442,0.3442,0.583,-0.0191,0.8654,0.079,0.1451,0.125,1
12.88,-0.1896,-0.1516,0.5742,0.5839,-0.0244,0.8655,0.0818,0.1438,0.0982,1
12.9,-0.1714,0.97,0.6303,0.5784,-0.0252,0.8668,0.0848,0.1462,0.1118,1
12.92,-0.0454,0.106,0.6784,0.5801,-0.0198,0.8656,0.0848,0.1451,0.1194,1
12.94,-0.1263,0.1854,0.5875,0.5802,-0.0216,0.8703,0.0837,0.1454,0.127,1
12.96,-0.3491,0.6158,0.5667,0.5763,-0.0194,0.8701,0.08,0.1456,0.1179,1
12.98,-0.5072,0.6207,0.7506,0.577,-0.02,0.8692,0.0806,0.1455,0.1078,1
13.0,-0.5477,0.2176,0.567,0.5816,0.0014,0.8676,0.077,0.1442,0.0455,1
13.02,-0.4825,0.2011,0.5864,0.5796,0.0052,0.8705,0.0756,0.1433,0.0559,1
13.04,-0.2014,0.9052,0.5649,0.5817,-0.0029,0.8665,0.0769,0.1433,0.0491,1
13.06,-0.2773,1.1339,0.2508,0.5794,-0.0022,0.8699,0.0781,0.1421,0.0716,1
13.08,-0.1415,0.4924,-0.0459,0.5783,-0.0034,0.8704,0.0786,0.1426,0.0473,1
13.1,0.3537,-0.2612,0.546,0.5782,-0.0001,0.8719,0.0778,0.1438,0.0485,1
13.12,0.2597,-0.2776,0.7989,0.5789,0.0018,0.8723,0.0781,0.1435,0.0601,1
13.14,-0.1603,0.2035,0.5687,0.5781,0.0007,0.8699,0.0786,0.1454,0.0672,1
13.16,-0.4322,0.567,0.0245,0.5751,0.002,0.8657,0.078,0.1444,0.0414,1
13.18,-0.2579,-0.1849,-0.3474,0.5746,0.0003,0.869,0.0767,0.1445,0.0248,1
13.2,-0.1058,0.14,-0.1136,0.5764,-0.0024,0.8704,0.0764,0.1448,0.0432,1
13.22,-0.0498,0.7838,0.1894,0.5783,-0.0013,0.8653,0.0786,0.1429,0.0517,1
13.24,0.0411,0.6783,0.3428,0.5784,0.0044,0.866,0.0796,0.1429,0.0536,1
13.26,-0.2252,-0.1768,0.153,0.5807,0.0058,0.8726,0.0779,0.1436,0.0411,1
13.28,-0.4485,-0.0144,0.2766,0.5773,0.0058,0.8727,0.0786,0.1435,0.049,1
13.3,-0.2116,0.0578,0.4254,0.5761,0.005,0.8732,0.0786,0.1442,0.0711,1
13.32,-0.2593,-0.5679,0.5073,0.5812,0.0039,0.8695,0.0778,0.1442,0.039,1
13.34,-0.5776,-0.531,0.295,0.5777,-0.0019,0.8634,0.0788,0.1443,0.0416,1
13.36,-0.4941,-0.1796,0.1371,0.58,-0.0061,0.8644,0.0792,0.1436,0.0547,1
13.38,-0.4427,0.2436,0.0329,0.5807,-0.0004,0.8641,0.0775,0.1424,0.0396,1
13.4,-0.2098,0.787,0.0233,0.5827,-0.004,0.8585,0.0778,0.1422,0.0482,1
13.42,-0.2564,0.4192,-0.0035,0.5816,0.0027,0.8619,0.0788,0.1422,0.0411,1
13.44,-0.2557,-0.6974,-0.0273,0.5816,0.0003,0.8666,0.0789,0.1432,0.0525,1
13.46,-0.2361,-0.5979,0.1767,0.5795,0.0011,0.8731,0.0782,0.1446,0.0513,1
13.48,-0.2118,0.2678,0.722,0.575,0.0103,0.8782,0.078,0.144,0.0555,1
13.5,-0.1405,0.4786,0.8241,0.5755,0.0085,0.8709,0.0776,0.1432,0.0534,1
13.52,-0.2202,0.2449,0.6539,0.5781,-0.0007,0.865,0.0774,0.1435,0.0474,1
13.54,-0.4065,-0.3749,0.6696,0.5789,0.0044,0.8676,0.0768,0.145,0.0593,1
13.56,-0.3351,-0.461,0.9772,0.5805,0.0036,0.8674,0.0782,0.1441,0.0604,1
13.58,-0.2849,0.157,0.9493,0.5833,-0.0008,0.863,0.0784,0.1436,0.0428,1
13.6,-0.365,0.3259,0.3633,0.5826,0.0033,0.8657,0.0777,0.1446,0.0483,1
13.62,-0.4693,0.1261,-0.2122,0.5797,0.0034,0.8721,0.0782,0.1438,0.0524,1
13.64,-0.4431,0.1335,-0.1809,0.5777,0.0036,0.874,0.078,0.1435,0.0476,1
13.66,-0.2453,0.317,0.069,0.5783,-0.0016,0.8694,0.0774,0.1437,0.0463,1
13.68,-0.2224,-0.243,0.0928,0.5801,-0.0048,0.8665,0.0784,0.1436,0.0526,1
13.7,-0.2847,-0.8496,0.0091,0.5794,-0.0031,0.867,0.0797,0.1431,0.0496,1
13.72,-0.2815,-0.6825,0.1609,0.5758,0.0012,0.869,0.0796,0.1441,0.0486,1
13.74,-0.0699,-0.736,0.4074,0.5771,0.0083,0.8674,0.0786,0.144,0.0585,1
13.76,0.0612,-0.6655,0.584,0.5824,0.0049,0.8636,0.0766,0.1437,0.0656,1
13.78,-0.0865,-0.2075,0.5356,0.5829,-0.0001,0.8638,0.0775,0.144,0.0178,1
13.8,-0.2123,0.2901,0.5529,0.5796,0.0034,0.8686,0.0794,0.1449,0.0,1
13.82,-0.2947,1.0795,0.5868,0.5787,-0.0022,0.865,0.0791,0.1451,0.0,1
13.84,-0.3822,1.0612,0.3491,0.5794,-0.0048,0.8593,0.0784,0.1442,0.0,1
13.86,-0.4015,0.2641,-0.1394,0.5798,-0.0051,0.8625,0.0797,0.1434,0.0,1
13.88,-0.4299,-0.4292,-0.1627,0.5808,0.0023,0.8705,0.0791,0.1438,0.0,1
13.9,-0.1227,-0.8307,0.3421,0.5827,0.0057,0.8697,0.0793,0.1442,0.0368,1
13.92,0.0436,-0.9061,0.762,0.5854,0.0001,0.8615,0.0812,0.1449,0.0552,1
13.94,-0.1213,-0.7499,0.5205,0.5859,-0.0046,0.8565,0.0791,0.1447,0.0494,1
13.96,-0.4225,0.1418,0.0178,0.5796,-0.0005,0.863,0.0784,0.1439,0.0619,1
13.98,-0.3956,0.7935,0.0505,0.5748,0.0068,0.871,0.078,0.1448,0.0357,1
14.0,-0.3122,0.7577,0.5264,0.5757,0.0056,0.8718,0.078,0.1449,0.053,1
14.02,-0.2134,0.3044,0.8031,0.5793,-0.0031,0.8669,0.0782,0.1424,0.0562,1
14.04,-0.248,0.4947,0.5635,0.5785,0.0002,0.8686,0.0783,0.1431,0.0492,1
14.06,-0.4055,0.4441,0.3118,0.5766,0.0019,0.8697,0.0788,0.1426,0.0469,1
14.08,-0.2655,-0.024,0.1852,0.5788,-0.0009,0.8703,0.077,0.1427,0.0585,1
14.1,-0.2163,0.3108,0.2004,0.5809,0.0016,0.8666,0.0778,0.1431,0.0502,1
14.12,-0.2542,0.6238,0.1348,0.5816,0.0043,0.8679,0.0781,0.1423,0.0553,1
14.14,-0.1621,0.0975,0.2739,0.5795,-0.0011,0.867,0.0775,0.1427,0.0542,1
14.16,0.0213,0.0576,0.3764,0.5773,0.0058,0.8716,0.0782,0.1432,0.0593,1
14.18,0.0362,-0.1737,0.325,0.5809,0.005,0.8648,0.0757,0.1449,0.0458,1
14.2,-0.0899,-0.6231,0.2755,0.5829,0.0082,0.8622,0.0793,0.1451,0.0628,1
14.22,-0.0165,-0.97,0.37,0.582,0.0027,0.8651,0.078,0.1447,0.04,1
14.24,-0.0853,-0.1906,0.4526,0.581,0.0002,0.8709,0.0779,0.1456,0.0454,1
14.26,-0.2681,0.7245,0.6495,0.5819,0.0107,0.8611,0.0773,0.1446,0.0529,1
14.28,-0.2648,0.5327,0.694,0.5808,0.0061,0.8582,0.0786,0.1433,0.0369,1
14.3,-0.367,-0.7994,0.4439,0.5816,-0.0036,0.8658,0.0784,0.1433,0.0513,1
14.32,-0.7599,-1.9609,0.3649,0.575,-0.0011,0.8719,0.0785,0.1447,0.0313,1
14.34,-0.3509,-1.6074,0.598,0.5769,0.0071,0.8797,0.0797,0.1442,0.0298,1
14.36,0.1601,-0.2989,0.7693,0.5831,-0.0012,0.8738,0.0771,0.1443,0.0505,1
14.38,0.0614,0.7442,0.5988,0.5808,0.0021,0.8658,0.0789,0.1448,0.0574,1
14.4,-0.2343,-0.3961,0.4682,0.5799,0.0086,0.8674,0.0795,0.1434,0.0731,1
14.42,-0.3242,-0.882,0.5294,0.5809,-0.0023,0.8684,0.0787,0.1434,0.0725,1
14.44,-0.4332,0.0129,0.693,0.5846,0.0068,0.8653,0.0812,0.1443,0.0604,1
14.46,-0.5747,0.8203,0.5931,0.5853,0.0017,0.859,0.077,0.1434,0.0213,1
14.48,-0.6546,0.3554,0.3864,0.5816,0.0026,0.8665,0.0808,0.1449,0.0599,1
14.5,-0.7195,0.421,0.5358,0.5794,0.0012,0.8678,0.078,0.1434,0.035,1
14.52,-0.5463,0.4132,0.7362,0.5793,0.0073,0.8647,0.0792,0.1438,0.0354,1
14.54,-0.3005,1.1381,0.4381,0.5824,0.0005,0.8618,0.0782,0.142,0.0555,1
14.56,-0.4601,0.4241,0.1375,0.5795,-0.0027,0.8604,0.0802,0.1425,0.0486,1
14.58,-0.2704,-0.7604,-0.0679,0.5804,-0.0017,0.8679,0.0803,0.1418,0.045,1
14.6,-0.3584,-0.8315,0.2361,0.5813,0.0023,0.8737,0.0797,0.1437,0.037,1
14.62,-0.3123,0.201,0.6512,0.5834,-0.0014,0.8625,0.0793,0.1427,0.0313,1
14.64,-0.2553,0.1142,0.6751,0.5849,-0.0049,0.862,0.0781,0.1427,0.0395,1
14.66,-0.4603,0.2629,0.4317,0.5818,0.0015,0.8635,0.0785,0.142,0.0392,1
14.68,-0.4218,0.1956,0.2563,0.5793,0.0027,0.864,0.0785,0.143,0.0522,1
14.7,-0.1431,-0.0833,0.2135,0.5791,-0.0054,0.8638,0.0802,0.1433,0.0535,1
14.72,-0.0457,-0.0971,0.1317,0.5807,-0.0107,0.8692,0.0812,0.1422,0.04,1
14.74,0.0685,0.0772,-0.0328,0.5811,-0.0062,0.8709,0.0802,0.1423,0.0458,1
14.76,0.1681,0.0379,-0.0662,0.5802,-0.0023,0.8726,0.079,0.1431,0.0422,1
14.78,0.0332,0.2397,-0.0763,0.5822,-0.0028,0.8676,0.0791,0.1432,0.0512,1
14.8,-0.0791,0.5292,-0.0617,0.587,0.0033,0.8637,0.0784,0.1436,0.0559,1
14.82,-0.3003,2.4943,0.0537,0.5824,0.0064,0.8658,0.079,0.1429,0.0555,1
14.84,-0.5252,2.4088,0.1233,0.5709,0.0096,0.8703,0.0805,0.1411,0.0393,1
14.86,-0.5814,-0.6321,0.0605,0.5715,0.0065,0.8692,0.0789,0.1437,0.0432,1
14.88,-0.4351,-2.9828,-0.1152,0.5792,-0.0003,0.8638,0.0786,0.1437,0.0477,1
14.9,-0.4195,-3.3746,-0.1007,0.5835,-0.0033,0.8653,0.0793,0.1434,0.0515,1
14.92,-0.2366,-1.7152,-0.0419,0.5821,-0.0024,0.8692,0.0769,0.1435,0.0434,1
14.94,-0.2483,-0.365,0.2164,0.5802,0.0016,0.8735,0.0776,0.1436,0.0616,1
14.96,-0.0416,-0.0989,0.3796,0.5826,-0.0002,0.8622,0.0785,0.1423,0.0506,1
14.98,0.3058,0.1913,0.4658,0.5833,-0.0003,0.8625,0.0794,0.1431,0.0325,1
15.0,0.1855,0.9242,0.3194,0.5813,0.0002,0.8601,0.0787,0.1414,0.0298,1
15.02,0.0794,0.7231,0.3884,0.5771,0.0033,0.8596,0.0796,0.1433,0.0477,1
15.04,0.0586,0.3074,0.4517,0.5864,-0.0031,0.8628,0.0774,0.143,0.0684,1
15.06,-0.101,0.598,0.352,0.5832,-0.0039,0.8615,0.0777,0.1414,0.0403,1
15.08,-0.1001,-0.5031,0.1475,0.5839,0.0027,0.8627,0.0789,0.1415,0.0373,1
15.1,-0.3681,-1.7124,-0.3427,0.5804,0.007,0.8692,0.0784,0.1433,0.0359,1
15.12,-0.311,-1.1414,-0.0897,0.5831,0.0094,0.8659,0.0783,0.1422,0.0619,1
15.14,-0.3823,0.5665,0.0716,0.5836,0.0027,0.8604,0.0782,0.1418,0.023,1
15.16,-0.3485,-0.0311,0.1907,0.5819,-0.0015,0.8652,0.0826,0.1444,0.0289,1
15.18,-0.6239,0.0143,0.4982,0.5808,-0.0027,0.8643,0.0774,0.1421,0.0515,1
15.2,-0.4953,-0.5811,0.3782,0.5811,0.0022,0.8671,0.0781,0.1427,0.0399,1
15.22,-0.318,0.12,0.1563,0.5856,-0.001,0.8628,0.0803,0.144,0.0489,1
15.24,-0.1002,1.903,0.118,0.5865,0.0024,0.8587,0.0774,0.1446,0.0528,1
15.26,0.0054,0.7724,0.2717,0.5785,0.0093,0.8679,0.0762,0.1441,0.0472,1
15.28,0.1609,-0.7705,0.6414,0.5752,0.0045,0.8771,0.0799,0.1451,0.0422,1
15.3,0.0089,-0.4434,0.7756,0.5776,0.0017,0.8752,0.0797,0.144,0.0478,1
15.32,-0.1391,0.2234,0.5479,0.5813,0.0003,0.8652,0.0788,0.1425,0.0545,1
15.34,-0.0732,0.8344,0.4436,0.5792,0.0022,0.8602,0.077,0.1424,0.0609,1
15.36,-0.1784,1.2143,0.3804,0.5793,0.0046,0.8563,0.0771,0.1425,0.0558,1
15.38,-0.2122,0.1411,0.3966,0.5818,-0.0001,0.8595,0.0777,0.1433,0.0383,1
15.4,-0.2499,-0.5342,0.3146,0.583,-0.0027,0.866,0.0778,0.1437,0.0452,1
15.42,-0.2474,0.0632,0.0014,0.5821,0.0018,0.8689,0.0785,0.1442,0.0592,1
15.44,0.0144,0.2231,-0.239,0.5837,0.0004,0.8684,0.0788,0.1438,0.0433,1
15.46,-0.0703,0.6485,-0.06,0.584,-0.0009,0.8629,0.0785,0.1441,0.0354,1
15.48,-0.306,0.7069,0.1976,0.5827,-0.0004,0.8567,0.0783,0.1441,0.0509,1
15.5,-0.2869,0.1973,0.2747,0.5836,0.0035,0.8599,0.0791,0.1434,0.0479,1
15.52,-0.3297,0.8315,-0.0626,0.5837,-0.0014,0.8653,0.0799,0.1433,0.0507,1
15.54,-0.0905,1.7604,-0.055,0.5828,-0.0014,0.865,0.0785,0.1432,0.0506,1
15.56,-0.2878,1.3447,-0.1193,0.5816,-0.0015,0.8688,0.0783,0.1419,0.042,1
15.58,-0.8484,0.6756,-0.3491,0.5783,0.001,0.87,0.0735,0.1424,0.0529,1
15.6,-1.0185,-0.1242,-0.3545,0.5791,0.0024,0.8728,0.0746,0.1426,0.0547,1
15.62,-1.2006,0.9893,-0.3118,0.5797,0.0044,0.861,0.0746,0.1417,0.0373,1
15.64,-1.3523,0.3042,0.0087,0.5787,0.0042,0.8598,0.068,0.1423,0.0363,1
15.66,-1.3003,0.0695,0.3559,0.5812,0.0064,0.8639,0.0663,0.1414,0.0478,1
15.68,-0.7141,-0.7456,0.997,0.577,0.0034,0.8645,0.0634,0.144,0.0374,1
15.7,-0.6137,-1.113,0.7496,0.5789,-0.0001,0.8663,0.0673,0.1438,0.0667,1
15.72,-0.6024,-0.4745,0.6041,0.5814,-0.0009,0.8657,0.0651,0.142,0.0637,1
15.74,-0.8042,-0.3717,0.4593,0.581,0.0049,0.8693,0.0667,0.141,0.0426,1
15.76,-0.9123,0.5597,0.6333,0.5777,0.0003,0.8687,0.0657,0.1422,0.0503,1
15.78,-1.1773,0.3037,0.7266,0.5811,0.0021,0.8644,0.0672,0.1415,0.06,1
15.8,-1.1223,-0.4503,0.856,0.5804,-0.0101,0.862,0.0646,0.1412,0.0403,1
15.82,-0.8092,-0.9117,0.7448,0.5812,-0.0138,0.8656,0.0646,0.1424,0.0529,1
15.84,-0.757,-0.796,0.7815,0.5834,-0.0067,0.8614,0.0657,0.1417,0.0262,1
15.86,-0.7069,-0.1915,0.7902,0.5843,-0.0043,0.8592,0.065,0.1419,0.0,1
15.88,-0.4091,-0.6299,0.7135,0.5846,-0.0008,0.8648,0.0588,0.1426,0.0,1
15.9,-0.2602,-1.0392,0.8498,0.583,-0.0026,0.8661,0.0515,0.1437,0.0,1
15.92,-0.0986,-1.281,1.0049,0.5837,-0.005,0.8623,0.049,0.1435,0.0,1
15.94,0.4177,-1.8228,1.2541,0.5838,-0.0062,0.8615,0.0493,0.1425,0.0,1
15.96,0.8116,-1.7245,1.2546,0.5842,-0.0095,0.8583,0.0544,0.1433,0.0,1
15.98,1.1946,-1.3606,0.9438,0.5872,-0.0121,0.8513,0.0585,0.1435,0.0,1
16.0,1.5283,-1.3008,0.7567,0.5848,-0.0164,0.8545,0.0595,0.1441,0.0,1
16.02,1.3327,-1.2799,0.9113,0.5837,-0.0065,0.8614,0.0595,0.1446,0.0,1
16.04,1.1279,-1.9738,0.8853,0.584,-0.0017,0.8617,0.0597,0.1445,0.0,1
16.06,0.7747,-2.2663,0.586,0.587,0.0011,0.8641,0.0592,0.144,0.0,1
16.08,0.0576,-0.7509,-0.0553,0.587,0.0087,0.8645,0.0588,0.143,0.0,1
16.1,-0.4313,-0.1082,-0.0775,0.585,0.0094,0.866,0.0622,0.1428,0.0,1
16.12,-0.7726,0.6811,0.169,0.5822,0.0039,0.8715,0.0608,0.1428,0.0,1
16.14,-0.7458,0.7982,0.0715,0.5808,-0.0063,0.8655,0.0606,0.1443,0.0,1
16.16,-0.6674,-0.5102,-0.66,0.578,0.0063,0.8617,0.0588,0.1436,0.0,1
16.18,-0.5832,-0.6648,-0.5825,0.5816,-0.0013,0.8629,0.0583,0.1448,0.0,1
16.2,-0.5676,0.3464,-0.5003,0.5853,-0.0008,0.8612,0.0597,0.1443,0.0,1
16.22,-0.5149,0.5121,-0.1941,0.5854,-0.0028,0.8557,0.0623,0.144,0.0,1
16.24,-0.5304,-0.4672,0.3047,0.5895,0.0042,0.8575,0.0634,0.1443,0.0,1
16.26,-0.3161,-0.2621,0.1937,0.5896,-0.0007,0.8628,0.0677,0.1432,0.0,1
16.28,0.0414,0.6287,0.2496,0.5846,0.0069,0.8639,0.0661,0.1432,0.0,1
16.3,0.4512,1.0262,0.1935,0.5833,-0.0061,0.8663,0.071,0.1438,0.0,1
16.32,0.4468,0.4123,0.5455,0.5837,-0.0017,0.8651,0.0715,0.1431,0.0,1
16.34,0.3003,-0.1133,0.6336,0.585,-0.0004,0.8576,0.0721,0.1432,0.0,1
16.36,0.319,0.0467,0.4626,0.5891,-0.0002,0.8566,0.0736,0.1444,0.0,1
16.38,0.2177,1.1698,0.3101,0.5899,0.0017,0.8537,0.074,0.1443,0.0,1
16.4,0.3233,1.0735,0.3522,0.5882,0.001,0.8518,0.0756,0.1435,0.0,1
16.42,0.2565,0.5166,0.2805,0.5865,-0.0025,0.8598,0.0778,0.1435,0.002,1
16.44,-0.1972,0.4564,0.0791,0.5836,-0.0097,0.8659,0.0781,0.1433,0.0,1
16.46,-0.3574,0.8038,0.0074,0.582,0.0002,0.8666,0.0774,0.1438,0.0,1
16.48,-0.5504,1.1977,-0.2169,0.5827,0.001,0.8648,0.0771,0.1436,0.0,1
16.5,-0.4331,0.1511,-0.1907,0.5842,-0.0017,0.8611,0.078,0.1446,0.0136,1
16.52,-0.4575,0.0734,0.042,0.5878,-0.0041,0.8616,0.0796,0.1445,0.0489,1
16.54,-0.3367,1.195,0.1851,0.5865,-0.0037,0.8582,0.0789,0.1454,0.0539,1
16.56,-0.0723,1.7692,0.1826,0.5841,-0.0034,0.8629,0.0778,0.1434,0.0495,1
16.58,0.1061,1.3862,0.1347,0.5821,0.0004,0.8637,0.0794,0.1441,0.0458,1
16.6,0.0598,0.9744,0.0235,0.581,0.0065,0.8711,0.0785,0.1437,0.0335,1
16.62,0.0674,0.7449,0.0459,0.5807,-0.0044,0.8714,0.0773,0.1441,0.0463,1
16.64,-0.1374,0.8593,0.0473,0.5828,0.0012,0.8656,0.0769,0.1445,0.0462,1
16.66,0.2113,-0.2622,0.3085,0.581,-0.0018,0.8613,0.0771,0.1437,0.0551,1
16.68,-0.0723,-0.3129,0.3268,0.5831,0.0048,0.8681,0.079,0.1438,0.0397,1
16.7,-0.2082,0.3119,0.1832,0.5808,0.0032,0.8677,0.0796,0.144,0.0509,1
16.72,-0.1745,0.9393,0.4665,0.5816,0.0016,0.8656,0.0771,0.144,0.027,1
16.74,-0.4098,1.2757,0.3869,0.5807,0.006,0.8621,0.0778,0.1444,0.0366,1
16.76,-0.5754,0.4323,0.1025,0.5793,0.0033,0.8648,0.0787,0.1441,0.0442,1
16.78,-0.7517,-0.9437,-0.1077,0.5805,0.0015,0.8631,0.08,0.1435,0.0583,1
16.8,-0.5434,-1.0876,0.0984,0.5856,-0.0019,0.8588,0.08,0.144,0.0483,1
16.82,-0.4458,-0.6206,0.2633,0.5857,-0.0064,0.8615,0.0778,0.1442,0.0427,1
16.84,-0.2509,-0.4077,0.5332,0.5826,-0.005,0.8674,0.0778,0.1436,0.0548,1
16.86,0.0354,0.135,0.6798,0.5808,-0.0013,0.8695,0.0783,0.1432,0.0403,1
16.88,0.1952,0.2461,0.4033,0.5806,-0.0068,0.8657,0.0787,0.1425,0.051,1
16.9,0.0591,-0.2675,0.25,0.5823,-0.0015,0.8627,0.08,0.1419,0.0773,1
16.92,-0.1831,-0.6193,0.1999,0.5806,0.0048,0.8651,0.0805,0.1443,0.078,1
16.94,-0.2219,0.1528,0.2444,0.5824,0.0072,0.8631,0.0792,0.142,0.0829,1
16.96,-0.3109,0.5937,0.0911,0.5846,0.0046,0.8582,0.0805,0.1424,0.0497,1
16.98,-0.2341,0.1893,0.2025,0.5859,0.0054,0.8602,0.0803,0.1411,0.043,1
17.0,-0.5079,-0.8818,0.3754,0.5837,0.0002,0.8681,0.0787,0.144,0.0424,1
17.02,-0.5866,-0.681,0.3655,0.5856,0.0039,0.865,0.0776,0.1444,0.0666,1
17.04,-0.427,0.1128,0.3245,0.5896,-0.0005,0.8591,0.0789,0.1449,0.0565,1
17.06,-0.4037,0.3615,0.403,0.5817,-0.0031,0.8629,0.0791,0.1406,0.0632,1
17.08,-0.1568,-0.4315,0.4929,0.5826,0.0022,0.8642,0.0812,0.1433,0.0632,1
17.1,-0.1087,-0.5433,0.4958,0.5855,-0.0005,0.8624,0.0804,0.1439,0.0592,1
17.12,-0.1526,-0.0986,0.1848,0.5854,-0.0053,0.862,0.0797,0.1434,0.0544,1
17.14,-0.2769,-0.3882,-0.1495,0.5818,-0.0014,0.8656,0.0788,0.1432,0.0538,1
17.16,-0.3885,-0.461,-0.1487,0.5797,0.0058,0.8691,0.0798,0.1435,0.0638,1
17.18,-0.5687,-0.2061,-0.287,0.5798,0.0057,0.8666,0.0787,0.1442,0.0618,1
17.2,-0.321,-0.293,-0.0189,0.5839,0.0032,0.8604,0.0805,0.1444,0.0456,1
17.22,-0.218,-0.8251,0.5852,0.5871,-0.0013,0.8615,0.0804,0.1427,0.0482,1
17.24,-0.3471,-0.3481,0.9243,0.5853,0.0023,0.8657,0.0788,0.1426,0.051,1
17.26,-0.3305,1.4439,0.6817,0.5846,0.0021,0.8645,0.078,0.1442,0.07,1
17.28,-0.1429,2.3069,0.4301,0.5838,-0.0006,0.862,0.0771,0.1436,0.0591,1
17.3,0.0268,1.6443,0.3775,0.58,0.0001,0.8613,0.0771,0.1432,0.0645,1
17.32,0.1403,0.2499,0.5301,0.5778,0.0005,0.866,0.0771,0.1448,0.0603,1
17.34,-0.0502,-0.7747,0.7261,0.5805,-0.0022,0.8655,0.0778,0.142,0.0526,1
17.36,-0.0444,-0.0063,0.5532,0.5834,-0.0092,0.8634,0.0782,0.1413,0.0537,1
17.38,-0.0608,0.3464,0.382,0.5851,-0.0042,0.8634,0.0781,0.1428,0.0543,1
17.4,-0.1509,0.8203,0.3593,0.5866,0.005,0.8601,0.0813,0.1416,0.044,1
17.42,-0.2716,0.6479,0.4808,0.5819,0.0007,0.861,0.077,0.1417,0.0545,1
17.44,-0.1413,-0.3348,0.4457,0.5849,-0.0011,0.8633,0.0776,0.1433,0.0482,1
17.46,-0.2149,0.0386,0.0814,0.583,0.003,0.8657,0.0785,0.1422,0.0632,1
17.48,-0.4884,0.1699,-0.2568,0.5834,0.0014,0.8662,0.0802,0.1436,0.0412,1
17.5,-0.3657,-0.7651,-0.2214,0.5836,0.0035,0.8613,0.0805,0.1443,0.0392,1
17.52,-0.0788,-1.75,-0.1569,0.5849,0.003,0.8562,0.0785,0.1425,0.0621,1
17.54,-0.086,-1.3332,0.0164,0.586,-0.001,0.8607,0.0785,0.1427,0.0744,1
17.56,-0.1317,-0.0101,0.2307,0.5856,0.0044,0.8652,0.0799,0.142,0.0711,1
17.58,-0.1605,0.77,0.3199,0.5831,0.0068,0.8673,0.0796,0.1422,0.0272,1
17.6,-0.1506,0.9014,0.316,0.5804,0.0037,0.866,0.0773,0.142,0.0098,1
17.62,-0.1837,0.3431,0.2106,0.5784,0.0001,0.863,0.0774,0.142,0.0185,1
17.64,-0.0953,-0.4918,0.0787,0.5833,-0.0002,0.8578,0.0789,0.1436,0.0387,1
17.66,-0.1467,-0.4421,-0.1315,0.5826,0.0003,0.8642,0.0806,0.1436,0.0414,1
17.68,0.0026,0.3411,-0.6914,0.586,-0.0033,0.8609,0.0784,0.1445,0.0259,1
17.7,0.3355,0.8125,-0.4059,0.5857,-0.0023,0.8655,0.0767,0.1437,0.0555,1
17.72,0.2078,0.1832,0.2069,0.5853,0.005,0.863,0.0807,0.1433,0.0606,1
17.74,0.3125,-0.3316,0.5397,0.5834,0.0087,0.8598,0.0777,0.1436,0.0617,1
17.76,-0.3349,-0.0328,0.4317,0.5819,0.0088,0.8673,0.0811,0.1435,0.0657,1
17.78,-0.4117,0.1566,0.3723,0.5802,0.0071,0.8657,0.078,0.1446,0.0614,1
17.8,-0.2983,-0.1029,0.6544,0.5813,0.0052,0.8627,0.0782,0.1442,0.068,1
17.82,-0.5709,0.1403,0.9146,0.5847,0.0016,0.861,0.0789,0.144,0.055,1
17.84,-0.5699,0.2258,0.7657,0.5839,0.0033,0.8636,0.0798,0.1437,0.0465,1
17.86,-0.5825,0.1318,0.3972,0.5826,-0.0013,0.8656,0.0801,0.1443,0.0628,1
17.88,-0.4268,0.6346,0.046,0.581,-0.0056,0.8634,0.0816,0.1451,0.053,1
17.9,-0.4289,1.1629,-0.2954,0.581,0.0012,0.8616,0.0803,0.1448,0.05,1
17.92,-0.3004,0.4785,-0.3271,0.5822,0.0019,0.8626,0.0799,0.1446,0.0662,1
17.94,-0.07,-0.3351,0.1171,0.5833,-0.0038,0.8655,0.0791,0.1423,0.0705,1
17.96,-0.1806,-0.4123,0.9077,0.5851,-0.0012,0.8631,0.0791,0.1424,0.065,1
17.98,-0.3201,-0.731,0.908,0.5854,-0.0034,0.8607,0.0797,0.1445,0.0563,1
18.0,-0.4976,-0.0299,0.4046,0.5841,-0.0003,0.8626,0.0784,0.1447,0.0574,1
18.02,-0.2769,-0.6169,0.3187,0.5793,0.0008,0.8618,0.0798,0.143,0.0426,1
18.04,-0.0469,-0.6945,0.5549,0.5818,0.0076,0.8642,0.078,0.1433,0.0305,1
18.06,0.0806,0.3805,0.4176,0.5835,-0.0019,0.8658,0.0789,0.1419,0.0646,1
18.08,-0.3354,0.2503,0.1769,0.5819,-0.0051,0.8605,0.0789,0.1437,0.0481,1
18.1,-0.4444,0.6442,0.0148,0.5857,0.0057,0.8666,0.0791,0.1443,0.0455,1
18.12,-0.3095,0.3377,0.2533,0.5823,0.0035,0.8647,0.0773,0.1432,0.0464,1
18.14,-0.123,-0.519,0.4257,0.5841,-0.0026,0.8626,0.0776,0.1435,0.0569,1
18.16,-0.3751,-0.66,0.3005,0.5849,-0.0015,0.8651,0.0785,0.1442,0.0493,1
18.18,-0.5011,0.0227,0.227,0.5822,-0.0004,0.8623,0.0781,0.1432,0.0529,1
18.2,-0.2275,0.0723,0.1911,0.5829,-0.0009,0.8636,0.0768,0.1431,0.0547,1
18.22,-0.1279,0.1767,0.3135,0.584,-0.0001,0.8606,0.0779,0.144,0.0663,1
18.24,-0.04,-0.4175,0.4642,0.5843,-0.0038,0.8604,0.0777,0.1436,0.0595,1
18.26,-0.0118,-0.8772,0.4823,0.5839,-0.0051,0.864,0.0778,0.1432,0.0554,1
18.28,-0.1543,-0.8296,0.4014,0.5844,-0.0009,0.8652,0.0796,0.1446,0.0487,1
18.3,-0.2769,0.1859,0.3008,0.5847,0.0015,0.8658,0.0788,0.1445,0.0522,1
18.32,-0.3668,1.0849,0.3921,0.5842,0.0017,0.8646,0.0809,0.1455,0.0541,1
18.34,-0.4203,1.1592,0.1935,0.5798,0.0058,0.8573,0.0821,0.1444,0.0637,1
18.36,-0.3552,-0.3531,0.2009,0.581,0.0012,0.8623,0.0807,0.1436,0.0629,1
18.38,-0.2583,-0.3291,0.3804,0.5852,0.0009,0.861,0.08,0.1421,0.051,1
18.4,-0.2155,0.4369,0.4493,0.588,-0.0036,0.8586,0.0781,0.1427,0.0714,1
18.42,-0.0545,0.1078,0.4405,0.5868,-0.0067,0.8593,0.0804,0.1445,0.0479,1
18.44,-0.1797,0.2488,0.3767,0.5803,0.0013,0.8675,0.0787,0.1429,0.0693,1
18.46,-0.2672,-0.0214,0.3459,0.579,-0.0022,0.8719,0.0791,0.144,0.0382,1
18.48,-0.2115,-0.0654,0.2638,0.5817,-0.003,0.8672,0.0809,0.1447,0.058,1
18.5,-0.1955,0.3987,0.2296,0.5844,-0.0041,0.8621,0.081,0.1446,0.0625,1
18.52,-0.0962,0.4319,0.2859,0.584,-0.0044,0.8607,0.0793,0.1432,0.0711,1
18.54,-0.2311,0.5748,0.4534,0.5831,-0.0022,0.8632,0.0768,0.1428,0.073,1
18.56,-0.2496,0.1077,0.452,0.5812,0.0024,0.8672,0.0789,0.1439,0.0658,1
18.58,-0.3417,-0.3148,0.3728,0.5812,0.0021,0.8701,0.0808,0.1442,0.0616,1
18.6,-0.3893,0.4138,0.2047,0.5833,-0.0034,0.8661,0.0807,0.1442,0.0712,1
18.62,-0.3376,0.2525,0.2152,0.5824,-0.0004,0.862,0.0788,0.1426,0.0624,1
18.64,-0.3241,-0.4545,-0.187,0.5811,-0.005,0.8653,0.0802,0.1439,0.0433,1
18.66,-0.3429,-0.2684,-0.3443,0.5852,-0.0038,0.8591,0.0817,0.1442,0.0424,1
18.68,-0.2431,-0.0976,-0.1739,0.5899,-0.0024,0.8601,0.0778,0.1437,0.066,1
18.7,-0.1325,0.2053,0.1934,0.5905,-0.002,0.8629,0.0806,0.1432,0.038,1
18.72,-0.071,0.0671,0.7832,0.5816,0.0024,0.8655,0.0826,0.1434,0.0743,1
18.74,-0.0099,0.8228,0.4348,0.5833,-0.0009,0.8626,0.0788,0.145,0.0283,1
18.76,-0.0915,0.6877,0.1576,0.5804,-0.0039,0.8588,0.0805,0.1454,0.0622,1
18.78,0.0454,0.7755,0.3179,0.5814,0.0041,0.8572,0.0824,0.145,0.0488,1
18.8,0.0658,0.4029,0.5536,0.5808,-0.0029,0.863,0.0783,0.1429,0.059,1
18.82,-0.0244,-0.2238,0.7727,0.5819,-0.0019,0.865,0.0787,0.1435,0.0542,1
18.84,-0.0972,-0.3271,0.4016,0.5834,-0.0008,0.8647,0.0793,0.1419,0.0522,1
18.86,-0.2693,-0.6478,-0.1962,0.5838,0.0031,0.8655,0.08,0.142,0.0597,1
18.88,-0.3711,-0.2277,-0.0452,0.5837,0.0065,0.863,0.0791,0.1426,0.0722,1
18.9,-0.2426,0.4551,0.1883,0.5834,0.0006,0.8599,0.0784,0.1432,0.0755,1
18.92,-0.191,0.9518,0.2625,0.5833,0.0015,0.8601,0.078,0.1421,0.0473,1
18.94,-0.2683,0.6907,0.0957,0.5836,0.0048,0.8614,0.0804,0.1414,0.0536,1
18.96,-0.211,-0.2965,0.252,0.5854,-0.0003,0.8644,0.0767,0.1422,0.0653,1
18.98,-0.0776,-0.2478,0.5255,0.5853,-0.001,0.8642,0.0783,0.1422,0.0569,1
19.0,-0.0868,-0.2784,0.5622,0.5832,0.0088,0.8653,0.0795,0.1434,0.0553,1
19.02,-0.2657,-0.5272,0.2051,0.5826,0.0053,0.8623,0.0804,0.1413,0.0523,1
19.04,-0.2335,0.0984,0.1385,0.5848,-0.0011,0.8627,0.0796,0.1433,0.0458,1
19.06,-0.2208,0.872,0.2354,0.5805,-0.0082,0.8657,0.0808,0.1418,0.0598,1
19.08,-0.176,1.3025,0.3095,0.5815,-0.0002,0.8624,0.0798,0.1415,0.0441,1
19.1,0.0301,0.6606,0.5451,0.5821,0.0031,0.8581,0.0789,0.1425,0.0661,1
19.12,-0.0481,-0.476,0.5063,0.5834,0.0011,0.8635,0.0787,0.1426,0.0631,1
19.14,-0.3631,0.3572,0.5847,0.581,0.0007,0.8696,0.0788,0.1426,0.067,1
19.16,-0.2034,0.2964,0.5431,0.5813,0.0013,0.8671,0.079,0.1431,0.0591,1
19.18,-0.0965,0.5394,0.319,0.5828,0.0062,0.8638,0.0801,0.1428,0.064,1
19.2,-0.2841,0.3514,0.1295,0.5829,0.0013,0.8596,0.0803,0.1431,0.0581,1
19.22,-0.1929,-0.1006,0.3432,0.5802,0.0008,0.8619,0.081,0.1435,0.0587,1
19.24,-0.1607,-0.6756,0.3581,0.5804,0.0017,0.866,0.0813,0.1421,0.0611,1
19.26,-0.1323,-0.5891,0.5098,0.5828,-0.0014,0.8631,0.0797,0.1424,0.0673,1
19.28,-0.1152,-0.3318,0.2981,0.5839,0.0003,0.8644,0.0828,0.1427,0.0593,1
19.3,-0.3717,-0.1599,0.5437,0.5817,-0.0021,0.865,0.0819,0.1432,0.0604,1
19.32,-0.1774,0.5456,0.5569,0.5833,-0.0007,0.865,0.0806,0.1426,0.0626,1
19.34,-0.1895,1.0082,0.5895,0.5828,0.0003,0.8601,0.0801,0.1449,0.0895,1
19.36,-0.252,0.6141,0.4295,0.5831,-0.0008,0.8598,0.0809,0.1442,0.0495,1
19.38,-0.2105,-0.0952,0.2587,0.5836,0.0036,0.8627,0.0772,0.1438,0.0452,1
19.4,-0.2736,0.1015,0.1914,0.5826,-0.0023,0.866,0.0794,0.1446,0.0376,1
19.42,-0.4715,0.0543,-0.1657,0.581,0.0013,0.8623,0.0805,0.1433,0.0471,1
19.44,-0.2464,-0.02,-0.3331,0.5837,0.0024,0.8612,0.0793,0.1422,0.0448,1
19.46,-0.2708,-0.3402,0.1703,0.5839,0.0061,0.8648,0.0802,0.1426,0.073,1
19.48,-0.0431,0.0333,0.6427,0.5829,0.0042,0.8676,0.0809,0.1431,0.0692,1
19.5,0.0045,0.0929,0.7612,0.5829,0.0001,0.8663,0.0822,0.1443,0.0619,1
19.52,-0.1942,-0.0351,0.2912,0.5815,0.0007,0.8625,0.0821,0.1434,0.0568,1
19.54,-0.3576,-0.1311,0.0054,0.5798,0.0024,0.8616,0.0814,0.1424,0.0466,1
19.56,-0.1542,-0.1777,0.1492,0.5805,-0.0056,0.8654,0.0778,0.1432,0.0398,1
19.58,-0.0807,0.226,0.4531,0.5823,0.0004,0.8664,0.0797,0.1421,0.0613,1
19.6,-0.0318,0.1444,0.3233,0.5827,0.005,0.8603,0.0796,0.1412,0.0494,1
19.62,-0.1265,-0.6491,0.1212,0.5855,0.0047,0.8656,0.0776,0.1427,0.0453,1
19.64,-0.3166,-0.837,-0.0597,0.5845,0.0098,0.8673,0.0821,0.1432,0.0521,1
19.66,-0.1821,-0.2027,0.3647,0.5805,0.0096,0.8647,0.0822,0.1441,0.0521,1
19.68,-0.048,-0.2581,0.7045,0.5845,0.0041,0.8628,0.08,0.1429,0.0674,1
19.7,-0.3787,0.1967,0.2614,0.5843,0.0032,0.8578,0.0805,0.1441,0.0433,1
19.72,-0.4205,-0.1175,-0.0363,0.5845,0.0053,0.8598,0.0773,0.1433,0.0516,1
19.74,-0.2453,-0.2365,0.1621,0.5828,0.0019,0.8649,0.0791,0.142,0.0386,1
19.76,-0.1327,-0.1667,0.4457,0.5852,0.0024,0.8605,0.0796,0.1429,0.0538,1
19.78,-0.0826,-0.186,0.4088,0.5882,0.0062,0.863,0.0792,0.1441,0.0508,1
19.8,-0.3335,0.2485,0.1488,0.585,0.0007,0.8622,0.0803,0.1436,0.0297,1
19.82,-0.3246,0.0817,-0.0229,0.5823,0.0018,0.8588,0.081,0.1429,0.0328,1
19.84,-0.166,-0.372,-0.0412,0.5824,-0.0015,0.8602,0.0813,0.1427,0.054,1
19.86,-0.0545,0.1156,-0.0789,0.5843,-0.0018,0.8605,0.0819,0.1429,0.0482,1
19.88,-0.1901,-0.0109,0.3311,0.5814,0.0031,0.8678,0.0827,0.1435,0.0452,1
19.9,-0.0156,-0.1029,0.5016,0.5818,-0.0025,0.8675,0.0809,0.1417,0.0527,1
19.92,-0.056,0.3933,0.392,0.584,0.0051,0.8647,0.0798,0.1424,0.0624,1
19.94,-0.3843,-0.1122,0.2185,0.5833,0.0071,0.8638,0.0794,0.141,0.0376,1
19.96,-0.245,-0.1766,0.27,0.5809,0.0012,0.8646,0.0797,0.1403,0.0371,1
19.98,-0.488,0.2711,0.1858,0.5824,-0.0006,0.8655,0.0789,0.1431,0.056,1
20.0,-0.4659,0.5763,0.1929,0.5837,0.0029,0.8608,0.0796,0.142,0.062,1
20.02,-0.3332,0.1232,0.0888,0.5837,-0.0003,0.8607,0.0805,0.1425,0.0555,1
20.04,-0.3145,0.0386,0.2642,0.5828,0.0021,0.8648,0.08,0.1425,0.0638,1
20.06,-0.3015,0.0781,0.5485,0.581,-0.0003,0.8697,0.0792,0.1415,0.0528,1
20.08,-0.2973,0.1263,0.643,0.5811,-0.0074,0.8655,0.0796,0.1414,0.0466,1
20.1,-0.2545,-0.0369,0.4827,0.5831,-0.004,0.8611,0.0815,0.1421,0.062,1
20.12,-0.3984,0.1384,0.0624,0.5834,0.0016,0.8623,0.0811,0.1418,0.057,1
20.14,-0.1502,0.0072,0.3099,0.5823,-0.002,0.8653,0.0803,0.1421,0.0651,1
20.16,-0.039,-0.2165,0.6246,0.5869,0.0053,0.8645,0.0803,0.1422,0.0641,1
20.18,0.0795,0.7954,0.6189,0.587,0.0016,0.8639,0.0796,0.1425,0.072,1
20.2,-0.1851,0.0825,0.6247,0.5866,-0.0019,0.8652,0.0804,0.1414,0.0667,1
20.22,-0.4388,0.5427,-0.0307,0.5804,0.0028,0.863,0.0799,0.142,0.0436,1
20.24,-0.3278,0.6124,0.004,0.5787,0.0027,0.8623,0.0835,0.1406,0.0651,1
20.26,-0.0241,0.2433,0.0668,0.5792,0.0038,0.8627,0.0822,0.1417,0.0562,1
20.28,-0.1636,-0.2079,0.2202,0.5816,-0.0009,0.8656,0.0811,0.1427,0.0399,1
20.3,-0.214,-0.3459,0.2764,0.5838,-0.0038,0.8668,0.0823,0.1412,0.0191,1
20.32,-0.2008,0.3836,0.116,0.5859,0.0011,0.8662,0.0797,0.1412,0.0453,1
20.34,-0.2572,0.5868,0.1074,0.5839,-0.0004,0.8663,0.0795,0.1415,0.0504,1
20.36,-0.3574,0.3583,0.2739,0.583,0.0006,0.8648,0.0788,0.1423,0.0423,1
20.38,-0.3405,0.4636,0.267,0.5845,-0.0017,0.8635,0.0771,0.1424,0.0522,1
20.4,-0.3439,0.4269,0.1697,0.5827,-0.0029,0.862,0.078,0.142,0.06,1
20.42,-0.2154,0.0777,0.1038,0.581,-0.0004,0.8629,0.0799,0.1424,0.0494,1
20.44,0.1739,-0.5096,0.1609,0.5818,0.0049,0.8689,0.0782,0.1421,0.0387,1
20.46,0.2287,-0.6574,0.3346,0.5841,0.0084,0.868,0.0761,0.1434,0.0544,1
20.48,-0.0637,0.1568,0.4836,0.5842,0.0113,0.8633,0.0769,0.1403,0.0695,1
20.5,-0.3166,0.1339,0.5452,0.5834,0.003,0.8594,0.0769,0.1411,0.0599,1
20.52,-0.3798,0.1672,0.4158,0.5814,-0.0016,0.8618,0.0787,0.1429,0.0574,1
20.54,-0.2248,0.3056,0.5783,0.5811,0.0012,0.8636,0.0799,0.1438,0.059,1
20.56,-0.1072,0.5255,0.3937,0.5819,-0.0003,0.8653,0.0805,0.143,0.0496,1
20.58,-0.0351,0.3776,0.1837,0.5815,0.0054,0.8645,0.081,0.1444,0.0633,1
20.6,-0.0732,-0.1105,0.2898,0.5835,0.004,0.8673,0.0801,0.1433,0.0514,1
20.62,-0.0205,-0.2214,0.1508,0.5819,-0.001,0.8645,0.0812,0.1426,0.0478,1
20.64,-0.2082,-0.223,-0.0123,0.5812,0.0015,0.8624,0.0792,0.1425,0.0531,1
20.66,-0.2617,-0.4814,-0.0197,0.5829,0.0016,0.8614,0.0794,0.1425,0.0509,1
20.68,-0.2008,-0.1894,0.2801,0.5833,0.0011,0.8623,0.0783,0.1429,0.0588,1
20.7,-0.2389,0.2823,0.4891,0.5821,0.0055,0.8617,0.0784,0.1433,0.0494,1
20.72,-0.2264,0.3754,0.4715,0.5815,0.0025,0.8602,0.0814,0.1433,0.0487,1
20.74,-0.2072,-0.2444,0.3568,0.5815,0.0014,0.8638,0.0818,0.1445,0.0407,1
20.76,-0.338,0.5242,0.2586,0.5815,0.0086,0.864,0.078,0.1428,0.0466,1
20.78,-0.4735,1.1874,-0.2096,0.5804,0.0029,0.8587,0.0791,0.1442,0.0533,1
20.8,-0.0854,0.6891,-0.5159,0.5833,0.0011,0.8642,0.0801,0.1438,0.04,1
20.82,-0.2601,-0.0718,-0.3071,0.5836,-0.0045,0.8671,0.0786,0.1432,0.054,1
20.84,0.0915,-0.4757,0.4181,0.582,0.0006,0.8656,0.0797,0.1436,0.0421,1
20.86,0.2142,-0.1367,0.7457,0.5843,-0.0009,0.866,0.078,0.1434,0.0683,1
20.88,-0.0644,0.0231,0.6291,0.5822,-0.0007,0.8639,0.0788,0.1424,0.0578,1
20.9,-0.0509,-0.2245,0.2998,0.5812,-0.0016,0.8619,0.0798,0.1426,0.0447,1
20.92,0.0445,0.1371,0.4315,0.5819,0.0002,0.8638,0.0797,0.1443,0.0692,1
20.94,-0.0694,0.4855,0.5988,0.5823,0.0005,0.8623,0.0811,0.1425,0.0508,1
20.96,-0.2636,-0.2706,0.2439,0.582,0.0043,0.8672,0.0807,0.1423,0.0602,1
20.98,-0.389,-0.2797,-0.1403,0.5843,0.0022,0.8702,0.0808,0.1442,0.0644,1
21.0,-0.5771,0.6498,-0.2071,0.5844,0.0021,0.8629,0.0801,0.1454,0.0843,1
21.02,-0.2583,0.3918,0.0973,0.5842,0.0001,0.8609,0.0806,0.1438,0.045,1
21.04,-0.1598,-0.2941,0.2474,0.5827,-0.0013,0.861,0.0786,0.1437,0.0635,1
21.06,-0.1539,-0.1086,0.3841,0.5813,0.0035,0.8657,0.082,0.1416,0.0521,1
21.08,-0.2366,-0.0633,0.3588,0.5829,0.0046,0.8621,0.0796,0.1421,0.04,1
21.1,-0.1604,-0.3484,0.2648,0.584,0.0029,0.8645,0.0814,0.1451,0.0355,1
21.12,-0.2063,0.0571,0.3361,0.5811,-0.0006,0.8682,0.0807,0.1425,0.0397,1
21.14,-0.2982,0.4692,0.3486,0.5799,0.0014,0.8688,0.0793,0.1422,0.0428,1
21.16,-0.2981,0.5225,0.43,0.5809,0.0012,0.8625,0.0805,0.1424,0.0586,1
21.18,-0.3046,0.2569,0.523,0.5799,0.0023,0.8583,0.0819,0.1439,0.0545,1
21.2,-0.2075,-0.5969,0.4216,0.5796,0.0014,0.865,0.0817,0.1437,0.0573,1
21.22,-0.1563,-0.5265,0.5136,0.5797,0.0054,0.8686,0.0797,0.1434,0.0549,1
21.24,-0.1708,0.4044,0.5895,0.5807,0.0008,0.8683,0.0797,0.1435,0.0625,1
21.26,-0.4043,0.8034,0.2523,0.5805,0.0033,0.8667,0.0784,0.1437,0.0279,1
21.28,-0.711,0.6373,0.1856,0.5799,-0.0011,0.865,0.0788,0.1432,0.0451,1
21.3,-0.4991,-0.0505,0.1196,0.5797,-0.0005,0.8671,0.0814,0.1438,0.0874,1
21.32,-0.3281,0.0697,0.2568,0.5825,0.001,0.8609,0.078,0.1465,0.0571,1
21.34,-0.0561,-0.4015,0.4466,0.5816,0.0027,0.8638,0.0805,0.1424,0.0794,1
21.36,-0.1619,-0.7849,0.5206,0.5816,0.0029,0.8619,0.0816,0.1444,0.0566,1
21.38,-0.1626,-0.9959,0.464,0.585,0.0002,0.8649,0.0773,0.1431,0.0412,1
21.4,-0.1322,-0.0946,0.5284,0.5811,-0.0035,0.8687,0.0793,0.1433,0.046,1
21.42,-0.0955,0.6523,0.2769,0.5807,-0.0027,0.8625,0.081,0.1438,0.062,1
21.44,-0.1342,0.1783,-0.1479,0.5823,0.002,0.8619,0.0811,0.1433,0.059,1
21.46,-0.2777,-0.0562,-0.1061,0.5826,0.0022,0.8634,0.0804,0.1441,0.0563,1
21.48,-0.3216,-0.7529,0.3274,0.5823,0.0028,0.8652,0.0791,0.1456,0.0543,1
21.5,-0.2933,-0.2152,0.5605,0.5839,-0.0016,0.8637,0.0793,0.1486,0.0483,1
21.52,-0.3415,0.6872,0.2789,0.583,-0.0004,0.8606,0.0809,0.1456,0.0652,1
21.54,-0.1775,0.1803,0.0945,0.58,0.0045,0.8632,0.0804,0.1421,0.0569,1
21.56,-0.0904,-0.0987,-0.0778,0.5787,0.0001,0.8649,0.0804,0.1418,0.0741,1
21.58,0.1891,0.5334,0.4441,0.58,-0.0047,0.8665,0.0782,0.1414,0.0477,1
21.6,0.0741,0.4453,0.5212,0.5772,0.0025,0.8652,0.0787,0.1415,0.0474,1
21.62,-0.0033,0.3354,0.1322,0.5804,-0.0,0.8647,0.0797,0.1403,0.0577,1
21.64,-0.1609,0.2025,-0.1592,0.5814,0.004,0.8646,0.0807,0.1405,0.0656,1
21.66,-0.3407,0.1074,0.1024,0.5831,0.0054,0.8636,0.0802,0.1418,0.0683,1
21.68,-0.2746,0.381,0.1504,0.5818,0.0047,0.8635,0.0808,0.1402,0.0408,1
21.7,-0.2438,-0.0498,0.1488,0.5801,0.0039,0.8652,0.0811,0.1399,0.0514,1
21.72,-0.175,-0.3933,-0.079,0.5805,0.0005,0.8661,0.0802,0.1401,0.0787,1
21.74,-0.1223,-0.2314,0.0948,0.5827,0.0013,0.8638,0.08,0.142,0.063,1
21.76,-0.1679,0.1535,0.3146,0.5826,0.0061,0.8617,0.0786,0.1428,0.0669,1
21.78,-0.1736,0.2429,0.4515,0.5823,0.006,0.8628,0.0779,0.1418,0.0573,1
21.8,-0.2056,-0.1939,0.466,0.5826,0.0075,0.8621,0.0789,0.1404,0.0604,1
21.82,-0.1785,-0.0246,0.3997,0.5835,-0.0003,0.8651,0.0812,0.139,0.0598,1
21.84,-0.1948,-0.0797,0.3867,0.5808,0.0008,0.8655,0.0809,0.1412,0.0708,1
21.86,-0.1194,-0.3326,0.2872,0.5804,0.002,0.8654,0.0779,0.1423,0.0529,1
21.88,0.1512,0.2146,0.3741,0.5797,-0.0001,0.867,0.0817,0.1405,0.0542,1
21.9,-0.2042,0.6788,0.2797,0.5804,-0.0009,0.8627,0.0805,0.1435,0.0605,1
21.92,-0.1933,0.1222,0.2015,0.5806,0.0055,0.8617,0.0806,0.1422,0.0601,1
21.94,-0.3888,-0.4734,0.168,0.582,0.0044,0.8665,0.0797,0.1418,0.0545,1
21.96,-0.4928,-0.5925,0.4054,0.5822,0.0045,0.8669,0.0812,0.1424,0.0298,1
21.98,-0.301,0.744,0.49,0.5819,0.0042,0.8616,0.0818,0.1412,0.0628,1
22.0,-0.3589,0.6585,0.2981,0.5808,-0.0023,0.8612,0.0797,0.1427,0.0669,1
22.02,-0.653,-0.0824,0.1171,0.58,0.0007,0.8617,0.0801,0.143,0.0568,1
22.04,-0.6538,-0.3421,0.3511,0.5826,-0.0009,0.8638,0.0793,0.1427,0.0604,1
22.06,-0.58,-0.2287,0.543,0.5823,0.0027,0.8654,0.079,0.1422,0.0434,1
22.08,-0.6476,-0.9079,0.5273,0.5795,0.007,0.8657,0.0778,0.1424,0.0412,1
22.1,-0.8652,-0.6219,0.2885,0.5828,0.0119,0.8667,0.0769,0.1423,0.0505,1
22.12,-0.6522,0.0011,0.6599,0.5841,0.0032,0.8639,0.0766,0.1426,0.0548,1
22.14,-0.3715,0.2634,0.8456,0.5831,-0.0043,0.8643,0.0741,0.1426,0.0412,1
22.16,-0.5465,-0.5069,0.8137,0.5836,-0.0077,0.8626,0.0739,0.1422,0.0494,1
22.18,-0.6234,0.2605,0.4449,0.5817,-0.0007,0.8654,0.0744,0.1404,0.0523,1
22.2,-0.4017,-0.118,0.0978,0.5794,-0.0028,0.8661,0.0744,0.1418,0.0414,1
22.22,-0.6549,0.2042,0.0311,0.5808,0.001,0.8645,0.0735,0.1413,0.0,1
22.24,-0.4728,0.414,0.1921,0.5808,-0.0019,0.862,0.0714,0.143,0.0,1
22.26,-0.3307,-0.5593,0.6136,0.5812,-0.0009,0.8649,0.0713,0.1425,0.0,1
22.28,-0.4158,-0.8254,0.6291,0.5819,0.0016,0.8624,0.071,0.1418,0.0,1
22.3,-0.3244,-0.9252,0.4225,0.5845,-0.0019,0.8647,0.0699,0.1425,0.0,1
22.32,-0.3707,-0.4716,0.4532,0.5852,-0.0024,0.8658,0.0689,0.1431,0.0,1
22.34,-0.4121,-0.0242,0.3607,0.5825,0.0009,0.8671,0.0674,0.142,0.0,1
22.36,-0.5692,-0.0476,0.2067,0.5818,0.001,0.8625,0.0683,0.1418,0.0,1
22.38,-0.3734,-0.5604,-0.2737,0.583,0.0012,0.8637,0.0687,0.1423,0.0,1
22.4,-0.4356,-0.5952,-0.556,0.5835,-0.0045,0.864,0.0673,0.1421,0.0,1
22.42,-0.359,-0.6478,-0.2401,0.5827,-0.0016,0.8652,0.0643,0.1409,0.0,1
22.44,-0.1568,0.1936,0.1461,0.5812,-0.0071,0.8645,0.0659,0.1416,0.0,1
22.46,-0.2817,-0.603,0.5807,0.5828,0.0057,0.8609,0.0542,0.1417,0.0,1
22.48,-0.3514,-0.6683,0.3776,0.5856,-0.0091,0.8618,0.0532,0.1417,0.0,1
22.5,-0.3854,-0.6187,0.1506,0.5833,-0.003,0.8649,0.0514,0.1415,0.0,1
22.52,-0.2961,-0.4943,0.2449,0.5824,-0.0046,0.8639,0.0506,0.1416,0.0,1
22.54,-0.037,0.1693,0.1505,0.5851,-0.0006,0.8619,0.0503,0.1418,0.0,1
22.56,-0.0824,0.4214,0.0972,0.5857,-0.003,0.8631,0.0503,0.1423,0.0,1
22.58,-0.045,0.0181,0.1164,0.5843,0.0023,0.8651,0.0511,0.1415,0.0,1
22.6,0.084,0.0421,0.0231,0.5843,0.0034,0.863,0.0534,0.1408,0.0,1
22.62,-0.1965,0.0093,-0.074,0.5857,0.006,0.8612,0.0544,0.1418,0.0,1
22.64,-0.2828,-0.1605,-0.0129,0.5854,0.0006,0.8618,0.0568,0.1429,0.0,1
22.66,-0.0288,0.2268,0.0842,0.5839,0.0008,0.8596,0.0605,0.142,0.0,1
22.68,0.0454,0.7808,0.3066,0.5813,-0.0028,0.8609,0.0643,0.1432,0.0,1
22.7,-0.1477,0.6416,0.2069,0.5833,0.0025,0.8656,0.0691,0.1429,0.0,1
22.72,-0.5405,-0.2662,0.1494,0.5827,0.0015,0.8663,0.0705,0.1411,0.0,1
22.74,-0.1908,-0.7664,0.2738,0.584,0.0032,0.8671,0.0703,0.1436,0.0,1
22.76,-0.0145,0.1432,0.2272,0.5858,-0.0013,0.8669,0.071,0.1416,0.0,1
22.78,0.2448,0.2382,0.3333,0.5839,-0.0014,0.8643,0.0726,0.1417,0.0,1
22.8,0.5452,-0.0189,0.4361,0.5819,-0.0012,0.8613,0.0746,0.1405,0.0418,1
22.82,0.3345,0.1427,0.3282,0.5822,-0.0008,0.8635,0.0742,0.1417,0.0458,1
22.84,0.1521,0.4335,0.1589,0.5814,0.0028,0.8616,0.0741,0.144,0.0477,1
22.86,0.0974,0.4478,0.0597,0.5808,-0.0018,0.8641,0.0759,0.1432,0.0553,1
22.88,-0.0928,0.3927,0.117,0.5814,-0.0004,0.8685,0.0762,0.1414,0.0546,1
22.9,-0.2416,0.6953,0.003,0.5794,0.0034,0.8687,0.0765,0.1417,0.0472,1
22.92,0.0297,0.0539,-0.2053,0.583,0.0062,0.8619,0.0742,0.1421,0.0629,1
22.94,0.0312,-0.4392,-0.4092,0.5869,-0.0003,0.861,0.0749,0.1427,0.0477,1
22.96,-0.2578,-0.6607,-0.3864,0.5868,-0.0074,0.8602,0.0751,0.141,0.039,1
22.98,0.0852,-0.8071,-0.2588,0.5812,-0.0064,0.8581,0.0729,0.1416,0.0581,1
23.0,0.2817,0.4631,-0.0428,0.581,0.0024,0.8594,0.077,0.1422,0.0591,1
23.02,-0.1291,0.7943,0.027,0.5808,0.0047,0.8591,0.076,0.1428,0.064,1
23.04,-0.3036,-0.057,0.0183,0.5869,0.0029,0.8641,0.0761,0.1412,0.0657,1
23.06,-0.2576,0.439,0.09,0.587,0.0041,0.8662,0.0743,0.1425,0.0498,1
23.08,0.0257,1.7093,0.4955,0.5835,0.0036,0.8651,0.076,0.1428,0.0562,1
23.1,0.0488,1.2,0.4819,0.5776,-0.0017,0.8657,0.0761,0.1413,0.0573,1
23.12,0.1357,-0.2647,0.0452,0.5792,0.0022,0.8647,0.0776,0.1415,0.0571,1
23.14,0.368,-1.0675,-0.3608,0.5835,0.0035,0.8643,0.0755,0.1418,0.0545,1
23.16,0.2085,-0.4584,-0.5312,0.5826,0.0014,0.8635,0.0748,0.1418,0.0333,1
23.18,-0.0191,0.0353,-0.453,0.5831,0.0015,0.8617,0.0749,0.1426,0.0458,1
23.2,0.2,0.0302,0.0736,0.5846,0.0027,0.8647,0.0751,0.1425,0.0557,1
23.22,0.1663,0.9233,0.433,0.5864,0.001,0.8652,0.0775,0.1432,0.0541,1
23.24,0.1649,1.8481,0.632,0.5841,-0.001,0.865,0.076,0.1428,0.0442,1
23.26,0.0276,2.4428,0.3693,0.5784,0.0079,0.8652,0.0772,0.1421,0.0751,1
23.28,0.4318,-0.238,-0.1594,0.5751,0.0034,0.8675,0.0771,0.1422,0.0444,1
23.3,0.4304,-1.505,-0.4469,0.5775,-0.0003,0.8656,0.0767,0.1426,0.026,1
23.32,0.1559,-1.8158,-0.2627,0.582,0.0067,0.8652,0.0744,0.1421,0.0545,1
23.34,0.0251,-0.5703,-0.5381,0.581,0.0072,0.8635,0.0748,0.1419,0.0402,1
23.36,0.0562,0.2846,-0.42,0.583,0.0033,0.8673,0.0769,0.1416,0.0547,1
23.38,0.0273,0.4418,-0.3719,0.584,0.003,0.8652,0.0744,0.1424,0.0329,1
23.4,-0.2585,0.1187,-0.029,0.5819,0.009,0.8638,0.0749,0.1418,0.051,1
23.42,-0.4006,0.0724,0.0485,0.5805,0.0062,0.8647,0.0762,0.142,0.0497,1
23.44,-0.2536,-0.2338,-0.1193,0.5779,-0.0024,0.8652,0.0757,0.1428,0.0502,1
23.46,-0.0502,-0.598,-0.1073,0.5791,-0.0017,0.8646,0.0757,0.1423,0.0586,1
23.48,0.1747,-0.5988,0.069,0.5821,0.0033,0.8627,0.0761,0.1424,0.0602,1
23.5,0.4755,-0.1482,0.351,0.5826,0.0029,0.8628,0.0781,0.1418,0.0657,1
23.52,0.438,0.3488,0.4154,0.5819,0.01,0.8632,0.0779,0.1421,0.0553,1
23.54,0.2007,-0.644,0.1843,0.5837,0.0068,0.8629,0.0764,0.1432,0.0504,1
23.56,0.0515,-0.825,0.1765,0.5811,0.0075,0.865,0.0808,0.1417,0.0519,1
23.58,-0.0477,-0.1204,0.3227,0.582,0.0106,0.8626,0.078,0.1419,0.0498,1
23.6,-0.1056,-0.1095,0.5,0.5828,0.0101,0.863,0.0774,0.1419,0.0608,1
23.62,-0.237,0.2751,0.3218,0.586,0.0051,0.8641,0.0794,0.1431,0.0581,1
23.64,-0.2527,0.2044,0.0791,0.5861,0.0053,0.8628,0.0791,0.1413,0.0483,1
23.66,-0.1316,-0.1054,0.1303,0.5858,0.0017,0.8648,0.0789,0.1427,0.054,1
23.68,-0.1619,0.1423,0.1477,0.5837,0.0103,0.865,0.0787,0.1421,0.0452,1
23.7,-0.2522,-0.0699,0.3213,0.5851,0.0078,0.8615,0.0786,0.142,0.0413,1
23.72,-0.1987,-0.1192,0.42,0.5865,0.0033,0.8596,0.0788,0.1417,0.0538,1
23.74,-0.1484,-0.336,0.3992,0.5839,0.0086,0.8608,0.0786,0.1419,0.0403,1
23.76,-0.153,-0.3785,0.667,0.5835,0.0088,0.8625,0.078,0.1412,0.0368,1
23.78,-0.0927,-0.0596,0.7,0.5854,0.0064,0.8609,0.0754,0.1392,0.0446,1
23.8,-0.1505,-0.0218,0.6514,0.5839,0.0128,0.8595,0.0749,0.1392,0.0396,1
23.82,-0.0755,-0.5343,0.5516,0.5825,0.011,0.8628,0.0734,0.1423,0.0526,1
23.84,-0.0366,-0.7364,0.5517,0.5838,0.0081,0.8622,0.0751,0.1426,0.0491,1
23.86,-0.084,-0.3019,0.7252,0.5854,0.0132,0.8619,0.0758,0.1416,0.044,1
23.88,-0.2274,-0.1493,0.6892,0.5853,0.0031,0.8644,0.0751,0.1394,0.0331,1
23.9,-0.4475,0.53,0.5338,0.5824,0.0122,0.8656,0.0739,0.1433,0.051,1
23.92,-0.4276,0.0439,0.5972,0.5814,0.0029,0.8612,0.0759,0.1421,0.0,1
23.94,-0.3304,-0.5376,0.4052,0.5848,0.0097,0.8607,0.0737,0.1419,0.0,1
23.96,-0.4702,-0.4743,0.5424,0.5829,0.0077,0.8613,0.0737,0.1413,0.0,1
23.98,-0.3692,-0.3765,0.3762,0.5823,0.0042,0.8628,0.0736,0.1435,0.0,1
24.0,-0.3606,0.0008,0.3789,0.585,0.0051,0.864,0.0737,0.1428,0.0,1
24.02,-0.2935,-0.1507,0.4613,0.586,0.0018,0.8629,0.0736,0.1417,0.0,1
24.04,-0.2712,-0.9028,0.5357,0.5863,0.0013,0.8625,0.0732,0.1415,0.0,1
24.06,-0.4218,-0.7105,0.5154,0.5881,0.0034,0.863,0.0739,0.1419,0.0,1
24.08,-0.4596,0.5409,0.2115,0.585,0.0019,0.8589,0.0741,0.1412,0.0,1
24.1,-0.2625,0.3087,0.1181,0.5819,-0.0003,0.8587,0.0722,0.1425,0.0,1
24.12,0.0435,-0.6059,0.0971,0.5839,0.0034,0.863,0.0737,0.1429,0.0,1
24.14,-0.124,-0.8267,0.3089,0.5849,0.0006,0.8646,0.074,0.1421,0.0,1
24.16,-0.3128,-0.1448,-0.0588,0.5848,0.0029,0.8578,0.0765,0.1426,0.0,1
24.18,-0.4412,0.0813,-0.3111,0.5876,0.0061,0.8591,0.0721,0.1431,0.0,1
24.2,-0.4275,0.1915,-0.3133,0.5862,0.0002,0.8577,0.0729,0.1409,0.0,1
24.22,-0.2896,-0.1941,0.0438,0.5847,-0.0056,0.862,0.0723,0.142,0.0,1
24.24,-0.1679,-0.2887,-0.1296,0.5877,0.0038,0.8608,0.0706,0.1397,0.0,1
24.26,-0.169,0.1235,-0.1884,0.5853,0.009,0.8605,0.0706,0.1415,0.0,1
24.28,-0.0918,0.2314,-0.2411,0.5835,0.0057,0.8625,0.0722,0.1418,0.0,1
24.3,-0.0425,0.0896,0.0226,0.5853,0.0013,0.8609,0.0716,0.1422,0.0,1
24.32,-0.0408,0.2585,0.295,0.5864,0.0081,0.8607,0.0743,0.1421,0.0,1
24.34,0.0852,0.617,0.4414,0.5855,0.0075,0.8612,0.0721,0.1431,0.0,1
24.36,0.1193,0.4214,0.467,0.5843,0.0045,0.8636,0.0734,0.1414,0.0,1
24.38,-0.0457,0.2256,0.3441,0.5847,0.0091,0.8643,0.0735,0.1417,0.0,1
24.4,-0.119,0.7359,0.2373,0.5841,0.0149,0.8624,0.0733,0.1424,0.0,1
24.42,-0.047,0.6104,0.3957,0.5863,0.01,0.8624,0.0738,0.1422,0.0,1
24.44,-0.0875,0.6592,0.2656,0.5861,0.0028,0.8625,0.0753,0.1412,0.0084,1
24.46,-0.3001,-0.1583,0.2065,0.5825,0.0059,0.8623,0.0735,0.1412,0.0359,1
24.48,-0.191,-0.5098,0.2366,0.5836,0.0078,0.8633,0.075,0.1421,0.0402,1
24.5,-0.2324,-0.0331,0.0789,0.5867,0.0066,0.8612,0.0753,0.1428,0.0706,1
24.52,-0.2548,0.582,0.2056,0.5859,0.0046,0.8629,0.0739,0.1423,0.05,1
24.54,-0.3239,0.4053,0.2689,0.5846,0.0075,0.861,0.0758,0.142,0.0469,1
24.56,-0.3262,0.551,0.1557,0.584,0.0072,0.8629,0.0762,0.1427,0.0581,1
24.58,-0.3337,0.6599,-0.0674,0.5815,0.0084,0.8621,0.0739,0.1411,0.0557,1
24.6,-0.3262,0.2198,-0.1574,0.5819,0.0161,0.8629,0.0748,0.1415,0.0486,1
24.62,-0.2058,-0.0127,-0.1413,0.585,0.0135,0.8636,0.0753,0.1424,0.0466,1
24.64,-0.1059,0.4958,0.0621,0.5842,0.0077,0.864,0.0748,0.1424,0.0409,1
24.66,0.138,0.5582,0.3652,0.5845,0.006,0.8643,0.0734,0.142,0.0533,1
24.68,0.0259,0.2369,0.4858,0.5859,0.006,0.8626,0.0757,0.1395,0.0569,1
24.7,-0.2848,0.4638,0.2964,0.5842,0.0064,0.8596,0.0765,0.1406,0.0497,1
24.72,-0.1389,0.2085,0.3203,0.5823,0.0038,0.8623,0.0768,0.1425,0.0483,1
24.74,-0.0727,-0.0787,0.1267,0.5822,-0.0016,0.8635,0.0768,0.1412,0.0327,1
24.76,-0.2579,0.7063,0.1895,0.5825,0.0035,0.8647,0.0788,0.1425,0.0513,1
24.78,-0.0332,0.3105,0.4185,0.5834,0.013,0.8638,0.0802,0.1405,0.06,1
24.8,-0.1819,0.4705,0.4106,0.5835,0.0054,0.8627,0.0791,0.1417,0.0621,1
24.82,-0.3699,0.7074,0.2161,0.583,0.0089,0.8654,0.0803,0.1426,0.0743,1
24.84,-0.1041,-0.0086,0.397,0.5844,-0.0006,0.8646,0.0799,0.1395,0.0657,1
24.86,-0.1373,0.2243,0.3735,0.5837,0.0095,0.8635,0.0769,0.1435,0.0554,1
24.88,-0.4106,0.3264,0.3764,0.5822,0.0066,0.864,0.0802,0.1421,0.0643,1
24.9,-0.4712,0.326,0.3179,0.5819,0.0111,0.8634,0.0773,0.1427,0.0513,1
24.92,-0.2943,0.3673,0.2665,0.5835,0.0085,0.8644,0.0787,0.1422,0.0447,1
24.94,-0.2959,0.6369,0.3278,0.5839,0.0071,0.8632,0.0817,0.1414,0.0431,1
24.96,-0.1628,0.0128,0.4272,0.5854,0.0064,0.8618,0.0786,0.1411,0.0552,1
24.98,-0.0052,-0.5017,0.4422,0.5847,0.0028,0.8611,0.0785,0.1418,0.0405,1
25.0,-0.0426,-0.1531,0.1824,0.5822,0.0038,0.8628,0.0782,0.1404,0.0457,1
25.02,-0.2446,-0.0681,0.1374,0.5807,0.0039,0.8631,0.0784,0.1416,0.0675,1
25.04,-0.3177,0.0842,0.2447,0.5843,0.0077,0.8619,0.0786,0.1432,0.051,1
25.06,-0.191,0.4619,0.2457,0.5841,0.0036,0.8605,0.0794,0.1422,0.0441,1
25.08,-0.3679,0.1577,0.2782,0.5833,0.0026,0.8644,0.0788,0.1436,0.0577,1
25.1,-0.575,0.2802,0.4285,0.581,0.0038,0.8627,0.0803,0.1431,0.0673,1
25.12,-0.0421,0.2336,0.1981,0.5813,0.0021,0.8664,0.0805,0.141,0.0444,1
25.14,-0.2109,0.101,0.2048,0.5804,-0.0007,0.865,0.0786,0.1402,0.0605,1
25.16,-0.2669,-0.2833,0.0432,0.5818,0.0069,0.8623,0.0809,0.1407,0.0465,1
25.18,-0.1307,0.3592,-0.0095,0.5813,0.0058,0.8614,0.078,0.1396,0.0469,1
25.2,-0.0674,0.1303,0.075,0.5823,0.0058,0.8625,0.0788,0.1394,0.0476,1
25.22,-0.0713,0.2591,0.113,0.5835,0.0061,0.8628,0.0791,0.1387,0.0421,1
25.24,-0.1365,-0.0611,0.2319,0.5835,0.0066,0.8654,0.0787,0.1392,0.0519,1
25.26,-0.1426,-0.2728,0.2459,0.5835,0.0051,0.8671,0.0799,0.1399,0.0535,1
25.28,-0.2621,0.2405,0.2888,0.581,0.0044,0.8652,0.0794,0.1401,0.0527,1
25.3,-0.2548,-0.0488,0.3381,0.5806,0.0067,0.8654,0.0782,0.1398,0.0483,1
25.32,-0.2816,-0.0831,0.2875,0.582,0.0082,0.8649,0.0769,0.1396,0.0583,1
25.34,-0.2512,-0.1485,0.1613,0.5818,0.0068,0.8629,0.0786,0.1399,0.0692,1
25.36,-0.113,-0.2174,0.1326,0.5839,0.0043,0.8634,0.0798,0.1395,0.04,1
25.38,-0.1665,0.0605,0.2915,0.5862,0.0092,0.8602,0.0771,0.1398,0.0258,1
25.4,-0.1944,-0.2582,0.6323,0.5847,0.0088,0.8601,0.0778,0.1382,0.0474,1
25.42,-0.1795,0.111,0.7245,0.585,0.0075,0.8639,0.0774,0.1394,0.0579,1
25.44,-0.2961,0.4171,0.5777,0.5858,0.0035,0.8643,0.0791,0.1401,0.0536,1
25.46,-0.5231,0.1747,0.2819,0.5808,0.0068,0.8629,0.0797,0.1384,0.0692,1
25.48,-0.5541,0.0778,-0.0845,0.5828,0.012,0.864,0.0825,0.1393,0.0763,1
25.5,-0.4555,-0.3126,0.0654,0.5853,0.0106,0.8627,0.0774,0.1417,0.0855,1
25.52,-0.0618,-0.675,0.4184,0.584,0.006,0.8641,0.0799,0.1406,0.066,1
25.54,-0.0376,0.0145,0.7956,0.5828,0.01,0.8658,0.0804,0.1398,0.0627,1
25.56,-0.0541,-0.0989,0.5232,0.5818,0.0138,0.8647,0.0793,0.1392,0.0551,1
25.58,-0.1851,0.0667,0.2355,0.5798,0.0123,0.8659,0.08,0.1391,0.0481,1
25.6,-0.1732,0.5783,0.5064,0.5792,0.0058,0.8641,0.0785,0.1394,0.0477,1
25.62,0.0845,0.3274,0.7979,0.5809,0.0031,0.8622,0.0787,0.1394,0.0641,1
25.64,0.127,0.1983,0.6412,0.5836,0.0078,0.8626,0.0793,0.1398,0.0686,1
25.66,0.0107,0.3454,0.5815,0.584,0.0053,0.8649,0.0795,0.1411,0.0451,1
25.68,-0.226,0.2983,0.455,0.5832,0.0051,0.8634,0.0795,0.1407,0.0495,1
25.7,-0.1835,-0.2372,0.3491,0.5818,0.0011,0.8632,0.0778,0.1391,0.0469,1
25.72,-0.3885,-0.2915,0.213,0.5837,0.0103,0.8634,0.0789,0.1403,0.0505,1
25.74,-0.6814,-0.2466,0.1948,0.5837,0.0035,0.8638,0.0797,0.1401,0.0447,1
25.76,-0.4238,-0.1035,-0.0985,0.5834,0.0037,0.8629,0.0797,0.1391,0.0491,1
25.78,-0.5476,0.1261,-0.1482,0.5841,0.0053,0.8649,0.0788,0.1407,0.0312,1
25.8,-0.3333,-0.3925,-0.1549,0.5842,0.0094,0.8624,0.0779,0.1404,0.0329,1
25.82,-0.0442,-0.2814,0.2708,0.5855,0.0046,0.863,0.0755,0.1402,0.0481,1
25.84,-0.1703,-0.1884,0.3466,0.5836,0.0049,0.8651,0.0781,0.1414,0.049,1
25.86,-0.2756,0.0675,0.2628,0.5832,0.0077,0.8652,0.0752,0.1395,0.0604,1
25.88,-0.3965,0.0868,0.1489,0.5834,0.0075,0.8625,0.0734,0.1395,0.0318,1
25.9,-0.5074,0.8108,0.1092,0.5825,0.0054,0.8614,0.0741,0.1403,0.0458,1
25.92,-0.2092,0.4217,0.4092,0.5834,0.0019,0.8617,0.0743,0.1416,0.0535,1
25.94,0.0048,0.1218,0.7942,0.5813,0.0047,0.8629,0.0737,0.1407,0.026,1
25.96,0.0491,-0.3071,0.8377,0.5827,0.0067,0.8634,0.0745,0.1413,0.0,1
25.98,-0.0513,-0.2522,0.7377,0.5847,0.0044,0.8612,0.0757,0.1414,0.0,1
26.0,-0.1425,-0.4214,0.5309,0.5852,0.0095,0.8617,0.0749,0.1407,0.0,1
26.02,-0.2241,-0.7569,0.4674,0.5847,0.0136,0.8633,0.0745,0.1408,0.0,1
26.04,-0.4509,-0.3315,0.4508,0.5844,0.0131,0.8621,0.0756,0.1412,0.0,1
26.06,-0.5154,-0.01,0.4477,0.5848,0.0138,0.8606,0.0744,0.1407,0.0,1
26.08,-0.6979,0.8032,0.4141,0.5837,0.0074,0.8616,0.0742,0.14,0.0,1
26.1,-0.5325,0.3453,0.5103,0.582,0.0105,0.8605,0.0742,0.1395,0.0,1
26.12,-0.3407,-0.753,0.4998,0.5823,0.0095,0.8615,0.0718,0.1418,0.0,1
26.14,-0.4693,-0.6423,0.4703,0.583,0.0078,0.8616,0.0711,0.1425,0.0,1
26.16,-0.5386,-0.8578,0.2844,0.5851,0.0108,0.8609,0.0708,0.1444,0.0,1
26.18,-0.2729,-0.4017,0.7845,0.5857,0.005,0.8637,0.0697,0.1417,0.002,1
26.2,-0.234,0.3222,0.7498,0.5832,0.0058,0.8628,0.0709,0.1388,0.0,1
26.22,-0.1316,0.0166,0.6026,0.5819,0.008,0.8619,0.072,0.1403,0.0,1
26.24,-0.4239,-0.6093,0.674,0.583,0.0101,0.8622,0.0711,0.1431,0.0,1
26.26,-0.4611,-0.232,0.7704,0.5847,0.0089,0.8608,0.0717,0.14,0.0,1
26.28,-0.3645,-0.098,0.6631,0.5841,0.0061,0.861,0.073,0.1414,0.0,1
26.3,-0.4586,0.1025,0.4749,0.5818,0.0077,0.8617,0.0707,0.1414,0.0,1
26.32,-0.4574,-0.0487,0.0923,0.582,0.0109,0.8597,0.0704,0.1411,0.0,1
26.34,-0.1825,-0.4625,0.0046,0.5855,0.0076,0.8605,0.0711,0.1402,0.0,1
26.36,0.013,-0.3088,0.1562,0.5872,0.0019,0.8614,0.0718,0.1411,0.0,1
26.38,0.1642,-0.1088,0.4878,0.586,0.0031,0.8611,0.0733,0.1414,0.0,1
26.4,0.1819,0.0406,0.6448,0.586,0.0064,0.8608,0.0732,0.1411,0.0,1
26.42,0.0186,0.4101,0.3011,0.5825,0.009,0.8607,0.0744,0.1412,0.0,1
26.44,0.1286,0.0917,0.2351,0.5811,0.0042,0.861,0.074,0.14,0.0,1
26.46,0.0728,-0.1214,0.499,0.5837,-0.0014,0.863,0.0744,0.1415,0.006,1
26.48,-0.0325,0.16,0.6282,0.5864,0.0087,0.8611,0.0741,0.1399,0.0489,1
26.5,0.0758,0.1873,0.5875,0.5868,0.0079,0.8596,0.0729,0.1391,0.0695,1
26.52,-0.0118,0.0014,0.3021,0.5881,0.0139,0.8633,0.0742,0.1412,0.0452,1
26.54,-0.2589,0.1428,0.0538,0.5859,0.0088,0.862,0.0742,0.1389,0.0453,1
26.56,-0.4424,0.7048,0.0399,0.5842,0.0016,0.8613,0.0745,0.1444,0.0549,1
26.58,-0.3006,0.9455,0.1529,0.584,0.0034,0.8585,0.0752,0.1392,0.0252,1
26.6,-0.1859,0.4797,-0.1197,0.5844,0.0098,0.8598,0.0773,0.1396,0.0567,1
26.62,-0.3876,0.4718,-0.0329,0.5821,-0.001,0.8613,0.0772,0.1409,0.0424,1
26.64,-0.3822,0.1911,0.1429,0.5855,0.0019,0.8609,0.0808,0.1404,0.0517,1
26.66,-0.1863,0.3509,0.2189,0.5846,0.007,0.864,0.0774,0.142,0.0529,1
26.68,-0.0154,0.3079,0.3704,0.5839,0.0096,0.8615,0.0784,0.1407,0.0678,1
26.7,0.0293,0.1544,0.5048,0.5836,0.0086,0.8592,0.0782,0.1396,0.0595,1
26.72,-0.0193,-0.1136,0.3383,0.5832,0.0021,0.8628,0.0793,0.1402,0.0476,1
26.74,-0.2294,0.0121,0.1935,0.584,0.0045,0.863,0.0785,0.1405,0.0404,1
26.76,-0.2269,0.3938,0.2824,0.5837,0.0028,0.8632,0.0776,0.1406,0.0411,1
26.78,-0.1744,0.4026,0.4869,0.5833,0.003,0.8636,0.0788,0.1397,0.0414,1
26.8,-0.3606,0.2003,0.5388,0.5835,0.0047,0.8631,0.0806,0.1411,0.0461,1
26.82,-0.3838,0.5368,0.4958,0.5844,0.0092,0.8609,0.0795,0.1405,0.0381,1
26.84,-0.3554,0.3566,0.3248,0.5848,0.0024,0.8626,0.0771,0.1395,0.0546,1
26.86,-0.4673,0.4796,0.3446,0.5835,0.0046,0.8603,0.0781,0.139,0.0438,1
26.88,-0.4327,0.2177,0.2957,0.5821,0.0059,0.86,0.0792,0.1396,0.0393,1
26.9,-0.3101,-0.3358,0.1859,0.5846,0.0025,0.8609,0.0806,0.1399,0.0164,1
26.92,-0.5104,-0.0512,-0.0116,0.5844,0.0013,0.8616,0.0806,0.1389,0.039,1
26.94,-0.251,0.1679,0.2235,0.5839,0.009,0.8637,0.0782,0.1413,0.0423,1
26.96,-0.1476,0.6141,0.3511,0.5848,0.0087,0.8637,0.0802,0.1398,0.0464,1
26.98,-0.2637,0.8771,0.4668,0.5802,0.0087,0.8612,0.0806,0.1388,0.0654,1
27.0,-0.2672,-0.5253,0.2907,0.5833,0.0098,0.8619,0.0773,0.14,0.0226,1
27.02,-0.4361,-0.2672,0.1746,0.5817,0.0042,0.865,0.0759,0.1398,0.0378,1
27.04,-0.4256,0.0723,0.1951,0.5817,0.0075,0.8626,0.0785,0.1387,0.0591,1
27.06,-0.3598,0.4821,0.033,0.5824,0.007,0.8609,0.0796,0.1393,0.0296,1
27.08,-0.3068,0.3455,-0.1043,0.5828,0.0058,0.8634,0.0808,0.1401,0.0524,1
27.1,-0.3357,0.4158,-0.2574,0.5831,0.002,0.8634,0.0798,0.1408,0.054,1
27.12,-0.1965,0.2733,0.0569,0.5834,0.0062,0.8645,0.0778,0.1395,0.0723,1
27.14,-0.2188,0.2632,0.2249,0.5838,0.0032,0.8651,0.0803,0.1395,0.0496,1
27.16,-0.3054,0.2632,0.6118,0.5838,0.0042,0.865,0.0802,0.1391,0.0561,1
27.18,-0.3212,0.3299,0.6387,0.5834,0.0056,0.8631,0.0806,0.1385,0.0528,1
27.2,-0.4363,0.7186,0.2106,0.5825,0.0053,0.8622,0.0816,0.1394,0.0488,1
27.22,-0.3081,0.6722,0.0381,0.5804,0.0069,0.8633,0.0811,0.1393,0.0543,1
27.24,-0.1307,0.0752,0.2665,0.5782,0.0046,0.8642,0.0798,0.1389,0.0601,1
27.26,0.0115,-0.3492,0.4971,0.5802,0.003,0.8631,0.0798,0.1398,0.0519,1
27.28,0.1619,-0.2262,0.6062,0.5834,0.0024,0.8618,0.079,0.1395,0.0535,1
27.3,0.096,-0.0145,0.4775,0.5852,0.0028,0.864,0.078,0.1397,0.0388,1
27.32,-0.1093,-0.0189,0.465,0.5847,0.0043,0.8637,0.0812,0.1392,0.0499,1
27.34,-0.2083,0.2017,0.4414,0.5821,0.003,0.8646,0.0821,0.1398,0.0486,1
27.36,-0.2526,0.4361,0.6721,0.5831,0.0084,0.8634,0.0792,0.1377,0.058,1
27.38,-0.5218,0.4429,0.4533,0.5817,0.0013,0.8626,0.0816,0.1397,0.0532,1
27.4,-0.439,0.1956,0.0697,0.581,0.008,0.8623,0.0799,0.1382,0.0495,1
27.42,-0.3814,-0.7055,0.3147,0.5847,0.0097,0.8611,0.0807,0.1396,0.0626,1
27.44,-0.0746,-0.7836,0.2478,0.5838,-0.0003,0.8626,0.0782,0.1398,0.0603,1
27.46,-0.0886,-0.1939,0.5491,0.5819,0.0063,0.8635,0.081,0.1406,0.0544,1
27.48,0.2046,-0.3535,0.2651,0.5843,0.0082,0.8614,0.0777,0.1395,0.0524,1
27.5,-0.0301,0.3351,0.3234,0.5827,0.0071,0.8629,0.0805,0.1399,0.0676,1
27.52,-0.2833,0.4066,0.2141,0.5814,0.003,0.8637,0.0806,0.1399,0.0638,1
27.54,-0.1479,-0.5338,0.4568,0.5813,0.0068,0.864,0.0795,0.1403,0.0533,1
27.56,-0.2586,-0.4064,0.5438,0.5814,0.0045,0.866,0.0799,0.1398,0.0623,1
27.58,-0.2688,-0.1269,0.5029,0.5817,0.0044,0.8631,0.0804,0.1387,0.0461,1
27.6,-0.0852,-0.2084,0.5489,0.5815,0.0055,0.8631,0.0805,0.1394,0.0361,1
27.62,0.0742,-0.4126,0.4392,0.5836,0.0005,0.864,0.0807,0.1397,0.0385,1
27.64,-0.1084,0.1153,0.1943,0.5833,-0.0005,0.8626,0.0789,0.1397,0.0576,1
27.66,-0.014,0.1605,0.0618,0.5827,0.0066,0.8617,0.0772,0.1394,0.0571,1
27.68,-0.1348,-0.1917,0.0009,0.5818,0.0067,0.8634,0.08,0.1397,0.0537,1
27.7,-0.2935,-0.2632,-0.0123,0.5831,0.005,0.8642,0.0805,0.1393,0.0413,1
27.72,-0.2723,-0.1657,0.1497,0.5837,0.0043,0.8633,0.0808,0.1388,0.0496,1
27.74,-0.3317,0.1035,0.1629,0.5828,0.0025,0.864,0.0813,0.1391,0.0625,1
27.76,-0.4507,0.4755,0.2198,0.5819,0.0029,0.8614,0.0768,0.1408,0.0491,1
27.78,-0.4903,0.3071,0.4065,0.5809,0.0044,0.8628,0.0753,0.1405,0.0547,1
27.8,-0.2587,-0.4016,0.279,0.5831,0.0031,0.8632,0.0765,0.1399,0.0649,1
27.82,-0.3516,-0.5372,0.3879,0.5835,0.0074,0.8605,0.0755,0.1399,0.0715,1
27.84,-0.1251,-0.1548,0.4087,0.5822,0.0095,0.862,0.0771,0.1391,0.0555,1
27.86,-0.089,0.3423,0.0573,0.5841,0.0044,0.8608,0.0766,0.1404,0.0647,1
27.88,-0.1303,0.0122,0.4257,0.5827,0.0056,0.862,0.077,0.1402,0.0644,1
27.9,-0.0839,-0.326,0.7902,0.5858,0.0089,0.8611,0.0741,0.1401,0.0464,1
27.92,-0.2274,0.1753,1.0224,0.584,0.0073,0.8648,0.0771,0.1399,0.0701,1
27.94,-0.3918,0.276,0.8726,0.5827,0.0041,0.8626,0.0758,0.1404,0.0725,1
27.96,-0.2203,-0.3739,0.4122,0.5813,0.0043,0.8622,0.0757,0.1417,0.0332,1
27.98,-0.1933,-0.6083,0.3962,0.5802,0.0019,0.8617,0.0744,0.1401,0.0386,1
28.0,-0.1443,-0.6676,0.4754,0.581,0.0021,0.862,0.0749,0.1386,0.0244,1
28.02,0.006,-0.0923,0.679,0.5833,0.001,0.8633,0.0743,0.1392,0.0444,1
28.04,-0.0079,0.0369,0.427,0.5842,0.0056,0.8634,0.0719,0.1399,0.0489,1
28.06,-0.3033,0.1178,0.2012,0.5851,0.0063,0.8632,0.0749,0.1383,0.0561,1
28.08,-0.4793,0.6151,0.1807,0.5835,0.011,0.8623,0.0759,0.1387,0.0582,1
28.1,-0.4682,0.3633,0.391,0.5829,0.0028,0.8613,0.0775,0.1398,0.0457,1
28.12,-0.4477,0.0243,0.4196,0.5832,0.0005,0.8615,0.0764,0.1392,0.056,1
28.14,-0.4139,0.0063,0.3944,0.5833,0.0026,0.8614,0.0734,0.1389,0.0198,1
28.16,-0.323,-0.266,0.2475,0.5843,0.0033,0.8607,0.0737,0.1388,0.0,1
28.18,-0.2166,-0.087,0.2323,0.5856,0.0044,0.8615,0.0732,0.1383,0.0,1
28.2,-0.1585,-0.0945,0.3083,0.5847,0.0076,0.8594,0.0746,0.1389,0.0,1
28.22,-0.233,-0.1765,0.3875,0.5835,0.0102,0.8599,0.0743,0.14,0.0,1
28.24,-0.2359,0.0267,0.3546,0.5831,0.0071,0.8613,0.0732,0.1398,0.0,1
28.26,-0.1956,-0.1297,0.2682,0.583,0.005,0.861,0.0735,0.1395,0.0,1
28.28,-0.1706,-0.2455,0.1941,0.5832,0.0034,0.8626,0.0742,0.1404,0.0,1
28.3,-0.113,0.2714,0.2963,0.5827,0.0028,0.8614,0.0745,0.1403,0.0,1
28.32,-0.1684,0.2297,0.3278,0.5828,-0.0022,0.861,0.0745,0.1398,0.0,1
28.34,-0.1122,-0.1072,0.4635,0.5833,0.0029,0.8604,0.075,0.1407,0.0,1
28.36,0.1069,-0.4112,0.2253,0.5822,0.0042,0.8605,0.0733,0.1402,0.0,1
28.38,0.0359,-0.1756,0.4622,0.5833,0.0049,0.8615,0.0746,0.14,0.0,1
28.4,0.0342,0.6574,0.5209,0.5821,0.004,0.8643,0.0752,0.141,0.0019,1
28.42,0.1751,0.7931,0.426,0.5821,0.0104,0.8644,0.076,0.14,0.0471,1
28.44,-0.3812,-0.0647,0.247,0.5826,0.0111,0.8624,0.0777,0.1395,0.0491,1
28.46,-0.2921,-0.0888,0.4193,0.5841,0.0045,0.8616,0.0751,0.14,0.0498,1
28.48,-0.4233,-0.2354,0.1812,0.584,0.0119,0.86,0.0777,0.1411,0.0455,1
28.5,-0.3356,0.2413,0.2951,0.5835,-0.0024,0.8603,0.076,0.1397,0.044,1
28.52,-0.1991,0.3002,0.4633,0.5843,0.0043,0.8601,0.075,0.1396,0.0303,1
28.54,-0.2617,-0.0582,0.3673,0.5856,0.0095,0.8626,0.0761,0.141,0.0354,1
28.56,-0.1948,0.4054,-0.1191,0.5848,0.0165,0.8639,0.0775,0.1397,0.0447,1
28.58,-0.1446,0.3564,-0.3171,0.5865,0.0091,0.8622,0.0757,0.1389,0.0318,1
28.6,-0.1377,1.0128,0.2441,0.5865,0.0099,0.8644,0.0767,0.1413,0.0592,1
28.62,-0.3269,1.3449,0.4097,0.5847,0.0132,0.8622,0.0779,0.1413,0.0705,1
28.64,-0.5202,0.619,0.1609,0.5841,0.0122,0.8599,0.0796,0.1418,0.0615,1
28.66,-0.3192,0.8534,-0.096,0.583,0.0044,0.8613,0.0775,0.1419,0.0483,1
28.68,-0.3455,0.9416,-0.0654,0.5808,0.0024,0.8624,0.0781,0.1409,0.0688,1
28.7,-0.1491,0.643,-0.0167,0.5782,0.0057,0.8616,0.0775,0.1399,0.0663,1
28.72,0.1196,0.2269,0.1974,0.5809,0.0032,0.8622,0.076,0.1408,0.0422,1
28.74,0.147,0.5938,0.5168,0.5823,0.0064,0.8642,0.0775,0.14,0.0518,1
28.76,0.0886,0.4421,0.2863,0.5828,0.0126,0.8639,0.0789,0.1402,0.0417,1
28.78,-0.0065,0.1249,0.0822,0.5823,0.0122,0.8645,0.0795,0.1395,0.0546,1
28.8,-0.1059,0.2868,0.2164,0.5845,0.0082,0.8639,0.0786,0.1396,0.0691,1
28.82,-0.3798,0.4906,0.1507,0.5855,0.0086,0.8621,0.0778,0.1401,0.0733,1
28.84,-0.5483,0.8286,-0.0326,0.5828,0.0117,0.8622,0.0786,0.1402,0.0655,1
28.86,-0.3374,0.5365,0.076,0.581,0.0123,0.8643,0.0782,0.1402,0.0621,1
28.88,-0.2938,0.1716,0.1266,0.5818,0.0115,0.8652,0.0774,0.1402,0.049,1
28.9,-0.2463,-0.0135,0.1647,0.5817,0.0056,0.8634,0.0793,0.1405,0.054,1
28.92,-0.1817,-0.8096,0.364,0.582,0.0028,0.8621,0.0804,0.139,0.0642,1
28.94,-0.1863,-0.5928,0.4046,0.583,0.0072,0.8635,0.0806,0.1391,0.0457,1
28.96,-0.2031,-0.7091,0.169,0.579,0.0078,0.8637,0.0804,0.1396,0.0326,1
28.98,-0.3167,-1.4149,0.0752,0.5797,0.0035,0.8655,0.0781,0.1402,0.0364,1
29.0,-0.4959,-1.361,0.1959,0.586,0.0074,0.8634,0.0797,0.1402,0.056,1
29.02,-0.5679,-0.2637,0.1507,0.586,0.0078,0.8644,0.0797,0.1393,0.0605,1
29.04,-0.745,1.7403,0.4136,0.5842,0.0162,0.8607,0.0782,0.1389,0.0397,1
29.06,-0.6343,2.0682,0.745,0.5825,0.0092,0.8621,0.0793,0.1401,0.0497,1
29.08,-0.4609,0.8432,0.68,0.5821,-0.0028,0.8626,0.0779,0.1394,0.0478,1
29.1,-0.5567,0.392,0.4261,0.5812,0.0089,0.863,0.079,0.1389,0.0573,1
29.12,-0.5988,0.0165,0.3753,0.5842,0.0012,0.8609,0.0792,0.1405,0.0511,1
29.14,-0.5086,-0.0388,0.3427,0.5847,0.0004,0.8675,0.0773,0.1399,0.0603,1
29.16,-0.7101,0.9712,0.5666,0.5813,0.0039,0.8618,0.0802,0.1392,0.0554,1
29.18,-0.4616,0.6708,0.34,0.5806,0.0038,0.8636,0.0778,0.1388,0.0613,1
29.2,-0.1683,0.2307,0.539,0.5808,0.0008,0.8627,0.0776,0.1398,0.0527,1
29.22,-0.2753,0.6042,0.4718,0.5792,0.0082,0.863,0.0785,0.1395,0.0522,1
29.24,-0.1673,0.4779,0.0664,0.5791,0.0093,0.8599,0.079,0.139,0.0493,1
29.26,-0.0443,0.1022,0.21,0.5824,0.0052,0.8655,0.0807,0.1385,0.04,1
29.28,0.1018,0.2728,0.5112,0.5825,0.0015,0.8651,0.081,0.1396,0.0437,1
29.3,-0.1937,0.5057,0.8167,0.5813,0.0038,0.8645,0.0812,0.1406,0.0722,1
29.32,-0.2597,0.1642,0.9729,0.5819,0.0091,0.8641,0.0819,0.1406,0.0428,1
29.34,-0.2538,0.0703,0.5615,0.5812,0.0052,0.8636,0.0811,0.1392,0.0364,1
29.36,-0.2149,-0.0637,0.2182,0.5804,-0.0019,0.8632,0.0786,0.1393,0.033,1
29.38,-0.1251,0.0123,0.1153,0.5789,0.0026,0.8625,0.0784,0.1404,0.0512,1
29.4,-0.1013,0.0427,0.4973,0.5788,0.0061,0.8647,0.0789,0.1401,0.0565,1
29.42,0.1836,-0.6297,0.5388,0.5793,0.0045,0.8656,0.0793,0.1388,0.053,1
29.44,-0.0107,-1.3502,0.3087,0.5841,0.0119,0.8664,0.0804,0.1387,0.0544,1
29.46,-0.2697,-0.9312,0.1206,0.5859,0.0149,0.8641,0.082,0.139,0.0638,1
29.48,-0.2651,-0.2859,0.1119,0.5842,0.0072,0.862,0.0814,0.1389,0.0508,1
29.5,-0.1933,0.0566,0.2742,0.5821,0.0073,0.8632,0.0806,0.1399,0.0641,1
29.52,-0.1877,0.3704,0.2266,0.5817,0.0072,0.8628,0.0811,0.1399,0.069,1
29.54,-0.1252,0.2789,0.0332,0.5823,0.0047,0.8607,0.0786,0.1391,0.0598,1
29.56,-0.0927,-0.0696,-0.083,0.5833,0.0062,0.8624,0.0789,0.1392,0.0406,1
29.58,-0.1346,-0.4556,0.0531,0.5837,0.0065,0.8639,0.0795,0.1401,0.0414,1
29.6,-0.1139,-0.6901,0.2319,0.5844,0.0061,0.8642,0.0789,0.1396,0.0622,1
29.62,-0.0243,-0.4044,0.2524,0.5846,0.0079,0.863,0.08,0.1403,0.045,1
29.64,-0.1589,-0.3227,0.1573,0.5838,0.0063,0.8633,0.0784,0.1402,0.0514,1
29.66,-0.3825,-0.3979,0.2184,0.5818,0.0042,0.8635,0.0776,0.1405,0.0523,1
29.68,-0.3064,-0.1314,0.2225,0.5821,0.0019,0.8629,0.0785,0.1397,0.0535,1
29.7,-0.0947,0.0143,0.1683,0.5831,0.0035,0.8631,0.0773,0.1398,0.0507,1
29.72,-0.2986,-0.2161,0.2858,0.5816,0.0054,0.8623,0.0778,0.1401,0.0534,1
29.74,-0.3257,-0.2357,0.4624,0.5804,0.0016,0.8638,0.0766,0.1405,0.0546,1
29.76,-0.2965,-0.2764,0.6965,0.5813,0.0019,0.8627,0.0748,0.1404,0.0544,1
29.78,-0.3685,-0.0517,0.5148,0.583,0.0072,0.8637,0.0752,0.1399,0.0523,1
29.8,-0.4464,-0.237,0.3529,0.5829,0.0065,0.8627,0.0766,0.141,0.0538,1
29.82,-0.1378,-0.1922,0.4831,0.5826,0.0047,0.8611,0.0753,0.1406,0.0323,1
29.84,-0.099,-0.5523,0.6568,0.5834,0.003,0.8593,0.078,0.1402,0.0561,1
29.86,-0.1338,-0.2952,0.5009,0.5867,0.0008,0.8629,0.0755,0.1402,0.0658,1
29.88,-0.2767,0.2908,0.5035,0.5811,0.0076,0.8595,0.0759,0.1386,0.0662,1
29.9,-0.3231,-0.1355,0.6025,0.5824,0.0124,0.8616,0.0741,0.1398,0.0403,1
29.92,0.0365,-0.519,0.6256,0.5823,0.0043,0.861,0.0732,0.1393,0.0462,1
29.94,-0.2691,0.4045,0.3588,0.5816,0.0065,0.8602,0.0746,0.1399,0.0721,1
29.96,-0.2109,-0.3255,0.7178,0.5819,0.0049,0.8599,0.0721,0.1392,0.0343,1
29.98,0.0678,-0.805,1.0549,0.584,0.0034,0.8656,0.0753,0.14,0.0519,1
30.0,-0.4147,-0.1267,0.7456,0.5823,0.0054,0.8638,0.0763,0.1385,0.0411,1
30.02,-0.5599,0.6431,0.5602,0.5811,0.0101,0.8612,0.074,0.1399,0.0,1
30.04,-0.3833,0.33,0.624,0.5819,0.0079,0.8642,0.0732,0.1407,0.0,1
30.06,-0.2251,0.3934,0.7504,0.5806,-0.0017,0.8647,0.0758,0.1408,0.0,1
30.08,-0.289,-0.1122,0.8493,0.5832,0.007,0.8627,0.076,0.1402,0.0,1
30.1,-0.2698,-0.436,0.6771,0.5835,0.0055,0.8612,0.0753,0.1424,0.0,1
30.12,-0.1363,-0.3329,0.3967,0.5853,0.006,0.8625,0.0747,0.1417,0.0,1
30.14,-0.1169,0.0799,0.1849,0.585,0.0072,0.8618,0.0748,0.1423,0.0,1
30.16,-0.1068,-0.1697,0.437,0.5832,0.0092,0.8618,0.0759,0.1418,0.0,1
30.18,-0.2444,-0.1093,0.2747,0.585,0.0088,0.8628,0.0745,0.1412,0.0,1
30.2,-0.4033,0.0575,0.0721,0.5856,0.0035,0.863,0.0745,0.14,0.0,1
30.22,-0.6411,0.4472,-0.0999,0.5841,0.0106,0.8612,0.0739,0.1417,0.0,1
30.24,-0.4317,-0.2776,0.0078,0.5859,0.006,0.8617,0.0739,0.142,0.0,1
30.26,-0.4638,-0.3578,0.1107,0.5841,0.0016,0.8639,0.0737,0.1399,0.0,1
30.28,-0.4242,-0.0478,0.2437,0.5835,-0.002,0.863,0.0734,0.1411,0.0,1
30.3,0.004,-0.1223,0.3927,0.5849,-0.0062,0.8643,0.0734,0.1401,0.0,1
30.32,-0.0894,0.5025,0.3455,0.5853,-0.0034,0.8634,0.0727,0.1392,0.0313,1
30.34,-0.1545,0.8954,0.3192,0.5833,0.0069,0.8615,0.0753,0.14,0.058,1
30.36,-0.0667,0.6786,0.279,0.5829,0.0017,0.862,0.0764,0.1396,0.044,1
30.38,-0.0835,0.4938,0.2637,0.5836,0.0019,0.864,0.0787,0.1399,0.0476,1
30.4,-0.213,0.564,0.2871,0.5833,0.0035,0.8634,0.0759,0.1404,0.0578,1
30.42,-0.2791,0.3994,0.1516,0.5829,-0.0001,0.8631,0.0761,0.1397,0.0599,1
30.44,-0.3036,0.4231,0.1345,0.5821,0.0028,0.8624,0.0776,0.1396,0.0437,1
30.46,-0.2802,0.2929,0.0673,0.5816,0.002,0.8655,0.0771,0.1393,0.0414,1
30.48,-0.2903,-0.0257,-0.1129,0.5844,-0.0021,0.8663,0.0767,0.139,0.0521,1
30.5,-0.4483,0.2676,-0.2029,0.5834,0.0002,0.8631,0.0764,0.1393,0.0392,1
30.52,-0.4508,0.4516,-0.3989,0.5807,0.0035,0.8622,0.0768,0.1398,0.0309,1
30.54,-0.3106,0.454,-0.4775,0.5818,0.0055,0.8642,0.0769,0.1396,0.0441,1
30.56,-0.1493,0.7329,-0.0729,0.5821,0.0094,0.8649,0.078,0.1397,0.0489,1
30.58,0.0926,0.8534,0.3382,0.5816,0.0078,0.8643,0.0785,0.1411,0.0477,1
30.6,0.2251,0.3247,0.5172,0.58,0.0037,0.8659,0.0777,0.1412,0.0534,1
30.62,0.0189,0.1872,0.5259,0.58,0.0025,0.8672,0.0775,0.1408,0.0621,1
30.64,-0.1559,0.2988,0.0982,0.5799,0.0021,0.8634,0.0786,0.1397,0.0534,1
30.66,-0.0495,-0.1633,-0.1901,0.5797,0.0085,0.8632,0.0794,0.139,0.0583,1
30.68,-0.1253,-0.1727,0.0927,0.5807,0.0047,0.8653,0.0794,0.1402,0.0687,1
30.7,-0.2911,-0.2296,0.2513,0.5803,0.0086,0.8659,0.0794,0.1413,0.07,1
30.72,-0.0672,-0.0871,0.4752,0.5814,0.0044,0.866,0.0803,0.1398,0.0758,1
30.74,-0.0656,0.6273,0.3464,0.5826,0.0036,0.8659,0.081,0.1388,0.0604,1
30.76,-0.3449,0.8222,0.3483,0.5819,0.0111,0.8651,0.0806,0.1388,0.0397,1
30.78,-0.1768,0.3876,0.5792,0.5815,0.0063,0.865,0.0802,0.1393,0.0281,1
30.8,-0.2486,0.4804,0.6717,0.5816,0.0057,0.8645,0.0811,0.1406,0.0387,1
30.82,-0.4397,0.2953,0.58,0.5798,0.0014,0.8648,0.0812,0.1399,0.0497,1
30.84,-0.5837,0.3549,0.3154,0.5795,0.005,0.8611,0.0817,0.1402,0.0572,1
30.86,-0.3358,-0.2962,0.0304,0.5812,0.0047,0.8634,0.0822,0.1413,0.0656,1
30.88,-0.1758,-0.4514,0.2506,0.5824,0.0072,0.8655,0.0814,0.1409,0.068,1
30.9,-0.1293,-0.1285,0.313,0.5833,0.0023,0.8633,0.0808,0.1389,0.0261,1
30.92,-0.1258,-0.1423,0.276,0.5853,-0.0019,0.8623,0.0805,0.1391,0.0418,1
30.94,0.1111,-0.0947,0.3304,0.5824,0.0071,0.862,0.0807,0.1391,0.0579,1
30.96,-0.0699,-0.1277,0.3335,0.5818,0.0098,0.8629,0.0817,0.1393,0.0615,1
30.98,0.0159,0.3087,0.3708,0.5825,0.0006,0.864,0.0795,0.1396,0.0662,1
31.0,-0.2843,0.8134,0.4349,0.5821,0.0048,0.8622,0.0788,0.139,0.0537,1
31.02,-0.3954,0.1782,0.2157,0.5806,0.0046,0.8634,0.0801,0.139,0.0661,1
31.04,-0.4243,-0.2885,0.1655,0.5798,-0.0015,0.8664,0.0782,0.1408,0.0768,1
31.06,-0.5044,-0.6323,-0.0365,0.5789,0.0045,0.8681,0.0813,0.1392,0.0567,1
31.08,-0.1841,-0.9296,-0.0475,0.5808,-0.0041,0.8649,0.0801,0.1381,0.042,1
31.1,-0.1068,-0.2002,-0.0746,0.5803,0.0074,0.8629,0.0799,0.1399,0.0673,1
31.12,0.2482,0.2036,0.0073,0.5822,0.0015,0.8633,0.0798,0.1407,0.0642,1
31.14,0.1748,-0.1021,0.1753,0.5794,0.0102,0.8626,0.0819,0.1388,0.0681,1
31.16,0.1082,0.0226,-0.003,0.5788,0.0059,0.8639,0.08,0.1381,0.0462,1
31.18,0.053,-0.1369,-0.3235,0.5808,0.0155,0.8637,0.079,0.1405,0.0449,1
31.2,0.1473,-0.4489,-0.3558,0.5817,0.0061,0.8654,0.0817,0.1407,0.0406,1
31.22,0.1252,-1.7188,0.0448,0.5814,0.0051,0.8618,0.0791,0.1394,0.0516,1
31.24,0.175,-2.4551,0.4455,0.5829,0.0042,0.8663,0.0776,0.1408,0.0493,1
31.26,0.1074,-2.2438,0.3293,0.5884,0.0063,0.8652,0.0776,0.1401,0.0429,1
31.28,0.0462,-1.3994,-0.1641,0.584,0.0071,0.8627,0.0822,0.1394,0.0593,1
31.3,0.1072,-0.1607,-0.1577,0.5853,0.0075,0.8609,0.0785,0.1405,0.0457,1
31.32,0.2387,0.5961,0.028,0.5832,0.0054,0.8587,0.0785,0.1407,0.0408,1
31.34,0.1942,0.8434,0.4318,0.5823,0.0115,0.8593,0.0786,0.1405,0.08,1
31.36,0.1459,0.7434,0.8263,0.5839,0.016,0.8621,0.0787,0.1386,0.0647,1
31.38,-0.0403,0.5062,0.5572,0.5836,0.0133,0.862,0.0805,0.1398,0.0584,1
31.4,-0.2273,0.5442,0.3124,0.5834,0.017,0.8607,0.0784,0.139,0.0549,1
31.42,-0.381,-0.0468,0.4323,0.5854,0.0142,0.8601,0.0774,0.1393,0.0613,1
31.44,-0.5122,-0.5952,0.5671,0.5865,0.0096,0.8601,0.077,0.1388,0.0606,1
31.46,-0.5712,-0.5315,0.3486,0.5857,0.0008,0.8608,0.0757,0.1385,0.074,1
31.48,-0.4932,-0.382,0.299,0.5859,0.0047,0.8587,0.0747,0.1399,0.0471,1
31.5,-0.4017,-0.3797,0.4638,0.5861,0.0061,0.8582,0.0732,0.1405,0.0643,1
31.52,-0.3862,-0.2193,0.8154,0.5876,0.0053,0.861,0.0746,0.1391,0.0422,1
31.54,-0.345,-0.0365,1.0167,0.5868,0.0103,0.8597,0.0742,0.1386,0.0527,1
31.56,-0.3197,-0.1267,0.971,0.5856,0.0127,0.8596,0.0746,0.1403,0.0449,1
31.58,-0.5097,-0.0541,1.0022,0.5849,0.0065,0.8617,0.0722,0.1402,0.0451,1
31.6,-0.7832,0.0373,0.8472,0.5836,0.0066,0.8606,0.0728,0.1387,0.0352,1
31.62,-0.6351,-0.3019,0.7354,0.5831,0.0081,0.8604,0.0733,0.1391,0.0269,1
31.64,-0.5669,-0.1217,0.9187,0.584,0.0035,0.8595,0.0735,0.1404,0.0,1
31.66,-0.4421,0.4632,0.8079,0.5846,0.0059,0.8596,0.0749,0.1387,0.0,1
31.68,-0.4555,0.3229,0.8285,0.5845,0.0087,0.8602,0.0744,0.1393,0.0,1
31.7,-0.5377,-0.0451,0.706,0.5854,0.006,0.8608,0.0749,0.1398,0.0,1
31.72,-0.5749,-0.2917,0.585,0.5864,0.005,0.8626,0.0746,0.14,0.0,1
31.74,-0.561,-0.34,0.5509,0.5876,0.0075,0.8633,0.0741,0.1388,0.0,1
31.76,-0.4001,-0.0848,0.499,0.5875,0.0042,0.8613,0.0737,0.1381,0.0,1
31.78,-0.4687,-0.3042,0.4553,0.5848,0.0057,0.8604,0.0747,0.1386,0.0,1
31.8,-0.5583,-0.4724,0.2212,0.5858,0.0086,0.8607,0.0757,0.14,0.0,1
31.82,-0.4047,-0.2924,0.2326,0.5873,0.0071,0.8603,0.0763,0.1403,0.0,1
31.84,-0.4137,0.0122,0.3571,0.5869,0.0087,0.8616,0.0747,0.1396,0.0,1
31.86,-0.36,0.2292,0.3961,0.5865,0.0048,0.8606,0.0733,0.1398,0.0,1
31.88,-0.2962,0.0954,0.4485,0.5864,0.0039,0.8585,0.0733,0.1406,0.0,1
31.9,-0.4151,0.1742,0.5287,0.5849,0.0049,0.8594,0.0734,0.1409,0.0,1
31.92,-0.3362,0.2686,0.4524,0.5829,0.0027,0.8599,0.074,0.1408,0.0,1
31.94,-0.1659,-0.0795,0.3622,0.5837,0.0032,0.8609,0.0738,0.1396,0.0,1
31.96,-0.223,-0.4046,0.475,0.5861,0.0049,0.862,0.0742,0.1396,0.0,1
31.98,-0.2553,-0.2301,0.6179,0.5882,0.0056,0.8613,0.0757,0.1397,0.0,1
32.0,-0.1634,-0.0378,0.5467,0.5893,0.0073,0.8581,0.0744,0.1394,0.0,1
32.02,-0.0213,0.0276,0.3524,0.5897,0.0043,0.8561,0.0744,0.1401,0.0,1
32.04,0.0289,0.1588,0.3492,0.5886,0.0019,0.8581,0.0752,0.1398,0.0,1
32.06,-0.0299,0.1161,0.4383,0.5868,0.0064,0.8598,0.0736,0.14,0.0,1
32.08,-0.173,0.0881,0.2589,0.586,0.0034,0.8601,0.0747,0.1401,0.0,1
32.1,-0.3515,0.4385,-0.0293,0.5846,0.0024,0.8606,0.0738,0.1398,0.0,1
32.12,-0.3969,0.437,-0.0716,0.5844,0.0104,0.8604,0.0732,0.1391,0.0,1
32.14,-0.5055,0.2828,0.1836,0.5839,0.0077,0.861,0.0751,0.1396,0.0,1
32.16,-0.3912,0.3927,0.3108,0.5846,0.0077,0.8602,0.0752,0.1402,0.0084,1
32.18,-0.2055,0.4201,0.242,0.5861,0.0044,0.8609,0.0744,0.1394,0.0365,1
32.2,-0.2105,0.313,0.1652,0.5855,0.0046,0.8625,0.0742,0.1407,0.0414,1
32.22,-0.2364,0.562,0.217,0.5843,0.008,0.8621,0.0743,0.1424,0.0443,1
32.24,-0.2425,0.699,0.3412,0.5843,0.0074,0.8626,0.0741,0.1419,0.0494,1
32.26,-0.2353,0.5986,0.1835,0.5839,0.0089,0.8651,0.0741,0.1402,0.0462,1
32.28,-0.247,0.6049,-0.0176,0.5826,0.0069,0.8659,0.0732,0.1394,0.0398,1
32.3,-0.6298,0.4826,-0.1311,0.5828,0.0048,0.8636,0.0757,0.1405,0.0472,1
32.32,-0.8222,0.465,-0.0975,0.5848,0.0043,0.8595,0.0766,0.1408,0.0408,1
32.34,-0.5144,0.3391,0.0269,0.5843,0.0104,0.8593,0.0755,0.1389,0.0301,1
32.36,-0.3353,0.5485,0.0265,0.5848,0.0084,0.8614,0.0762,0.1389,0.0466,1
32.38,-0.3698,0.6627,0.0537,0.5844,0.0069,0.8628,0.0763,0.1388,0.0559,1
32.4,-0.4679,0.7027,0.1097,0.5855,0.0075,0.8654,0.0741,0.1388,0.0462,1
32.42,-0.4837,0.8055,-0.1125,0.5835,0.0073,0.8646,0.0774,0.1283,0.0475,1
32.44,-0.0469,0.5862,-0.1678,0.5824,0.0069,0.8614,0.0786,0.1296,0.0546,1
32.46,0.3446,0.0313,0.0398,0.5828,0.0032,0.8642,0.0806,0.1336,0.0591,1
32.48,0.2822,-0.2063,0.2454,0.5836,0.0009,0.866,0.0792,0.1368,0.0566,1
32.5,0.1241,0.1329,0.4226,0.5844,0.0048,0.8608,0.0783,0.1385,0.0455,1
32.52,-0.007,0.4812,0.3162,0.5816,0.0074,0.8628,0.0809,0.1377,0.0379,1
32.54,-0.1717,0.389,0.1761,0.5795,0.0075,0.8645,0.0811,0.1372,0.043,1
32.56,-0.0218,0.2362,-0.0749,0.5784,0.0019,0.8626,0.0809,0.1382,0.0185,1
32.58,0.32,0.065,-0.0522,0.5831,0.0041,0.8629,0.0803,0.1378,0.0466,1
32.6,0.4932,-0.5237,0.1231,0.5846,0.0121,0.8626,0.0798,0.1375,0.0525,1
32.62,0.4522,-0.6618,0.2658,0.5845,0.0082,0.8607,0.0798,0.1377,0.0446,1
32.64,0.3739,-0.4373,0.1589,0.585,0.0063,0.8632,0.0803,0.139,0.0289,1
32.66,0.2344,-0.2068,-0.0466,0.583,0.008,0.8604,0.0804,0.1376,0.0192,1
32.68,0.0683,0.2663,-0.0626,0.583,0.0105,0.8616,0.0784,0.1361,0.0352,1
32.7,-0.2937,0.5063,-0.1312,0.5811,0.0108,0.8629,0.0799,0.1368,0.0481,1
32.72,-0.5502,0.5216,-0.2505,0.5793,0.0119,0.8631,0.0822,0.1373,0.045,1
32.74,-0.9459,-0.1343,-0.1574,0.5819,0.0052,0.8636,0.0826,0.1376,0.0467,1
32.76,-1.294,-0.2848,-0.1541,0.5815,0.0052,0.8622,0.0798,0.138,0.0378,1
32.78,-1.3302,-0.5489,-0.1438,0.58,0.0076,0.8619,0.0788,0.1389,0.0569,1
32.8,-0.588,-0.333,0.0154,0.5833,-0.0008,0.8633,0.0786,0.138,0.0531,1
32.82,0.1082,-0.0989,0.2505,0.5826,0.0054,0.8637,0.0786,0.1375,0.0597,1
32.84,0.5502,-0.1292,0.7343,0.5827,0.0107,0.8625,0.0794,0.1382,0.0648,1
32.86,0.6053,0.0125,0.9535,0.5823,0.0074,0.8641,0.0773,0.1371,0.0562,1
32.88,0.6948,-0.9451,0.4465,0.5828,0.0055,0.8629,0.0796,0.1394,0.0513,1
32.9,0.492,-1.7471,0.2818,0.5832,0.0097,0.8641,0.078,0.1399,0.0663,1
32.92,0.2226,-1.6653,0.3427,0.5874,0.0094,0.8612,0.076,0.137,0.0591,1
32.94,0.0884,-0.9428,0.2375,0.5877,0.0078,0.8616,0.0781,0.1382,0.0447,1
32.96,-0.1919,-0.2318,0.1496,0.5857,0.0027,0.8597,0.0765,0.1382,0.055,1
32.98,-0.2792,0.3335,0.5238,0.5782,0.006,0.8598,0.0759,0.1366,0.0685,1
33.0,-0.2294,0.4216,0.7064,0.579,0.0109,0.8619,0.0752,0.1375,0.049,1
33.02,0.0388,0.4058,0.4324,0.5828,0.0124,0.8626,0.0767,0.1365,0.0298,1
33.04,-0.0093,-0.0504,-0.1017,0.5848,0.0088,0.8645,0.0788,0.1398,0.0402,1
33.06,-0.1207,-0.3587,-0.0137,0.583,0.0108,0.8643,0.0774,0.1395,0.0433,1
33.08,-0.2786,-0.551,0.3161,0.5815,0.0051,0.8583,0.0767,0.1395,0.0431,1
33.1,-0.4574,-0.6989,0.534,0.5867,0.01,0.858,0.0758,0.1376,0.0462,1
33.12,-0.402,-1.1026,0.5269,0.5869,0.0081,0.8611,0.0759,0.1389,0.0572,1
33.14,-0.2709,-1.0108,0.5165,0.588,0.0088,0.8617,0.074,0.1391,0.0493,1
33.16,0.0092,-0.4649,0.6351,0.5879,0.0129,0.8582,0.0744,0.1402,0.0416,1
33.18,0.164,-0.579,0.9336,0.5873,0.0023,0.8573,0.0762,0.1394,0.0441,1
33.2,0.3105,-0.5417,1.0764,0.5872,0.0014,0.8569,0.0749,0.1396,0.0,1
33.22,0.0506,-0.3845,0.945,0.586,0.0079,0.8567,0.075,0.1395,0.0,1
33.24,-0.0383,0.2005,0.6318,0.5845,0.016,0.863,0.075,0.1376,0.0,1
33.26,-0.335,0.756,0.5941,0.5849,0.0098,0.8633,0.0738,0.1405,0.0,1
33.28,-0.6052,0.7789,0.9082,0.5846,0.0067,0.8641,0.0741,0.141,0.0,1
33.3,-0.233,0.342,0.8016,0.583,0.0041,0.8611,0.0764,0.1383,0.0,1
33.32,-0.1004,-0.1479,0.4984,0.5855,0.0106,0.8617,0.0749,0.1387,0.0,1
33.34,-0.3703,0.2707,0.4145,0.5876,0.0115,0.8602,0.0751,0.1394,0.0,1
33.36,-0.2691,-0.3782,0.523,0.5867,0.0132,0.8592,0.0731,0.1379,0.0,1
33.38,-0.4016,-0.5065,0.654,0.5885,0.0014,0.8589,0.0728,0.1406,0.0,1
33.4,-0.684,-0.4495,0.3371,0.5859,0.0029,0.861,0.0736,0.1403,0.0,1
33.42,-0.6698,0.0412,0.4508,0.5838,0.0065,0.8588,0.0758,0.1397,0.0,1
33.44,-0.59,-0.2098,0.2879,0.5862,0.0125,0.8603,0.0762,0.1401,0.0,1
33.46,-0.5326,0.0055,0.4674,0.5886,0.0021,0.8634,0.0744,0.1395,0.0,1
33.48,-0.5287,0.522,0.4589,0.5885,0.0027,0.8611,0.0749,0.1409,0.0,1
33.5,-0.4497,0.7122,0.3897,0.5874,0.0046,0.8569,0.0762,0.1395,0.0,1
33.52,-0.2612,0.6182,0.2072,0.5858,0.0034,0.862,0.0754,0.1396,0.0,1
33.54,-0.0994,0.2467,0.2517,0.5821,0.007,0.8628,0.0761,0.1384,0.0,1
33.56,-0.0015,0.2191,0.3473,0.5836,0.0051,0.8603,0.0765,0.1394,0.0,1
33.58,-0.1205,0.323,0.0868,0.587,0.0039,0.8591,0.0762,0.1393,0.032,1
33.6,-0.259,1.2528,0.0114,0.5858,0.0051,0.8613,0.0753,0.1406,0.0245,1
33.62,-0.2732,0.9575,-0.016,0.5845,0.0121,0.8607,0.0744,0.14,0.0249,1
33.64,-0.3147,0.4053,-0.0257,0.5847,0.0088,0.8618,0.077,0.1401,0.0502,1
33.66,-0.4037,0.0654,0.007,0.5846,0.0113,0.8632,0.0755,0.14,0.0559,1
33.68,-0.4605,0.5895,-0.0416,0.5837,0.0045,0.8606,0.0763,0.1391,0.0459,1
33.7,-0.1056,0.7097,0.0318,0.5833,0.0026,0.8606,0.0745,0.1392,0.0483,1
33.72,-0.188,1.092,-0.0285,0.5831,0.0019,0.8612,0.0753,0.1409,0.0535,1
33.74,-0.2668,1.0348,-0.2703,0.581,0.0094,0.864,0.0762,0.1372,0.0376,1
33.76,-0.2082,1.1078,-0.4322,0.5813,0.0098,0.8619,0.0774,0.1378,0.0273,1
33.78,-0.209,0.7851,-0.2718,0.5843,0.01,0.8609,0.0757,0.1388,0.0273,1
33.8,-0.0325,0.4505,-0.0874,0.5825,0.01,0.8666,0.0773,0.1382,0.0417,1
33.82,-0.2005,0.6633,0.357,0.5842,0.009,0.8628,0.0778,0.1376,0.0234,1
33.84,-0.248,0.7898,0.2825,0.5832,0.0088,0.8596,0.0766,0.1368,0.0605,1
33.86,-0.4068,0.3817,0.1066,0.5819,0.016,0.8616,0.0789,0.1379,0.0551,1
33.88,-0.2536,0.8919,0.1779,0.581,0.0148,0.8684,0.0786,0.1376,0.056,1
33.9,-0.2639,1.0414,-0.1457,0.5818,0.0093,0.8626,0.0787,0.1378,0.0283,1
33.92,-0.2383,0.7608,0.0001,0.5824,0.0137,0.8647,0.0794,0.1381,0.0466,1
33.94,0.0557,0.2831,0.1711,0.5827,0.0098,0.8637,0.0813,0.1387,0.0458,1
33.96,0.1171,-0.3185,0.2631,0.5812,0.0146,0.8655,0.0802,0.1364,0.0503,1
33.98,0.1012,-0.1549,0.3948,0.5847,0.0134,0.8627,0.0777,0.1358,0.0459,1
34.0,0.2073,0.3485,0.381,0.5808,0.0134,0.8628,0.0803,0.1369,0.0799,1
34.02,0.1348,0.5363,0.2789,0.5811,0.0157,0.8614,0.0808,0.1386,0.0756,1
34.04,-0.4054,0.5253,0.1851,0.5822,0.0139,0.8653,0.0818,0.1383,0.055,1
34.06,-0.7051,0.8056,0.1998,0.5812,0.0116,0.865,0.0816,0.1383,0.0529,1
34.08,-0.8435,0.8423,0.123,0.5797,0.019,0.8621,0.0804,0.1375,0.0724,1
34.1,-0.5609,0.6117,0.1034,0.5802,0.0102,0.865,0.0785,0.1366,0.0646,1
34.12,-0.3419,-0.0039,0.2717,0.5805,0.0083,0.8653,0.0807,0.1353,0.0607,1
34.14,-0.3024,-0.244,0.3953,0.579,0.0082,0.864,0.0786,0.1363,0.0545,1
34.16,-0.1007,-0.1317,0.3599,0.5796,0.0063,0.8657,0.0803,0.1373,0.0534,1
34.18,-0.3365,-0.3851,0.4269,0.5806,0.0063,0.8651,0.0816,0.1362,0.0755,1
34.2,-0.3431,-0.0926,0.4774,0.581,0.0096,0.8636,0.0808,0.1375,0.0617,1
34.22,-0.199,0.1871,0.6305,0.5826,0.0108,0.8636,0.0798,0.1368,0.061,1
34.24,-0.1533,0.5474,0.7482,0.5808,0.0093,0.8668,0.0796,0.1366,0.07,1
34.26,-0.2463,0.4093,0.6185,0.5793,0.0035,0.8673,0.0801,0.1372,0.0471,1
34.28,-0.2483,0.1008,0.5275,0.5793,0.0056,0.8672,0.0794,0.137,0.071,1
34.3,-0.2671,-0.0452,0.4493,0.5785,0.001,0.8651,0.0813,0.1377,0.0512,1
34.32,-0.1575,0.0762,0.3166,0.5815,0.0071,0.8638,0.0811,0.1374,0.0345,1
34.34,-0.2215,-0.1947,0.2029,0.5811,0.0053,0.8627,0.079,0.1372,0.055,1
34.36,-0.3733,-0.5065,0.1631,0.5799,0.0114,0.8628,0.0798,0.1378,0.045,1
34.38,-0.4363,-0.5113,0.0977,0.5809,0.0119,0.8603,0.0794,0.1377,0.0575,1
34.4,-0.5359,-0.4696,0.1835,0.5838,0.0072,0.8643,0.0809,0.1382,0.0549,1
34.42,-0.5482,-0.4652,0.2815,0.5806,0.0111,0.8655,0.0795,0.1368,0.0704,1
34.44,-0.3889,-0.5561,0.1268,0.5814,0.0044,0.8654,0.0811,0.1361,0.0675,1
34.46,-0.3967,-0.4548,0.0079,0.5819,0.0032,0.8662,0.0792,0.1381,0.0637,1
34.48,-0.1956,0.1644,-0.2977,0.5836,0.003,0.8611,0.079,0.1375,0.0744,1
34.5,0.188,0.0109,-0.1221,0.5837,0.0012,0.8632,0.0781,0.1368,0.0598,1
34.52,0.1738,-0.5106,0.1049,0.5851,0.0086,0.8639,0.078,0.1376,0.0512,1
34.54,0.3888,-0.8996,0.6628,0.5838,0.0133,0.8684,0.0749,0.1382,0.0326,1
34.56,0.0447,-1.1751,0.7291,0.5845,0.0056,0.8674,0.0759,0.1376,0.04,1
34.58,-0.1773,-0.8756,0.6055,0.5834,0.0091,0.8616,0.0764,0.138,0.0739,1
34.6,-0.156,-0.2723,0.4471,0.5814,0.0075,0.8603,0.0746,0.1383,0.0473,1
34.62,0.0101,-0.1848,0.5078,0.5793,0.0054,0.8624,0.075,0.1381,0.0509,1
34.64,-0.006,-0.7055,0.6323,0.5773,0.009,0.862,0.0766,0.137,0.0383,1
34.66,-0.1254,-1.9303,0.6702,0.5789,0.0092,0.8637,0.075,0.1373,0.0382,1
34.68,-0.0152,-2.1607,0.6083,0.5817,0.0094,0.8617,0.0765,0.1368,0.0447,1
34.7,-0.0959,-0.905,0.5622,0.5883,0.0087,0.8613,0.075,0.137,0.0393,1
34.72,-0.2878,0.1977,0.4057,0.5897,0.009,0.8625,0.0745,0.1388,0.0402,1
34.74,-0.5021,0.5996,0.6465,0.5863,0.0119,0.8619,0.075,0.1387,0.0469,1
34.76,-0.8906,0.0072,0.5308,0.5855,0.0134,0.8584,0.0736,0.1373,0.053,1
34.78,-0.8123,-0.6834,0.238,0.5841,0.012,0.859,0.0739,0.1386,0.0425,1
34.8,-0.8252,-0.619,0.0801,0.586,0.0084,0.8599,0.0745,0.1367,0.039,1
34.82,-0.5929,-0.3827,0.2308,0.5878,0.0066,0.8593,0.0763,0.1384,0.0318,1
34.84,-0.2485,-0.5923,0.465,0.5882,0.008,0.8589,0.0752,0.1399,0.0424,1
34.86,-0.2022,-0.7355,0.5925,0.5901,0.0088,0.8593,0.0731,0.1402,0.0,1
34.88,-0.304,-0.8694,0.6224,0.5886,0.0052,0.8575,0.0743,0.1395,0.0,1
34.9,-0.3853,-1.0572,0.596,0.5882,0.0051,0.8577,0.0729,0.1397,0.0,1
34.92,-0.4282,-1.0226,0.4772,0.5897,0.0136,0.8578,0.0721,0.14,0.0,1
34.94,-0.3782,-0.3204,0.5139,0.5884,0.014,0.8582,0.0733,0.1401,0.0,1
34.96,-0.3479,-0.1163,0.7134,0.5877,0.0088,0.8583,0.0739,0.1409,0.0,1
34.98,-0.144,-0.1035,0.6648,0.5861,0.0101,0.8582,0.0754,0.1401,0.0,1
35.0,-0.1202,-0.3379,0.6818,0.5878,0.01,0.8575,0.0738,0.1394,0.0,1
35.02,-0.3009,-0.1393,0.6272,0.5892,0.0073,0.8589,0.0723,0.1394,0.0,1
35.04,-0.5121,0.0034,0.6573,0.5893,0.0044,0.8597,0.074,0.138,0.0,1
35.06,-0.5287,0.0607,0.6809,0.5893,0.0095,0.8587,0.0752,0.1392,0.0,1
35.08,-0.4812,-0.1916,0.4957,0.5885,0.0092,0.8585,0.0744,0.1399,0.0,1
35.1,-0.3911,-0.0617,0.5307,0.5864,0.0027,0.8594,0.0747,0.1405,0.0,1
35.12,-0.3422,0.316,0.5053,0.5883,0.0104,0.8577,0.0737,0.1415,0.0,1
35.14,-0.4241,0.3569,0.449,0.589,0.0128,0.8588,0.0729,0.1401,0.0,1
35.16,-0.3392,0.047,0.4954,0.5879,0.0037,0.8605,0.0739,0.1398,0.0,1
35.18,-0.2192,-0.1694,0.5753,0.5871,0.0063,0.859,0.0739,0.1398,0.0,1
35.2,-0.3425,0.4187,0.3942,0.5868,0.0084,0.8584,0.0741,0.1397,0.0,1
35.22,-0.2964,1.2077,0.2296,0.587,0.0082,0.8607,0.0733,0.1397,0.0,1
35.24,-0.4341,1.4048,0.2632,0.586,0.0062,0.8583,0.0735,0.1397,0.0,1
35.26,-0.2116,0.7792,0.4807,0.5864,0.0052,0.8569,0.0738,0.1395,0.0,1
35.28,-0.2188,0.198,0.635,0.5873,0.003,0.8621,0.0746,0.1398,0.0,1
35.3,-0.4387,0.482,0.57,0.586,0.0047,0.8619,0.0749,0.1395,0.0058,1
35.32,-0.2315,0.5195,0.2792,0.5847,0.0058,0.859,0.0763,0.1382,0.0216,1
35.34,-0.0378,0.1341,0.1686,0.5854,0.0047,0.8588,0.0761,0.1382,0.0363,1
35.36,-0.0239,-0.1024,0.3382,0.5869,0.0113,0.8584,0.0752,0.1391,0.0479,1
35.38,0.0716,-0.4032,0.4874,0.5887,0.0112,0.8599,0.0755,0.1393,0.0332,1
35.4,0.0442,-0.1526,0.3534,0.5892,0.0092,0.8604,0.0748,0.1373,0.0266,1
35.42,-0.1363,0.6425,-0.0753,0.5885,0.0127,0.8571,0.0739,0.1389,0.0395,1
35.44,-0.3567,0.6595,-0.3277,0.5875,0.0114,0.855,0.0733,0.14,0.0353,1
35.46,-0.2067,0.4449,-0.0498,0.5877,0.0087,0.8547,0.0746,0.1398,0.0176,1
35.48,-0.1123,0.4348,0.3695,0.5892,0.0063,0.8578,0.0757,0.1402,0.0277,1
35.5,-0.5655,0.5016,0.1319,0.587,0.0071,0.8592,0.0774,0.1397,0.0403,1
35.52,-0.7329,0.6178,-0.1389,0.5862,0.0104,0.8601,0.0795,0.1392,0.044,1
35.54,-0.4981,0.5862,-0.2369,0.5869,0.0064,0.8616,0.0793,0.1392,0.0439,1
35.56,-0.2468,0.7849,-0.1524,0.5876,0.0036,0.8622,0.0788,0.1393,0.0431,1
35.58,-0.2357,0.9186,0.2501,0.5877,0.0059,0.8624,0.0793,0.1396,0.0467,1
35.6,-0.2924,0.8436,0.3814,0.5874,0.0046,0.8598,0.0787,0.1402,0.0489,1
35.62,-0.2525,0.7966,0.3357,0.5859,0.0008,0.8581,0.0783,0.1398,0.0508,1
35.64,-0.4659,0.5551,0.2603,0.5836,0.006,0.8609,0.0796,0.1378,0.053,1
35.66,-0.5734,0.2387,0.2534,0.5828,0.0128,0.8624,0.0798,0.1374,0.0386,1
35.68,-0.436,0.197,0.3276,0.5831,0.0109,0.8619,0.0792,0.1391,0.04,1
35.7,-0.4858,0.5513,0.3996,0.5831,0.0107,0.8619,0.0789,0.1393,0.0536,1
35.72,-0.4117,0.7805,0.4124,0.5816,0.0123,0.8618,0.0795,0.1381,0.0473,1
35.74,-0.3066,0.564,0.2571,0.5806,0.01,0.8626,0.0806,0.1377,0.0489,1
35.76,-0.3747,0.5035,0.2337,0.5815,0.0045,0.8628,0.0801,0.1379,0.0581,1
35.78,-0.3322,0.7524,0.1898,0.5822,0.0036,0.8634,0.0803,0.1388,0.0486,1
35.8,-0.2149,0.6478,0.1642,0.582,0.0066,0.8643,0.0812,0.1389,0.0309,1
35.82,-0.1712,0.4043,0.2128,0.5824,0.0078,0.8644,0.0814,0.1374,0.0427,1
35.84,-0.1493,0.318,0.2695,0.583,0.0086,0.8648,0.0817,0.1346,0.0528,1
35.86,-0.2092,0.3816,0.4024,0.5839,0.0097,0.864,0.0806,0.1341,0.0488,1
35.88,-0.4471,0.4299,0.3402,0.5833,0.0088,0.8624,0.0786,0.1372,0.0498,1
35.9,-0.3118,0.0406,0.2885,0.5824,-0.0006,0.862,0.0796,0.1378,0.0464,1
35.92,-0.4308,0.3211,0.1009,0.5808,0.0009,0.8621,0.0812,0.1381,0.0582,1
35.94,-0.8399,0.6787,-0.111,0.5807,0.0103,0.8606,0.0816,0.1376,0.0643,1
35.96,-0.7383,0.4331,-0.2913,0.5831,0.009,0.8623,0.08,0.1379,0.052,1
35.98,-0.5005,0.1608,-0.2771,0.5853,0.0063,0.8647,0.0793,0.1385,0.0467,1
36.0,-0.4165,0.0605,-0.0531,0.5866,0.0068,0.8667,0.0792,0.1392,0.0539,1
36.02,-0.4955,-0.0216,0.0502,0.5862,0.009,0.8682,0.0799,0.1377,0.0492,1
36.04,-0.6422,0.4627,-0.1528,0.5839,0.0118,0.8657,0.0816,0.1365,0.0576,1
36.06,-0.5087,0.9511,-0.1938,0.5809,0.0147,0.8612,0.0805,0.1366,0.0662,1
36.08,-0.1701,0.549,-0.0984,0.5796,0.0075,0.8623,0.0805,0.1375,0.0501,1
36.1,0.0779,-0.621,0.2915,0.5803,0.0066,0.8642,0.0804,0.136,0.0499,1
36.12,-0.0797,-0.88,0.5115,0.5825,0.0144,0.8617,0.0798,0.1367,0.0488,1
36.14,-0.1587,-0.9531,0.2969,0.5835,0.008,0.8599,0.0794,0.1381,0.0675,1
36.16,0.1308,-0.9004,-0.3374,0.5857,0.0071,0.862,0.0803,0.138,0.0892,1
36.18,0.4943,-1.3149,-0.1903,0.5857,0.0085,0.8633,0.0811,0.1376,0.0639,1
36.2,0.6026,-0.9709,0.0954,0.5833,0.0043,0.8648,0.08,0.1373,0.0637,1
36.22,0.5863,-0.4265,0.4215,0.5814,0.0143,0.8642,0.0801,0.1379,0.0373,1
36.24,0.172,0.1514,0.3449,0.5789,0.014,0.8623,0.0815,0.1388,0.0275,1
36.26,0.0069,-0.171,0.2492,0.5813,0.0109,0.8628,0.0816,0.1375,0.0532,1
36.28,-0.0504,-0.4347,0.3414,0.5829,0.0071,0.8609,0.0819,0.1375,0.0718,1
36.3,-0.0871,-0.3886,0.6779,0.5844,0.0053,0.8634,0.0814,0.1367,0.054,1
36.32,0.1313,-0.7168,0.8774,0.5856,0.0066,0.8635,0.0792,0.1385,0.0612,1
36.34,0.2171,-0.238,0.899,0.5863,0.0143,0.8633,0.0797,0.1385,0.081,1
36.36,0.1889,-0.2581,0.725,0.5846,0.0091,0.8626,0.0792,0.1377,0.0682,1
36.38,-0.0858,-1.3863,0.6992,0.5849,0.0097,0.8623,0.0808,0.1378,0.0517,1
36.4,-0.2029,-1.0607,0.5959,0.5871,0.0027,0.8629,0.0821,0.1395,0.0476,1
36.42,-0.514,-0.6752,0.7833,0.5879,0.0057,0.8615,0.0814,0.1381,0.0546,1
36.44,-0.5033,-0.2138,0.6199,0.5857,0.0078,0.8595,0.0804,0.1375,0.0676,1
36.46,-0.4183,0.4268,0.5513,0.5878,0.0056,0.8614,0.0766,0.1394,0.0512,1
36.48,-0.5992,0.9333,0.4023,0.5866,0.0069,0.861,0.0765,0.1387,0.0504,1
36.5,-0.4667,1.0561,0.362,0.5839,0.0062,0.8576,0.0766,0.1374,0.0386,1
36.52,-0.3871,0.2348,0.5702,0.5838,0.0093,0.8577,0.0769,0.1372,0.0401,1
36.54,-0.3632,-0.512,0.4998,0.585,0.0084,0.8627,0.0764,0.1377,0.0502,1
36.56,-0.2646,-0.5126,0.3212,0.5854,0.0093,0.8599,0.075,0.1378,0.0617,1
36.58,-0.4674,-0.1646,0.4863,0.5865,0.0059,0.8602,0.0742,0.1408,0.0351,1
36.6,-0.3756,-0.0463,0.6074,0.5869,0.0104,0.858,0.075,0.1395,0.0,1
36.62,-0.2947,-0.436,0.7437,0.5878,0.0062,0.8589,0.0729,0.1367,0.0,1
36.64,-0.4071,-0.4571,0.338,0.5863,0.0098,0.8594,0.0755,0.1399,0.0,1
36.66,-0.3283,0.3001,0.1074,0.5874,0.0044,0.8566,0.0754,0.1403,0.0,1
36.68,-0.4054,0.4994,0.2769,0.5854,0.0095,0.8626,0.0732,0.1401,0.0,1
36.7,-0.5925,0.5423,0.0988,0.5851,0.0102,0.86,0.0751,0.1389,0.0,1
36.72,-0.5842,0.6608,0.1631,0.5872,0.0058,0.8591,0.0762,0.1394,0.0,1
36.74,-0.2489,-0.538,0.4517,0.5875,0.0031,0.8621,0.0759,0.1381,0.0,1
36.76,-0.3044,-0.3008,0.6474,0.5852,-0.0032,0.864,0.0737,0.139,0.0,1
36.78,-0.3165,-0.0037,0.7119,0.588,0.0088,0.8584,0.0738,0.1382,0.0,1
36.8,-0.2205,0.223,0.6971,0.5839,0.0096,0.8593,0.0758,0.1373,0.0,1
36.82,-0.0969,0.1996,0.3395,0.583,0.0063,0.8576,0.075,0.1375,0.0,1
36.84,-0.2194,0.4488,0.4719,0.5827,0.0059,0.858,0.0751,0.1359,0.0,1
36.86,-0.1967,-0.3122,0.4969,0.5861,0.0067,0.8619,0.0717,0.1404,0.002,1
36.88,-0.2604,-0.0012,0.711,0.586,0.0071,0.8604,0.0749,0.1398,0.0,1
36.9,-0.3652,0.5059,0.4642,0.5843,0.0138,0.8562,0.0722,0.14,0.0,1
36.92,-0.2178,0.0804,0.2523,0.5877,0.0054,0.8558,0.0751,0.1404,0.0,1
36.94,-0.18,0.1129,0.4164,0.5869,0.0034,0.8611,0.0765,0.1375,0.0,1
36.96,-0.5021,-0.1513,0.309,0.5845,0.0112,0.8558,0.0714,0.1376,0.0,1
36.98,-0.2596,-0.5943,0.3181,0.5853,0.0041,0.8568,0.0727,0.1366,0.0,1
37.0,0.0536,-0.8563,0.0506,0.5888,0.0056,0.8591,0.0743,0.1386,0.0,1
37.02,-0.2159,-0.0006,-0.1413,0.5891,-0.0003,0.8553,0.0745,0.1407,0.0,1
37.04,-0.1238,-0.0324,0.0642,0.5858,0.0089,0.8594,0.0759,0.1402,0.0,1
37.06,-0.1368,-0.1256,0.1824,0.5856,0.0058,0.861,0.0739,0.1384,0.0,1
37.08,-0.0924,-0.1178,0.3587,0.5854,0.0094,0.8615,0.0748,0.138,0.0,1
37.1,-0.1726,-0.2141,0.3286,0.5849,0.0089,0.8586,0.0741,0.1395,0.0,1
37.12,-0.1959,0.1215,0.2973,0.5863,0.0101,0.8591,0.0725,0.1394,0.0266,1
37.14,-0.2516,0.1596,0.4584,0.5847,0.0085,0.8601,0.0755,0.1403,0.0633,1
37.16,-0.0833,0.3014,0.4359,0.5844,0.0052,0.858,0.073,0.1385,0.063,1
37.18,-0.2739,0.4869,0.3862,0.5851,0.0073,0.8611,0.0758,0.1396,0.0492,1
37.2,-0.2587,0.641,0.2777,0.5861,0.0063,0.8623,0.0747,0.1403,0.0434,1
37.22,-0.2999,0.7165,0.3622,0.5867,0.0023,0.8612,0.0732,0.1396,0.0477,1
37.24,-0.4333,0.498,0.4334,0.5872,0.0134,0.8631,0.0735,0.1382,0.0607,1
37.26,-0.3641,1.0436,0.1881,0.5867,0.0011,0.8616,0.0744,0.1392,0.0584,1
37.28,-0.4057,0.929,0.0983,0.5858,0.0093,0.8597,0.0759,0.1403,0.045,1
37.3,-0.4425,0.5786,0.1828,0.5839,0.0085,0.8597,0.0771,0.14,0.0434,1
37.32,-0.512,0.3211,0.1812,0.5837,0.0097,0.8611,0.076,0.1394,0.0617,1
37.34,-0.3657,0.2816,0.1756,0.5868,0.0012,0.8603,0.075,0.1401,0.0446,1
37.36,-0.3039,0.726,0.2047,0.585,0.0022,0.8608,0.0751,0.1378,0.0398,1
37.38,-0.4571,0.9583,0.2485,0.5833,0.0049,0.8601,0.077,0.1381,0.0348,1
37.4,-0.3654,0.3745,0.0884,0.5824,0.0068,0.8606,0.0777,0.1375,0.0308,1
37.42,-0.3036,0.2869,-0.0097,0.584,0.0097,0.8613,0.0787,0.1387,0.0389,1
37.44,-0.1107,0.6345,0.2491,0.5865,0.0161,0.8618,0.0786,0.1392,0.0592,1
37.46,-0.133,0.1171,0.5786,0.5875,0.0102,0.8604,0.0784,0.1388,0.0677,1
37.48,-0.2106,-0.1455,0.6427,0.5869,0.0047,0.8618,0.0785,0.1395,0.0561,1
37.5,-0.2238,0.3651,0.4267,0.5846,0.0051,0.8641,0.0782,0.138,0.0584,1
37.52,-0.2013,0.9922,0.1925,0.5824,0.0086,0.8641,0.0796,0.1393,0.0487,1
37.54,-0.1156,0.7819,0.1477,0.5807,0.005,0.8646,0.08,0.1384,0.0411,1
37.56,-0.033,0.177,0.1873,0.5813,0.0024,0.8644,0.0799,0.1376,0.0488,1
37.58,-0.0969,-0.2623,0.2804,0.5815,0.0077,0.8638,0.0804,0.1394,0.0653,1
37.6,-0.1802,-0.3938,0.2361,0.5824,0.0075,0.862,0.0805,0.1387,0.0728,1
37.62,-0.1422,-0.0072,0.1248,0.5854,0.0065,0.859,0.0811,0.1393,0.0597,1
37.64,-0.1079,0.0746,0.1304,0.5858,0.0082,0.8602,0.0803,0.1394,0.0638,1
37.66,-0.1232,0.3017,0.2207,0.585,0.0063,0.8619,0.0791,0.1382,0.0707,1
37.68,-0.0916,0.7927,0.2829,0.5852,0.0019,0.8616,0.0792,0.1375,0.0626,1
37.7,-0.0746,0.6656,0.1116,0.5842,0.007,0.8637,0.0805,0.1372,0.0469,1
37.72,-0.0953,0.4483,-0.056,0.5829,0.0101,0.8652,0.0814,0.1378,0.0464,1
37.74,-0.147,0.2844,-0.1727,0.5826,0.0056,0.8644,0.0803,0.1379,0.064,1
37.76,-0.1105,-0.1236,-0.0022,0.5827,0.0036,0.8643,0.0799,0.1371,0.0669,1
37.78,-0.1156,-0.4163,0.1965,0.5832,0.005,0.8644,0.0799,0.1374,0.0587,1
37.8,-0.1549,-0.3451,0.0617,0.5827,0.01,0.8616,0.08,0.138,0.0457,1
37.82,-0.0496,-0.3185,-0.0223,0.5819,0.0149,0.8604,0.0815,0.1374,0.0634,1
37.84,-0.126,-0.188,-0.126,0.5816,0.0133,0.8619,0.0813,0.1371,0.0827,1
37.86,-0.1124,0.171,0.0483,0.5804,0.0071,0.86,0.0804,0.1371,0.0645,1
37.88,0.07,0.0771,0.2527,0.5807,0.0085,0.86,0.0805,0.1366,0.0789,1
37.9,0.151,0.0062,0.2526,0.5829,0.0076,0.8611,0.0792,0.1373,0.0808,1
37.92,0.2417,-0.1013,0.2744,0.5851,0.0111,0.8614,0.0787,0.1378,0.0634,1
37.94,0.1928,0.0467,0.4044,0.5842,0.0135,0.8605,0.0806,0.1379,0.0586,1
37.96,0.1446,0.0686,0.4369,0.5857,0.008,0.8623,0.0824,0.137,0.0547,1
37.98,-0.0162,-0.0792,0.3503,0.5862,0.0083,0.8653,0.0815,0.1384,0.0546,1
38.0,-0.1619,-0.1959,-0.0042,0.5844,0.0158,0.8612,0.078,0.1408,0.0403,1
38.02,-0.1341,-0.2901,-0.0311,0.5839,0.0096,0.8597,0.0754,0.1405,0.0327,1
38.04,-0.3719,-0.1535,0.0953,0.585,0.005,0.8619,0.0767,0.1382,0.0445,1
38.06,-0.4323,-0.1494,0.0479,0.5863,0.0108,0.8614,0.077,0.1371,0.046,1
38.08,-0.4146,-0.3205,0.0801,0.5858,0.018,0.8621,0.0747,0.1381,0.0552,1
38.1,-0.5061,0.1894,0.2025,0.5843,0.0098,0.8588,0.0759,0.1394,0.0627,1
38.12,-0.4316,-0.0197,0.2938,0.5836,0.0129,0.8612,0.0778,0.1394,0.0502,1
38.14,-0.3663,-0.3486,0.1376,0.5844,0.0099,0.8638,0.0771,0.1398,0.0341,1
38.16,-0.2243,-0.7733,0.3526,0.586,0.007,0.866,0.0748,0.1397,0.0478,1
38.18,-0.1383,-0.4242,0.4861,0.5848,0.0095,0.8656,0.0755,0.1378,0.0724,1
38.2,0.0496,-0.3367,0.9311,0.5852,0.0054,0.8621,0.077,0.1375,0.0546,1
38.22,-0.1146,-0.0698,1.0678,0.5835,0.0022,0.8637,0.0728,0.1405,0.0595,1
38.24,-0.1917,-0.2624,0.8101,0.5824,0.0064,0.8608,0.0737,0.1397,0.0439,1
38.26,-0.1002,-0.0782,0.7167,0.5836,0.0036,0.8565,0.0734,0.1401,0.0234,1
38.28,-0.0243,-0.5907,0.9035,0.5828,0.0109,0.86,0.0735,0.1389,0.0394,1
38.3,0.0083,-0.7413,0.9365,0.585,0.0103,0.8611,0.0748,0.1412,0.0475,1
38.32,0.048,-0.623,0.8072,0.5859,0.0181,0.8609,0.0756,0.1403,0.0556,1
38.34,-0.0876,-0.21,0.7523,0.586,0.0067,0.8609,0.0754,0.1384,0.0416,1
38.36,-0.1455,-0.1685,0.3664,0.5889,0.0132,0.861,0.0754,0.1367,0.0437,1
38.38,-0.391,-0.0638,0.4803,0.5858,0.0158,0.8591,0.0728,0.1377,0.0497,1
38.4,-0.4916,0.1432,0.3453,0.5852,0.0097,0.8627,0.0724,0.1375,0.0625,1
38.42,-0.5536,0.0461,0.3446,0.5896,0.0081,0.858,0.0754,0.1392,0.0433,1
38.44,-0.528,-0.1352,-0.0741,0.5876,0.0122,0.8564,0.0742,0.1396,0.0223,1
38.46,-0.4899,0.077,-0.0306,0.5856,0.0056,0.8592,0.0752,0.1395,0.0,1
38.48,-0.3769,0.0215,0.271,0.5889,0.0054,0.856,0.0761,0.1384,0.0,1
38.5,-0.237,0.1889,0.4696,0.5875,0.0145,0.8555,0.0754,0.1406,0.0,1
38.52,-0.2768,0.1112,0.5692,0.5898,0.0127,0.8573,0.0733,0.1388,0.0,1
38.54,-0.3074,-0.0508,0.2662,0.5875,0.0091,0.8514,0.0753,0.1376,0.0004,1
38.56,-0.0203,-0.1339,0.1896,0.5863,0.0105,0.8586,0.0742,0.139,0.0,1
38.58,-0.1067,0.8867,0.4108,0.5843,0.0052,0.8585,0.0761,0.1394,0.0325,1
38.6,-0.127,0.6702,0.4375,0.5806,0.0098,0.8571,0.0761,0.1395,0.0394,1
38.62,-0.0161,0.4792,0.4176,0.5824,0.0229,0.8578,0.0747,0.1401,0.036,1
38.64,0.1333,-0.0057,0.316,0.5857,0.0107,0.8609,0.0753,0.1394,0.0419,1
38.66,-0.1749,0.3436,0.3678,0.5848,0.0131,0.8612,0.0741,0.1399,0.0456,1
38.68,-0.1763,0.259,0.5421,0.5854,0.0065,0.8601,0.0742,0.1378,0.0501,1
38.7,0.07,0.1855,0.4466,0.5844,0.002,0.8632,0.073,0.1395,0.0569,1
38.72,-0.0436,-0.3953,0.2425,0.5853,0.007,0.8629,0.0748,0.1397,0.0515,1
38.74,-0.188,-0.0026,-0.1157,0.5862,0.0114,0.8598,0.0763,0.1397,0.0595,1
38.76,-0.1577,0.0166,0.0412,0.5873,0.0065,0.8571,0.0779,0.1398,0.0428,1
38.78,-0.0916,0.5036,-0.0693,0.5868,0.0078,0.8592,0.0763,0.1404,0.0689,1
38.8,-0.3434,0.1631,0.0486,0.5858,0.008,0.86,0.0769,0.1396,0.0807,1
38.82,-0.4329,0.1711,0.2215,0.5837,0.0086,0.8615,0.0773,0.1403,0.0421,1
38.84,-0.4955,0.4563,0.0066,0.5829,0.0138,0.8594,0.0784,0.1405,0.0615,1
38.86,-0.456,0.4336,-0.1458,0.5845,0.0088,0.8595,0.0792,0.1396,0.042,1
38.88,-0.0179,0.0485,0.0257,0.5864,0.0123,0.8568,0.0773,0.1399,0.0546,1
38.9,0.0968,0.2906,0.3492,0.5862,0.0108,0.8564,0.0791,0.1393,0.043,1
38.92,0.2359,-0.3678,0.5021,0.5864,0.0107,0.8586,0.0794,0.14,0.045,1
38.94,0.1062,-0.2742,0.6347,0.5873,0.004,0.8604,0.08,0.1401,0.049,1
38.96,-0.1144,-0.0039,0.3693,0.5862,0.0095,0.8582,0.0798,0.1401,0.0626,1
38.98,-0.1134,0.3791,0.2343,0.5851,0.0139,0.8599,0.0786,0.1392,0.0587,1
39.0,-0.1406,0.6133,0.1648,0.5845,0.015,0.8611,0.0811,0.1395,0.0621,1
39.02,-0.2397,0.3832,0.3087,0.5835,0.0124,0.8603,0.0782,0.1401,0.0687,1
39.04,-0.1797,0.1272,0.4553,0.5826,0.0124,0.86,0.079,0.141,0.0636,1
39.06,-0.2161,-0.1529,0.4591,0.5841,0.0115,0.8611,0.0786,0.1401,0.0641,1
39.08,-0.3198,0.137,0.2589,0.586,0.0073,0.8615,0.0785,0.1413,0.0731,1
39.1,-0.314,0.394,0.2684,0.5856,0.0099,0.861,0.0772,0.141,0.0705,1
39.12,-0.3984,0.3767,0.401,0.5845,0.0115,0.8606,0.0785,0.1398,0.0599,1
39.14,-0.3693,0.0564,0.3236,0.5833,0.0097,0.8613,0.079,0.1401,0.0682,1
39.16,-0.3386,-0.0444,0.2109,0.5844,0.0105,0.8605,0.08,0.1403,0.0815,1
39.18,-0.447,0.121,0.2479,0.5872,0.0096,0.8595,0.08,0.14,0.0859,1
39.2,-0.4417,0.3634,0.3174,0.5869,0.0076,0.8597,0.0794,0.1401,0.0604,1
39.22,-0.3534,0.1083,0.3053,0.5859,0.0088,0.8611,0.0811,0.1399,0.0504,1
39.24,-0.3072,0.4784,0.3876,0.5856,0.0049,0.8605,0.0805,0.1393,0.0547,1
39.26,-0.0703,0.9899,0.4938,0.5835,0.0079,0.8611,0.0792,0.1391,0.0727,1
39.28,0.1666,0.29,0.4223,0.5811,0.0147,0.8611,0.0788,0.1394,0.0878,1
39.3,0.1742,-0.5308,0.2618,0.5817,0.0109,0.8605,0.0795,0.1396,0.073,1
39.32,0.1016,-0.4969,0.3144,0.5834,0.0112,0.8619,0.0803,0.1405,0.0561,1
39.34,-0.0334,0.1272,0.4306,0.5836,0.0137,0.8607,0.0801,0.1399,0.0531,1
39.36,-0.1546,0.2569,0.3246,0.5835,0.0083,0.8596,0.0813,0.1386,0.0835,1
39.38,-0.2009,-0.9094,0.1656,0.583,0.0071,0.8608,0.0819,0.1402,0.0788,1
39.4,-0.1918,-2.233,-0.0163,0.5843,0.01,0.862,0.081,0.1404,0.0561,1
39.42,-0.1106,-2.0644,-0.0997,0.5892,0.0063,0.8612,0.0787,0.1398,0.0769,1
39.44,0.0252,-0.9207,-0.1006,0.5932,0.0051,0.8603,0.0768,0.1387,0.0598,1
39.46,-0.0349,0.2925,-0.0725,0.5916,0.0097,0.859,0.0787,0.1392,0.0507,1
39.48,-0.2336,0.4469,0.0402,0.5849,0.0158,0.8567,0.0799,0.1403,0.0516,1
39.5,-0.3302,0.2749,0.2369,0.5854,0.0164,0.8575,0.0792,0.1397,0.0516,1
39.52,-0.4283,-0.2959,0.2914,0.5891,0.0114,0.8597,0.0806,0.1388,0.0627,1
39.54,-0.4311,-0.2303,0.3151,0.5878,0.005,0.8587,0.0797,0.1392,0.0689,1
39.56,-0.4965,-0.0959,0.4204,0.5854,0.0085,0.8578,0.0783,0.139,0.0546,1
39.58,-0.2144,-0.0108,0.3208,0.5856,0.011,0.8553,0.0748,0.1389,0.054,1
39.6,-0.0498,-0.0733,0.4934,0.5871,0.0089,0.8552,0.0759,0.1394,0.0389,1
39.62,0.2386,-0.775,0.7365,0.5903,0.0045,0.8615,0.0771,0.1401,0.0463,1
39.64,0.1435,-0.486,0.9558,0.592,0.0074,0.8605,0.077,0.1407,0.0511,1
39.66,-0.1659,0.4269,1.0419,0.5892,0.0178,0.8593,0.0768,0.1407,0.0549,1
39.68,-0.3295,0.7275,0.7188,0.5868,0.0127,0.8595,0.0758,0.1406,0.0619,1
39.7,-0.3264,0.083,0.3966,0.5853,0.0092,0.8584,0.0748,0.1407,0.0707,1
39.72,-0.4833,0.3321,0.6664,0.5859,0.0102,0.8577,0.0751,0.1397,0.0476,1
39.74,-0.193,0.203,0.8613,0.5858,0.0142,0.8616,0.0739,0.1406,0.0531,1
39.76,-0.1727,-0.1183,0.8389,0.5859,0.0067,0.8627,0.076,0.1405,0.0509,1
39.78,-0.5472,0.0629,0.6347,0.5869,0.012,0.8589,0.076,0.1386,0.0625,1
39.8,-0.3705,-0.2975,0.7299,0.5845,0.0165,0.8609,0.0757,0.1402,0.0593,1
39.82,-0.4433,-0.1307,0.7022,0.5852,0.0083,0.8616,0.0741,0.1397,0.0494,1
39.84,-0.5354,0.1035,0.9164,0.5876,0.0035,0.8613,0.0769,0.1414,0.0503,1
39.86,-0.5407,0.0157,0.7713,0.5868,0.0009,0.8571,0.0732,0.1391,0.0528,1
39.88,-0.4824,0.111,0.5317,0.5879,0.0054,0.86,0.0729,0.1402,0.0455,1
39.9,-0.412,0.3219,0.3858,0.5888,0.0008,0.8571,0.0722,0.1398,0.0334,1
39.92,-0.4161,-0.2565,0.4777,0.5879,0.0044,0.8559,0.0734,0.1401,0.041,1
39.94,-0.3427,-0.7165,0.5003,0.5881,0.0081,0.8613,0.0735,0.1403,0.0,1
39.96,-0.2582,-0.493,0.4161,0.5858,0.0082,0.8593,0.0738,0.1399,0.0,1
39.98,-0.3235,-0.2566,0.4426,0.5882,0.0087,0.8551,0.0746,0.1394,0.0,1
40.0,-0.2832,-0.5822,0.3131,0.5868,0.0043,0.8562,0.0735,0.1387,0.0,1
