time,gyr_x,gyr_y,gyr_z,acc_x,acc_y,acc_z,fsr_left,fsr_right,fsr_spine,label
0.02,-1.2077,-1.2836,1.2673,0.7669,0.4834,0.2808,0.0984,0.0558,0.0912,3
0.04,-3.0895,1.745,-0.5575,0.7345,0.469,0.2851,0.1004,0.0532,0.0903,3
0.06,-2.0614,0.5537,-0.6419,0.7224,0.4753,0.2873,0.133,0.0527,0.0893,3
0.08,-1.2032,-0.3685,-0.9201,0.7464,0.4854,0.2962,0.1375,0.0551,0.0902,3
0.1,-0.9118,0.1066,-0.7234,0.759,0.4912,0.3047,0.1245,0.0559,0.091,3
0.12,-0.8334,1.2298,0.2152,0.7387,0.4869,0.3041,0.1243,0.055,0.0909,3
0.14,-0.7842,1.9101,0.8723,0.7192,0.4696,0.2963,0.1469,0.0558,0.0909,3
0.16,-0.7229,2.2187,0.0566,0.7581,0.4462,0.3011,0.1502,0.0557,0.0904,3
0.18,-1.3237,1.4762,0.1253,0.7594,0.4693,0.2935,0.1288,0.0522,0.0893,3
0.2,-0.0966,1.2176,-0.0289,0.7505,0.4813,0.2898,0.1528,0.0532,0.0911,3
0.22,0.2476,1.0307,0.4567,0.7383,0.4756,0.2827,0.1309,0.0557,0.0908,3
0.24,-0.0883,0.7831,1.0126,0.7463,0.4717,0.2864,0.1072,0.0559,0.0899,3
0.26,-0.1842,1.0482,1.0214,0.7634,0.4817,0.2895,0.1132,0.0535,0.0909,3
0.28,0.1293,1.8344,0.3654,0.7622,0.496,0.2738,0.1318,0.0519,0.0933,3
0.3,-0.515,0.3429,-0.6434,0.767,0.4864,0.2776,0.1441,0.0525,0.0887,3
0.32,0.0567,-0.1235,-0.5179,0.741,0.4762,0.2813,0.0986,0.0521,0.0933,3
0.34,-0.4025,0.0464,-0.1764,0.7498,0.4561,0.2733,0.1187,0.0548,0.0919,3
0.36,-0.3281,0.1376,0.7641,0.7506,0.4671,0.278,0.1316,0.0535,0.0871,3
0.38,0.0782,0.0719,1.387,0.7417,0.4715,0.2861,0.1245,0.0527,0.0902,3
0.4,0.1141,0.0677,1.5874,0.7275,0.4676,0.2899,0.1165,0.054,0.0956,3
0.42,-0.4249,0.2958,1.7112,0.7179,0.4729,0.2914,0.1285,0.0547,0.0919,3
0.44,-0.5531,0.5578,0.8645,0.7424,0.4378,0.2921,0.1509,0.0564,0.0934,3
0.46,-1.4575,1.189,0.7327,0.7266,0.4717,0.2909,0.1272,0.0541,0.0993,3
0.48,-1.147,-0.0049,0.9075,0.772,0.4536,0.2896,0.1305,0.0539,0.0961,3
0.5,-0.3048,-0.0676,0.2645,0.7696,0.4445,0.2981,0.1331,0.0546,0.0947,3
0.52,0.2801,0.4011,0.2148,0.7473,0.4448,0.3024,0.1294,0.0555,0.0953,3
0.54,0.4722,0.6505,0.6029,0.7396,0.4708,0.2994,0.135,0.0555,0.0964,3
0.56,0.5219,0.3495,0.4732,0.738,0.5187,0.2962,0.1502,0.0551,0.0966,3
0.58,0.2779,-0.9476,0.907,0.6928,0.4956,0.2918,0.1178,0.0562,0.0941,3
0.6,-0.5642,0.2768,0.3866,0.7273,0.4926,0.2787,0.1111,0.0547,0.093,3
0.62,-1.8925,0.3044,-0.1135,0.7698,0.4932,0.2732,0.1228,0.0558,0.0938,3
0.64,-1.6885,0.6126,0.0232,0.7682,0.4899,0.2836,0.125,0.0562,0.0957,3
0.66,-1.0283,1.2909,0.5715,0.7524,0.4827,0.2916,0.134,0.0564,0.0964,3
0.68,-0.4122,1.8391,0.8593,0.7429,0.4754,0.2907,0.1497,0.0551,0.0962,3
0.7,0.054,1.4797,0.5154,0.7359,0.4769,0.2916,0.1576,0.0522,0.0965,3
0.72,-0.7319,-0.3166,0.1614,0.7241,0.5002,0.309,0.1543,0.0536,0.0963,3
0.74,-1.8442,1.0168,-0.2857,0.7757,0.4773,0.2963,0.1363,0.0538,0.1014,3
0.76,-1.5972,1.3013,-1.2878,0.7523,0.4585,0.2891,0.1194,0.0517,0.0953,3
0.78,-0.5815,1.0901,-0.7419,0.7321,0.4737,0.2969,0.1244,0.0526,0.0944,3
0.8,-0.2731,1.0155,-0.0864,0.7397,0.469,0.2964,0.1326,0.0528,0.0951,3
0.82,-0.4634,1.3286,0.3001,0.7496,0.4515,0.2904,0.1337,0.0524,0.0947,3
0.84,-0.356,1.7307,0.7995,0.7436,0.4569,0.2926,0.1289,0.0537,0.0922,3
0.86,-0.4769,1.4986,0.9644,0.7645,0.4703,0.2925,0.1211,0.0549,0.0844,3
0.88,0.2516,0.4994,1.4118,0.7554,0.4835,0.2826,0.1313,0.0505,0.0868,3
0.9,-0.3869,-0.6643,1.3749,0.725,0.4881,0.2848,0.1248,0.0541,0.0916,3
0.92,-0.6746,-0.3251,1.33,0.729,0.4822,0.293,0.1218,0.0547,0.0951,3
0.94,-1.1456,-0.1534,1.2917,0.7508,0.4748,0.2954,0.1176,0.0529,0.0943,3
0.96,-1.2597,-0.3638,1.2811,0.7701,0.4749,0.2918,0.1239,0.0525,0.0931,3
0.98,-0.5061,-0.2331,1.166,0.7785,0.4851,0.2902,0.1452,0.0547,0.0941,3
1.0,0.0004,0.2102,0.609,0.7793,0.4975,0.2955,0.1501,0.054,0.0915,3
1.02,0.3415,0.7765,0.7958,0.7581,0.4862,0.2954,0.113,0.055,0.0911,3
1.04,0.2336,1.6325,0.9045,0.7586,0.5004,0.2902,0.1393,0.0539,0.0911,3
1.06,-0.7795,2.8717,0.226,0.7519,0.4824,0.2856,0.1435,0.0528,0.0929,3
1.08,-1.1574,2.6939,0.0363,0.7368,0.4584,0.2876,0.1497,0.0554,0.0963,3
1.1,-0.8099,1.8129,0.1766,0.7354,0.4478,0.2949,0.1518,0.0568,0.0982,3
1.12,-0.4696,1.291,0.0952,0.7465,0.4551,0.3016,0.14,0.053,0.0931,3
1.14,-0.3643,0.1172,0.3126,0.7223,0.4744,0.3021,0.1393,0.0496,0.08,3
1.16,-0.2318,-0.9478,0.9927,0.7198,0.4538,0.2968,0.149,0.0532,0.0936,3
1.18,-0.0058,0.5701,0.3377,0.7358,0.4951,0.2918,0.129,0.0547,0.0938,3
1.2,0.3604,0.7882,0.2709,0.7427,0.4861,0.289,0.138,0.0519,0.0888,3
1.22,0.8479,0.0248,0.6674,0.7399,0.4832,0.2942,0.134,0.0521,0.0922,3
1.24,0.7469,-0.3198,1.2819,0.7436,0.4862,0.2982,0.1222,0.0521,0.0956,3
1.26,0.1671,0.1722,1.5227,0.7543,0.4823,0.2955,0.1168,0.0501,0.0921,3
1.28,0.6435,0.2737,0.7033,0.7431,0.4959,0.297,0.1022,0.0536,0.0949,3
1.3,0.9396,1.4023,1.669,0.7285,0.476,0.3005,0.1232,0.0506,0.0962,3
1.32,0.0795,0.5384,1.074,0.7454,0.4797,0.2932,0.1348,0.0507,0.0872,3
1.34,-0.961,0.1067,0.6058,0.7708,0.4786,0.2923,0.1243,0.0489,0.0929,3
1.36,-0.3515,-0.015,0.0881,0.7513,0.4569,0.289,0.1192,0.0501,0.0948,3
1.38,0.9342,0.24,-0.3497,0.7263,0.445,0.2898,0.1305,0.0532,0.0935,3
1.4,1.2952,0.77,-0.1416,0.7319,0.4603,0.2956,0.1467,0.0543,0.094,3
1.42,0.6223,0.9662,0.9277,0.7391,0.4747,0.291,0.1445,0.0513,0.0916,3
1.44,-0.189,0.3862,-0.445,0.7834,0.5,0.2871,0.1325,0.045,0.0886,3
1.46,-1.7054,1.1027,1.257,0.711,0.472,0.2857,0.1153,0.0498,0.0965,3
1.48,-1.7547,0.5573,1.9702,0.7236,0.4575,0.2878,0.1087,0.0546,0.0934,3
1.5,-1.6296,0.9219,2.6037,0.742,0.4572,0.293,0.1048,0.0504,0.0865,3
1.52,-1.1339,1.6913,2.5977,0.7581,0.4663,0.3005,0.1052,0.0466,0.0839,3
1.54,-0.1497,1.4416,1.6565,0.7659,0.4676,0.3099,0.1162,0.0491,0.0855,3
1.56,0.5025,-0.0066,0.8918,0.7296,0.4418,0.3185,0.1341,0.0499,0.0846,3
1.58,1.2732,-0.3517,1.0499,0.7306,0.4406,0.3073,0.1109,0.0504,0.0918,3
1.6,0.8711,0.1345,0.9541,0.7613,0.4508,0.2996,0.1389,0.0486,0.089,3
1.62,1.0027,-0.3792,-1.0041,0.7674,0.4494,0.2909,0.1277,0.0516,0.089,3
1.64,1.5712,-0.8314,-1.6737,0.7481,0.4563,0.2868,0.1087,0.0531,0.0898,3
1.66,2.1077,-0.9537,-1.8052,0.7372,0.4671,0.2889,0.0954,0.0471,0.0907,3
1.68,2.3442,-0.815,-2.0571,0.7386,0.4743,0.2947,0.0951,0.0393,0.0806,3
1.7,2.4844,-0.8255,-1.253,0.725,0.4778,0.2978,0.1134,0.0437,0.0551,3
1.72,3.0583,-3.2224,-0.1582,0.7626,0.4656,0.2868,0.1266,0.0541,0.0962,3
1.74,3.6567,-3.4868,-0.9461,0.7636,0.4953,0.2877,0.1288,0.0554,0.0969,3
1.76,4.0339,-3.2322,-0.8745,0.7393,0.4955,0.2941,0.1269,0.0552,0.0961,3
1.78,3.8998,-1.6622,-0.4162,0.734,0.4918,0.29,0.1085,0.0541,0.0948,3
1.8,3.7492,-1.1007,-0.1079,0.7396,0.4869,0.283,0.112,0.0534,0.0929,3
1.82,3.5072,-1.3651,-0.2112,0.741,0.4819,0.284,0.1291,0.0526,0.0923,3
1.84,2.3632,0.4535,-0.5545,0.7404,0.4798,0.2916,0.1065,0.0513,0.0944,3
1.86,0.317,2.3044,-0.4732,0.7468,0.4583,0.2852,0.0917,0.0556,0.0924,3
1.88,0.1446,1.0903,1.1162,0.7685,0.4995,0.2791,0.0881,0.0506,0.0928,3
1.9,0.4289,-0.8983,1.7969,0.7438,0.5084,0.2848,0.0822,0.0524,0.0877,3
1.92,1.3231,-1.4511,2.3182,0.6992,0.4899,0.2882,0.09,0.049,0.0896,3
1.94,2.029,-0.1717,2.1642,0.701,0.4784,0.2811,0.1027,0.0496,0.0936,3
1.96,3.5421,1.3172,1.8983,0.7402,0.479,0.2793,0.1177,0.054,0.0955,3
1.98,7.2667,0.7919,3.0673,0.7425,0.4717,0.2981,0.1363,0.0519,0.0965,3
2.0,9.432,-1.5769,5.4923,0.7065,0.4786,0.2875,0.1248,0.0526,0.0944,3
2.02,8.99,-1.391,5.8886,0.7345,0.4758,0.2706,0.114,0.0527,0.0956,3
2.04,5.2176,0.8245,5.0204,0.7548,0.4809,0.2656,0.0744,0.0423,0.0762,3
2.06,1.5571,2.7993,4.4263,0.7517,0.4796,0.2505,0.075,0.0387,0.0746,3
2.08,-1.4228,3.4128,3.1543,0.7625,0.4836,0.2489,0.1139,0.0435,0.0825,3
2.1,-2.5281,2.8943,1.3121,0.7749,0.4882,0.2669,0.1302,0.0485,0.0883,3
2.12,-0.7571,2.663,0.4631,0.746,0.4812,0.2842,0.0954,0.0481,0.0921,3
2.14,0.882,4.6692,1.496,0.7127,0.4859,0.2872,0.1487,0.0555,0.0955,3
2.16,1.4406,5.5913,1.858,0.7549,0.4713,0.2831,0.1443,0.0525,0.0969,3
2.18,2.2603,5.0255,1.8126,0.7511,0.4563,0.2897,0.1115,0.0512,0.0928,3
2.2,2.5327,3.9327,1.5218,0.7411,0.4544,0.2859,0.0851,0.046,0.0864,3
2.22,1.088,3.3257,1.3667,0.7562,0.4672,0.2776,0.065,0.0426,0.0832,3
2.24,-0.3184,2.6907,1.0793,0.7647,0.4765,0.2787,0.0514,0.0428,0.0876,3
2.26,0.5573,1.4056,0.3846,0.7421,0.4727,0.2885,0.0498,0.0441,0.0961,3
2.28,1.3127,1.4269,0.2292,0.785,0.491,0.2746,0.0581,0.0473,0.0919,3
2.3,-1.0835,2.4832,-0.5664,0.7729,0.4703,0.2712,0.0425,0.0457,0.0948,3
2.32,-1.3194,3.3212,-0.9649,0.7399,0.4684,0.2844,0.0577,0.0477,0.094,3
2.34,-1.2884,3.1447,-1.192,0.7328,0.4737,0.2983,0.0586,0.046,0.0944,3
2.36,-0.9746,2.9066,-1.8454,0.7334,0.4812,0.2995,0.0427,0.0455,0.0946,3
2.38,-0.3091,2.8346,-1.8468,0.7398,0.4813,0.2912,0.0411,0.0465,0.0963,3
2.4,0.5294,2.2732,-0.1142,0.7543,0.4737,0.2882,0.07,0.0463,0.0999,3
2.42,1.3623,0.6907,1.8121,0.7465,0.4831,0.3002,0.0834,0.0471,0.0987,3
2.44,2.0078,0.5395,2.309,0.725,0.4946,0.2963,0.0883,0.0472,0.0964,3
2.46,1.2713,0.9898,1.7198,0.7446,0.4531,0.283,0.0833,0.0446,0.0937,3
2.48,-0.0836,1.3626,0.2034,0.7438,0.4806,0.2848,0.0824,0.0442,0.098,3
2.5,-0.4778,1.5952,0.2987,0.7258,0.481,0.2945,0.0608,0.0465,0.0997,3
2.52,0.3574,1.6016,1.6737,0.7132,0.4707,0.3031,0.0416,0.0471,0.0986,3
2.54,1.4783,1.4169,2.5389,0.7257,0.4977,0.3028,0.0521,0.0443,0.0974,3
2.56,1.7867,1.3707,2.5861,0.7602,0.5013,0.288,0.0667,0.0452,0.0925,3
2.58,2.2334,1.305,2.9464,0.7508,0.5059,0.2881,0.0921,0.0494,0.099,3
2.6,1.5394,0.8366,2.4398,0.7639,0.4804,0.2917,0.1245,0.0534,0.0955,3
2.62,0.4296,1.2209,1.2479,0.7351,0.4653,0.2881,0.1202,0.0518,0.0984,3
2.64,0.2173,2.1035,0.7141,0.734,0.4518,0.2871,0.1304,0.051,0.0989,3
2.66,0.7188,3.0501,0.6879,0.7531,0.4441,0.2903,0.1422,0.0524,0.0967,3
2.68,1.0662,3.3582,0.732,0.7563,0.4575,0.291,0.1204,0.0529,0.0948,3
2.7,1.0534,1.9773,1.3626,0.75,0.4951,0.2838,0.0764,0.0494,0.0912,3
2.72,2.2658,-1.2037,2.458,0.7511,0.4773,0.2913,0.0978,0.0477,0.084,3
2.74,1.6517,-0.5708,2.6155,0.7608,0.4626,0.2867,0.0861,0.0489,0.0909,3
2.76,0.9843,0.7666,2.1567,0.7554,0.4714,0.2902,0.0707,0.0484,0.0918,3
2.78,0.1676,1.9845,1.162,0.7566,0.4861,0.2977,0.0808,0.0492,0.0918,3
2.8,-0.566,3.1096,0.3452,0.7403,0.4748,0.3013,0.0944,0.0493,0.0914,3
2.82,-0.8056,3.5428,-0.0109,0.7222,0.4505,0.3001,0.0921,0.0485,0.0909,3
2.84,-0.3921,2.1864,-0.458,0.7651,0.4686,0.3014,0.0903,0.0508,0.093,3
2.86,0.0547,1.9128,-0.6183,0.7358,0.4589,0.2952,0.083,0.0495,0.0908,3
2.88,-0.6466,1.3808,-1.0043,0.7364,0.4427,0.2816,0.1083,0.051,0.0909,3
2.9,0.0805,0.0459,-0.2634,0.7386,0.4593,0.2921,0.1126,0.0541,0.0798,3
2.92,0.8702,-0.2855,-0.2573,0.7453,0.4604,0.2944,0.1157,0.0459,0.0886,3
2.94,1.0689,0.2113,-0.0021,0.738,0.4735,0.2953,0.1092,0.0449,0.0993,3
2.96,1.1825,0.2843,1.3314,0.7244,0.5064,0.3011,0.0875,0.0552,0.0971,3
2.98,1.691,-0.6994,2.6941,0.7387,0.5118,0.2996,0.0713,0.0551,0.0952,3
3.0,-0.4048,-0.3671,2.4709,0.7556,0.4771,0.2966,0.1025,0.0529,0.1003,3
3.02,-1.6965,-0.2645,0.8786,0.7643,0.4796,0.2909,0.1027,0.054,0.0999,3
3.04,-2.0362,-0.1504,0.357,0.7505,0.4521,0.2902,0.0711,0.0505,0.0961,3
3.06,-0.7862,0.1613,0.2471,0.7333,0.4579,0.2934,0.0614,0.0496,0.0989,3
3.08,0.3152,0.8906,-0.1482,0.7317,0.4663,0.2963,0.0692,0.0484,0.1021,3
3.1,0.2503,1.7199,-0.3215,0.745,0.4568,0.2946,0.0881,0.0488,0.1,3
3.12,-0.5579,2.0054,0.3272,0.7516,0.4534,0.2893,0.1169,0.0554,0.0955,3
3.14,-2.2226,1.8093,-0.9024,0.7286,0.4722,0.2936,0.1111,0.0546,0.0967,3
3.16,-2.5751,1.3748,-1.6405,0.7231,0.4894,0.2947,0.0957,0.054,0.099,3
3.18,-2.2595,0.501,-0.9834,0.7461,0.4673,0.2894,0.1073,0.0521,0.0979,3
3.2,-2.4541,0.5157,-0.02,0.768,0.4551,0.2871,0.1,0.0517,0.0967,3
3.22,-1.9388,-0.52,1.1018,0.7627,0.4668,0.288,0.1081,0.0512,0.1017,3
3.24,-0.7768,-1.9241,1.8257,0.7539,0.4842,0.2911,0.1266,0.0506,0.1152,3
3.26,-0.2991,-1.3641,1.508,0.7664,0.4869,0.2965,0.1128,0.0513,0.1306,3
3.28,-0.6374,-0.1502,0.741,0.7295,0.4946,0.3012,0.0694,0.0525,0.1322,3
3.3,-1.5073,0.5314,0.1322,0.7185,0.509,0.3113,0.0685,0.0513,0.1357,3
3.32,-2.8414,1.0183,-0.3873,0.6952,0.4781,0.3118,0.0879,0.0506,0.1376,3
3.34,-2.8902,1.7282,0.041,0.7027,0.4674,0.3097,0.0912,0.0515,0.1383,3
3.36,-2.4984,2.4869,0.5573,0.7247,0.4658,0.3148,0.0886,0.0525,0.1392,3
3.38,-1.8371,2.6094,0.7471,0.7334,0.4447,0.3133,0.0947,0.0534,0.1393,3
3.4,-0.659,2.0102,0.6905,0.735,0.4124,0.293,0.1071,0.0543,0.1362,3
3.42,0.2711,1.9342,0.3257,0.7867,0.4406,0.282,0.1048,0.0532,0.1294,3
3.44,0.3468,-1.5849,1.076,0.7889,0.4786,0.3043,0.1489,0.0525,0.1352,3
3.46,0.8669,-2.1916,1.727,0.745,0.4603,0.3171,0.147,0.0541,0.1301,3
3.48,1.5934,-0.3715,1.9692,0.7157,0.4669,0.3122,0.1101,0.0549,0.1073,3
3.5,2.2627,0.2468,1.7211,0.7311,0.476,0.3077,0.1106,0.0535,0.0959,3
3.52,2.7705,-0.2382,1.9889,0.7537,0.478,0.3089,0.1327,0.0523,0.0957,3
3.54,1.6504,-0.1145,2.8993,0.75,0.4668,0.3042,0.1388,0.053,0.0936,3
3.56,-3.4254,0.2891,2.6402,0.755,0.4274,0.2805,0.1494,0.0535,0.0923,3
3.58,-3.5144,-1.0577,3.728,0.7726,0.4525,0.2821,0.1202,0.0528,0.0985,3
3.6,-3.7842,-1.6042,5.0315,0.7548,0.4731,0.2916,0.1048,0.0548,0.1209,3
3.62,-4.0682,-2.3545,3.3632,0.7513,0.4876,0.283,0.1026,0.0534,0.1331,3
3.64,-4.4872,-1.2374,0.4044,0.7496,0.4813,0.2976,0.0925,0.0526,0.1157,3
3.66,-3.8197,-0.0647,-0.8836,0.7417,0.4624,0.3128,0.0983,0.0533,0.0963,3
3.68,-2.3457,-0.1442,0.4376,0.7303,0.4501,0.3037,0.114,0.0542,0.0961,3
3.7,-2.522,0.2094,1.9591,0.7285,0.4576,0.2911,0.0859,0.0547,0.0974,3
3.72,-2.7815,-0.6898,0.999,0.7635,0.4841,0.2866,0.0913,0.0528,0.0979,3
3.74,0.5391,-3.1275,3.5141,0.7209,0.4993,0.3128,0.0895,0.0541,0.0968,3
3.76,2.9033,-2.9239,3.6116,0.7106,0.4651,0.3045,0.078,0.0535,0.0953,3
3.78,4.5455,-1.8091,2.5664,0.7059,0.4528,0.3023,0.0778,0.0538,0.0948,3
3.8,3.9412,-1.2406,2.6424,0.7119,0.4778,0.3148,0.0711,0.053,0.0846,3
3.82,1.3721,-0.6523,3.8729,0.7305,0.5007,0.3296,0.0604,0.0485,0.0715,3
3.84,-0.6511,1.4304,4.048,0.7479,0.4828,0.3305,0.0754,0.044,0.0782,3
3.86,-2.1917,2.7017,2.9554,0.7703,0.4975,0.3126,0.1004,0.0563,0.0928,3
3.88,-3.7824,3.7634,1.7875,0.7661,0.4737,0.3038,0.0548,0.056,0.0943,3
3.9,0.1752,3.9793,1.5433,0.7494,0.4658,0.2948,0.0542,0.0539,0.0967,3
3.92,1.0258,3.7899,0.2391,0.7788,0.4515,0.2814,0.0725,0.0551,0.0994,3
3.94,-1.1215,2.9941,-3.0355,0.7947,0.4419,0.2724,0.0852,0.0549,0.0985,3
3.96,-3.3144,1.9783,-6.5544,0.7712,0.4479,0.28,0.0885,0.0527,0.0916,3
3.98,-3.0007,1.2189,-7.8106,0.7499,0.4682,0.3047,0.0909,0.053,0.0845,3
4.0,1.0359,-0.3403,-7.747,0.7684,0.4966,0.3177,0.0857,0.0558,0.0938,3
4.02,-1.0774,0.138,-7.3799,0.7449,0.4638,0.3186,0.1112,0.0555,0.0943,3
4.04,-2.5954,1.49,-4.01,0.7445,0.4441,0.3087,0.0888,0.0456,0.0756,3
4.06,-5.1146,1.4556,-2.5854,0.7525,0.458,0.2964,0.0817,0.0433,0.0706,3
4.08,-6.1354,1.2554,-3.0232,0.7496,0.48,0.3015,0.0783,0.0469,0.0771,3
4.1,-5.1838,1.2093,-3.8366,0.7528,0.4892,0.32,0.0912,0.0525,0.0843,3
4.12,-3.9184,0.848,-3.7569,0.7759,0.4858,0.3316,0.1246,0.0564,0.0858,3
4.14,-3.7659,0.8346,-2.7063,0.7703,0.4848,0.3241,0.1158,0.0535,0.086,3
4.16,-6.7984,3.664,-4.5674,0.6986,0.4521,0.3016,0.1052,0.0514,0.0834,3
4.18,-6.8655,4.4357,-4.6666,0.7047,0.4565,0.3135,0.1003,0.0469,0.079,3
4.2,-5.4367,3.4804,-1.9115,0.7184,0.4883,0.3407,0.0957,0.0512,0.0736,3
4.22,-1.5465,3.3304,-1.4558,0.7303,0.5002,0.361,0.0841,0.0543,0.0595,3
4.24,2.6837,3.6057,-3.5387,0.7504,0.4866,0.3657,0.0765,0.0552,0.0479,3
4.26,5.3765,2.9449,-5.1074,0.7646,0.4708,0.3574,0.0724,0.0572,0.0385,3
4.28,7.6958,1.5617,-4.3732,0.7299,0.4709,0.3411,0.0513,0.0597,0.0105,3
4.3,7.2999,-0.2873,-4.5091,0.7208,0.4674,0.3075,0.089,0.0578,0.0441,3
4.32,4.8078,-2.6123,-3.9077,0.7378,0.5006,0.3016,0.0606,0.0567,0.0484,3
4.34,2.5486,-1.8746,-2.156,0.758,0.4996,0.2866,0.0661,0.0573,0.05,3
4.36,0.7141,-1.0378,-1.2766,0.7457,0.5088,0.2773,0.0752,0.0569,0.049,3
4.38,-1.3066,0.05,-1.138,0.729,0.5012,0.2808,0.0664,0.0511,0.045,3
4.4,-2.8165,1.8487,-0.9008,0.7362,0.4813,0.3007,0.0514,0.043,0.0411,3
4.42,-2.2487,3.3346,-0.3722,0.7496,0.5009,0.3338,0.058,0.041,0.0424,3
4.44,-2.2758,4.3441,0.0457,0.7216,0.4679,0.3416,0.0603,0.0401,0.0494,3
4.46,-0.7325,3.7721,-0.7418,0.6977,0.4598,0.3371,0.084,0.0414,0.061,3
4.48,3.2829,0.0167,-1.6367,0.6832,0.4513,0.3362,0.0919,0.0533,0.0661,3
4.5,5.3511,-1.5263,-1.0208,0.6813,0.4441,0.3359,0.0843,0.0573,0.0679,3
4.52,5.7109,-1.937,0.3897,0.6947,0.4493,0.3352,0.0888,0.0563,0.0707,3
4.54,5.539,-2.1616,1.2688,0.7158,0.4679,0.3324,0.0994,0.0567,0.0765,3
4.56,4.9573,-1.3645,1.0875,0.7244,0.4882,0.3237,0.0902,0.0564,0.0806,3
4.58,3.2378,-0.2318,0.8785,0.6975,0.4982,0.304,0.0903,0.0443,0.0681,3
4.6,2.7443,-0.0446,1.2953,0.7154,0.4705,0.3125,0.0717,0.0491,0.0709,3
4.62,2.5073,-0.6834,0.9675,0.7059,0.5154,0.3005,0.0641,0.046,0.0744,3
4.64,0.298,0.127,0.51,0.7239,0.5231,0.2951,0.069,0.0501,0.0817,3
4.66,-0.9811,0.5104,0.0301,0.7503,0.5011,0.2922,0.0704,0.0519,0.0831,3
4.68,-0.4841,-0.0702,-0.4472,0.7541,0.4849,0.2938,0.0686,0.0496,0.0807,3
4.7,0.5407,-0.786,-0.5736,0.7351,0.4917,0.3021,0.0722,0.048,0.0837,3
4.72,1.5818,-1.4539,0.271,0.7353,0.5002,0.3048,0.0758,0.0463,0.0916,3
4.74,2.5484,-1.1902,-0.3941,0.7007,0.4666,0.3169,0.0916,0.0584,0.0923,3
4.76,2.4667,-1.6566,-0.8395,0.7128,0.4464,0.3157,0.0682,0.0562,0.0949,3
4.78,1.9731,-1.2476,-0.7411,0.7094,0.4677,0.3159,0.0724,0.0582,0.0965,3
4.8,1.3929,-1.6267,-0.1454,0.7144,0.4842,0.312,0.0752,0.0592,0.0965,3
4.82,0.2115,-1.4168,0.6487,0.7374,0.4804,0.3065,0.0729,0.0589,0.0951,3
4.84,-1.1381,-0.0633,1.3352,0.752,0.4777,0.3033,0.0641,0.0583,0.0937,3
4.86,-0.8696,-0.1925,1.7225,0.7266,0.5066,0.3014,0.0382,0.0554,0.0936,3
4.88,-0.6559,0.0141,1.3633,0.7658,0.5397,0.3055,0.0704,0.0575,0.0946,3
4.9,-0.6397,-0.5414,1.5666,0.7151,0.4936,0.3009,0.0616,0.0579,0.0943,3
4.92,-1.6607,-0.1822,0.6375,0.7413,0.48,0.3039,0.0434,0.0564,0.0932,3
4.94,-3.2341,0.364,-0.7781,0.7578,0.4814,0.3092,0.0563,0.0554,0.0937,3
4.96,-4.0479,0.3355,-1.9668,0.7497,0.4729,0.3126,0.0543,0.0514,0.0908,3
4.98,-3.4277,0.1767,-2.2378,0.7305,0.4601,0.3145,0.0286,0.0491,0.0858,3
5.0,-2.0953,0.6619,-1.2435,0.7138,0.469,0.3161,0.0341,0.0554,0.0865,3
5.02,-1.8342,-0.3261,0.2896,0.7357,0.4868,0.3133,0.0739,0.0477,0.088,3
5.04,-0.9515,-1.1081,0.7282,0.7055,0.5054,0.3088,0.0833,0.0531,0.0913,3
5.06,0.872,-0.7051,1.303,0.702,0.4955,0.318,0.0825,0.0551,0.0933,3
5.08,1.6673,-0.4982,2.4002,0.7146,0.4949,0.324,0.0755,0.0538,0.0963,3
5.1,1.2758,-0.1683,2.358,0.7419,0.4989,0.3195,0.079,0.0534,0.0923,3
5.12,0.728,-0.135,1.5782,0.7591,0.4957,0.3098,0.0797,0.0551,0.0886,3
5.14,0.8101,-0.5724,1.2649,0.7457,0.4868,0.307,0.0571,0.0558,0.0919,3
5.16,0.7075,0.5434,0.0877,0.7346,0.4918,0.3172,0.0364,0.0526,0.0809,3
5.18,1.0881,0.2116,0.939,0.754,0.4936,0.31,0.082,0.0518,0.0945,3
5.2,0.5685,-0.0972,1.3559,0.7377,0.4939,0.3092,0.047,0.0575,0.0924,3
5.22,0.1983,-0.5417,1.5506,0.7469,0.4939,0.3167,0.0702,0.0585,0.093,3
5.24,0.5422,-0.2541,1.4032,0.738,0.4897,0.3096,0.0636,0.058,0.0946,3
5.26,0.8519,-0.0466,1.2815,0.7268,0.4864,0.2991,0.0502,0.0579,0.0954,3
5.28,0.651,-0.1582,1.2701,0.7385,0.4836,0.3045,0.0657,0.0581,0.0951,3
5.3,0.7119,1.0998,0.7886,0.7426,0.4712,0.317,0.0521,0.058,0.0938,3
5.32,0.2057,2.196,0.5761,0.6925,0.4719,0.3032,0.0493,0.0573,0.0971,3
5.34,0.4309,4.8511,0.6498,0.7302,0.4874,0.3059,0.0603,0.0589,0.0949,3
5.36,0.0535,5.661,0.3463,0.7136,0.4763,0.3162,0.0705,0.0568,0.0932,3
5.38,-0.052,5.5716,0.3562,0.7019,0.4776,0.3253,0.07,0.0555,0.0957,3
5.4,-0.8493,5.2035,-0.6035,0.7141,0.4822,0.3211,0.0644,0.0559,0.0959,3
5.42,-1.9273,4.5654,-2.321,0.7332,0.4795,0.3077,0.0704,0.0573,0.0927,3
5.44,-1.4405,3.1316,-2.7983,0.741,0.4806,0.303,0.0881,0.0591,0.0921,3
5.46,-0.4813,0.0553,-2.4419,0.7647,0.4935,0.3069,0.0512,0.0593,0.0897,3
5.48,0.2529,-1.2946,-2.1803,0.7405,0.5266,0.3019,0.0618,0.059,0.0965,3
5.5,0.7747,-0.4355,-0.6051,0.7423,0.4842,0.3038,0.064,0.0595,0.0946,3
5.52,0.3311,0.4302,-0.4726,0.7246,0.4958,0.3107,0.0653,0.0591,0.0959,3
5.54,0.0963,2.4789,-1.1439,0.7238,0.4971,0.3168,0.0673,0.0569,0.0953,3
5.56,0.322,4.5988,-1.62,0.7305,0.4735,0.3236,0.0646,0.0552,0.0937,3
5.58,0.251,4.6716,-1.4641,0.7123,0.4786,0.3325,0.0565,0.0563,0.0952,3
5.6,-0.5476,3.5346,-0.6861,0.6965,0.5305,0.3343,0.0577,0.0558,0.0942,3
5.62,-1.6078,2.0799,-0.7672,0.7224,0.4841,0.3303,0.0663,0.0565,0.0976,3
5.64,-2.3318,0.0741,-1.2398,0.7035,0.4761,0.3193,0.0792,0.0566,0.096,3
5.66,-2.8317,-0.3557,-0.0713,0.6982,0.4835,0.3145,0.0636,0.0567,0.0945,3
5.68,-2.8612,0.8973,0.8583,0.6934,0.5067,0.3207,0.047,0.0543,0.0952,3
5.7,-2.5947,2.7115,1.0439,0.7033,0.5089,0.3265,0.0515,0.0532,0.0955,3
5.72,-2.4435,3.4653,0.7351,0.7198,0.4803,0.327,0.0624,0.0552,0.095,3
5.74,-2.4869,2.194,0.0133,0.7,0.4706,0.3323,0.0464,0.0557,0.0978,3
5.76,-1.4421,0.5519,-0.1161,0.6989,0.5012,0.3319,0.0698,0.0557,0.1003,3
5.78,-0.5722,-0.1652,0.7449,0.7174,0.4915,0.332,0.0736,0.0562,0.0962,3
5.8,-0.1706,-0.3533,0.5855,0.7321,0.4612,0.3305,0.0713,0.0555,0.095,3
5.82,0.0876,0.5246,-0.676,0.7294,0.4806,0.3306,0.0655,0.0578,0.0948,3
5.84,0.2936,0.2074,-1.4802,0.7314,0.4962,0.33,0.0632,0.0578,0.095,3
5.86,0.0875,-1.468,-1.8344,0.7448,0.4745,0.3295,0.0607,0.0555,0.0959,3
5.88,-0.5385,-2.3863,-2.9707,0.7465,0.4464,0.3318,0.0518,0.0555,0.0968,3
5.9,0.0251,-2.0995,-4.0316,0.7113,0.4479,0.3316,0.0535,0.0551,0.095,3
5.92,1.4559,0.3462,-2.0996,0.7209,0.4871,0.3185,0.0804,0.0566,0.0965,3
5.94,2.5498,0.3461,-0.1464,0.7143,0.4851,0.3189,0.0582,0.0563,0.0972,3
5.96,3.2312,-1.2777,1.2263,0.7065,0.4739,0.3181,0.0769,0.0559,0.098,3
5.98,3.228,-0.8486,1.2675,0.6895,0.4884,0.3185,0.0743,0.0551,0.0978,3
6.0,2.6716,0.4142,0.8353,0.6923,0.5116,0.3173,0.0698,0.055,0.0973,3
6.02,1.8328,0.3496,0.8524,0.7245,0.5102,0.3154,0.0894,0.056,0.0971,3
6.04,0.9049,0.725,0.6875,0.7315,0.4922,0.3238,0.0717,0.0567,0.0963,3
6.06,1.068,1.6859,0.0137,0.7165,0.5351,0.3261,0.0621,0.0566,0.0962,3
6.08,-0.5163,2.3054,-0.8344,0.7115,0.5057,0.3251,0.058,0.0588,0.0959,3
6.1,-0.2368,1.2358,-1.267,0.7144,0.4878,0.3233,0.0547,0.0567,0.0951,3
6.12,2.1159,-1.593,-0.8613,0.717,0.4829,0.3278,0.0788,0.0552,0.0956,3
6.14,3.3447,-3.1005,-0.125,0.7092,0.4723,0.3334,0.0908,0.0553,0.0975,3
6.16,3.1769,-2.9887,0.1697,0.6974,0.4505,0.3273,0.0776,0.0557,0.0991,3
6.18,4.2173,-3.8371,-0.3323,0.7049,0.4401,0.3055,0.0743,0.055,0.0983,3
6.2,4.2087,-3.9702,-1.1463,0.7462,0.4807,0.2965,0.0835,0.0549,0.0978,3
6.22,4.1132,-4.7415,-1.2962,0.7347,0.5211,0.3111,0.0716,0.0553,0.0959,3
6.24,2.112,-4.1069,0.0334,0.7396,0.5237,0.3114,0.055,0.0583,0.0953,3
6.26,0.1873,-2.603,0.2272,0.7529,0.545,0.3007,0.0573,0.0574,0.0946,3
6.28,-0.755,-1.2676,0.3671,0.7551,0.5224,0.2922,0.0569,0.0563,0.095,3
6.3,-1.2683,-0.1274,0.0111,0.7359,0.489,0.2897,0.0576,0.0568,0.0953,3
6.32,-1.7565,1.0513,-1.1048,0.7085,0.501,0.2919,0.0659,0.0574,0.0942,3
6.34,-1.2475,1.6104,-0.5242,0.7033,0.5065,0.3018,0.0567,0.057,0.0938,3
6.36,-1.7407,1.3756,0.4502,0.6927,0.4952,0.3066,0.0569,0.0578,0.0964,3
6.38,-1.6878,1.0608,-0.1276,0.7081,0.4894,0.31,0.0584,0.0565,0.0985,3
6.4,-0.9575,-0.645,-0.636,0.7091,0.4919,0.3135,0.0653,0.0584,0.0951,3
6.42,-1.2769,-1.3185,-0.7909,0.7188,0.4867,0.3234,0.0666,0.0571,0.0969,3
6.44,-1.7813,-1.15,-0.5735,0.7149,0.4911,0.3305,0.0768,0.0555,0.0984,3
6.46,-1.8135,-0.9352,-0.0752,0.7107,0.509,0.3278,0.083,0.0562,0.0972,3
6.48,-1.6127,-0.7202,0.3971,0.7422,0.5119,0.3194,0.0553,0.0569,0.0991,3
6.5,0.7407,-0.7295,0.0334,0.7182,0.4745,0.3138,0.0461,0.0578,0.0959,3
6.52,1.9512,-1.3506,-0.2357,0.7155,0.4634,0.3096,0.0432,0.0567,0.0997,3
6.54,1.9958,-1.6833,0.406,0.7289,0.4986,0.3162,0.077,0.0567,0.0963,3
6.56,0.994,-1.6822,-0.2777,0.7332,0.4812,0.3021,0.0697,0.0574,0.0947,3
6.58,0.3478,-1.3428,-0.9099,0.7235,0.4852,0.295,0.0588,0.0571,0.096,3
6.6,-0.3144,-0.6725,-1.0696,0.714,0.5054,0.3004,0.0467,0.057,0.0969,3
6.62,-1.5366,0.3496,-1.2201,0.7172,0.4971,0.304,0.0293,0.0581,0.0964,3
6.64,-1.7428,1.4994,-1.1175,0.7223,0.4957,0.3036,0.0536,0.0584,0.0993,3
6.66,-1.1093,0.3751,-1.0383,0.71,0.491,0.3063,0.0526,0.0561,0.0972,3
6.68,-0.9923,1.5989,-1.2398,0.7489,0.5053,0.3122,0.0465,0.0573,0.0959,3
6.7,-0.1853,2.0024,-0.9005,0.7403,0.4904,0.3131,0.0596,0.0569,0.0968,3
6.72,-0.1686,1.1959,-0.6327,0.7144,0.4921,0.3138,0.0642,0.057,0.099,3
6.74,-0.4017,0.7467,-0.4686,0.7121,0.5048,0.3101,0.0692,0.0569,0.0979,3
6.76,-0.2414,0.9283,-0.292,0.726,0.5088,0.3063,0.0709,0.0559,0.0958,3
6.78,-0.0427,0.5573,0.0174,0.7163,0.5054,0.3117,0.0505,0.0549,0.0985,3
6.8,-0.184,0.7572,1.028,0.7049,0.5198,0.3094,0.0423,0.0554,0.0981,3
6.82,0.6333,-0.4973,0.8123,0.6909,0.5291,0.303,0.083,0.0577,0.0979,3
6.84,0.3062,-0.4158,0.934,0.7139,0.5074,0.3194,0.0762,0.0584,0.0991,3
6.86,-1.3081,0.5777,1.5503,0.7076,0.518,0.3271,0.074,0.0568,0.1002,3
6.88,-3.0132,0.9676,0.4384,0.713,0.5089,0.3156,0.0658,0.0563,0.0991,3
6.9,-3.8207,0.1185,-0.7149,0.72,0.5036,0.3077,0.0438,0.0565,0.0975,3
6.92,-3.433,-0.8252,0.1783,0.7049,0.519,0.3119,0.0366,0.0555,0.0966,3
6.94,-2.2285,0.0547,1.1132,0.7022,0.4803,0.2953,0.0829,0.0545,0.0941,3
6.96,-1.2606,-0.3583,1.3839,0.7262,0.5036,0.3,0.0361,0.0545,0.0962,3
6.98,0.2205,-0.4538,1.4388,0.7494,0.4667,0.3081,0.0608,0.0529,0.0938,3
7.0,1.5726,0.4656,2.1699,0.7464,0.473,0.3109,0.0759,0.0554,0.0953,3
7.02,2.2074,0.1943,3.0221,0.732,0.4917,0.3117,0.0779,0.0569,0.0955,3
7.04,2.357,-0.6245,3.076,0.7269,0.4973,0.3119,0.0661,0.0578,0.0954,3
7.06,2.4383,-0.9927,2.574,0.7274,0.4951,0.3125,0.0414,0.0582,0.0961,3
7.08,2.4508,-1.0108,2.3716,0.7163,0.5005,0.3134,0.0279,0.0574,0.0974,3
7.1,1.7272,-1.3515,1.7562,0.7068,0.4918,0.3139,0.0932,0.0574,0.0992,3
7.12,0.1136,-0.5825,1.1033,0.7307,0.5062,0.3105,0.0644,0.056,0.0953,3
7.14,-0.2784,0.0096,-0.159,0.7183,0.5052,0.3119,0.0839,0.0552,0.0992,3
7.16,0.7556,-1.3623,0.2973,0.732,0.4792,0.3104,0.0719,0.0556,0.0982,3
7.18,1.3075,-1.135,0.946,0.7363,0.4692,0.3168,0.05,0.0546,0.0955,3
7.2,1.1914,-0.0059,0.9153,0.7213,0.465,0.3185,0.0491,0.0539,0.0942,3
7.22,1.1919,-0.2666,0.6614,0.7075,0.4641,0.3092,0.058,0.0549,0.095,3
7.24,1.4991,-1.5246,1.0737,0.7136,0.5045,0.3063,0.0354,0.0557,0.0969,3
7.26,1.3808,-0.7232,1.5649,0.7174,0.5384,0.3007,0.0374,0.0562,0.0953,3
7.28,0.5369,0.2183,0.9026,0.7102,0.4947,0.2948,0.0625,0.0551,0.0931,3
7.3,0.9221,-0.2122,0.2782,0.709,0.4903,0.2953,0.0543,0.0556,0.0932,3
7.32,0.4644,-0.9551,1.3679,0.7258,0.492,0.2992,0.069,0.0546,0.0949,3
7.34,-0.0161,-1.0524,2.0497,0.7159,0.5051,0.3025,0.0601,0.0543,0.0937,3
7.36,-0.1124,-0.1465,1.6307,0.7046,0.5083,0.304,0.0514,0.0547,0.093,3
7.38,0.0564,0.9066,1.0523,0.7258,0.4899,0.3031,0.0798,0.0546,0.0967,3
7.4,1.2217,0.3687,0.4438,0.704,0.508,0.2976,0.0632,0.0561,0.096,3
7.42,1.7414,1.7382,1.8925,0.7109,0.5178,0.3069,0.114,0.0524,0.1002,3
7.44,1.21,2.5942,1.5723,0.7049,0.5136,0.3099,0.0744,0.0516,0.0987,3
7.46,0.0713,2.0859,0.4374,0.7037,0.4716,0.3089,0.0709,0.0555,0.1006,3
7.48,-0.1758,0.1567,0.2343,0.7165,0.467,0.3046,0.068,0.0561,0.0988,3
7.5,-0.0882,-1.0514,0.6501,0.7232,0.4682,0.3011,0.06,0.0547,0.0969,3
7.52,-0.0148,-0.9853,0.6608,0.7204,0.4644,0.3014,0.0409,0.0543,0.0976,3
7.54,0.4356,-1.1595,0.1504,0.7271,0.4896,0.3038,0.017,0.0541,0.0974,3
7.56,0.0244,-0.8715,0.5716,0.732,0.4744,0.301,0.0849,0.0541,0.0983,3
7.58,0.227,-0.4557,-0.331,0.7276,0.4641,0.3065,0.0808,0.0546,0.0994,3
7.6,-0.6349,-0.4252,-0.0442,0.7065,0.5021,0.3064,0.044,0.0532,0.0958,3
7.62,-1.2117,-0.0503,-0.5441,0.696,0.4954,0.3053,0.0604,0.0525,0.0975,3
7.64,-1.5428,0.2715,-0.8441,0.7186,0.4864,0.31,0.0525,0.0535,0.099,3
7.66,-1.663,0.424,-0.9227,0.7318,0.4842,0.3156,0.0514,0.0545,0.0984,3
7.68,-1.2422,0.452,-1.0095,0.7145,0.4736,0.3162,0.0825,0.0546,0.0976,3
7.7,-0.0723,0.1618,-0.5469,0.7192,0.4661,0.3139,0.0632,0.0554,0.0977,3
7.72,0.2374,-0.706,-0.1454,0.7171,0.4988,0.3078,0.0496,0.0544,0.0974,3
7.74,1.0225,-1.8646,-0.3066,0.7162,0.5079,0.3066,0.0646,0.0554,0.0932,3
7.76,0.8507,-2.3494,0.2242,0.7104,0.5073,0.3087,0.0666,0.057,0.0964,3
7.78,0.6063,-1.5213,0.5862,0.7176,0.4823,0.3018,0.0684,0.0546,0.0965,3
7.8,0.252,-0.9382,0.4991,0.7246,0.4842,0.2962,0.0759,0.0532,0.0959,3
7.82,0.4561,-0.8676,0.2835,0.7149,0.4986,0.2968,0.0856,0.0538,0.0971,3
7.84,1.439,-0.805,0.4227,0.6966,0.4884,0.3002,0.089,0.0543,0.0971,3
7.86,1.4156,-1.5492,0.9632,0.7052,0.4965,0.3062,0.0828,0.0575,0.0914,3
7.88,1.7748,-1.7312,1.1229,0.7116,0.484,0.3183,0.089,0.0561,0.0946,3
7.9,1.4845,-0.3527,0.294,0.7009,0.5124,0.3064,0.0314,0.0535,0.0949,3
7.92,1.0962,0.3048,-0.06,0.7071,0.473,0.3037,0.0454,0.0548,0.0924,3
7.94,1.4192,0.7078,-0.2803,0.7241,0.4599,0.3042,0.0501,0.054,0.0955,3
7.96,1.5206,0.801,-0.3284,0.7149,0.4713,0.3034,0.0488,0.0537,0.0986,3
7.98,1.2146,0.5124,-0.0422,0.6962,0.4808,0.3009,0.0518,0.0542,0.0967,3
8.0,1.0691,0.0708,0.3269,0.716,0.4867,0.297,0.051,0.0524,0.0929,3
8.02,-0.1295,-0.2898,-0.09,0.7331,0.4913,0.2897,0.0779,0.052,0.093,3
8.04,-1.603,-0.3046,0.4447,0.7089,0.4908,0.286,0.0483,0.0555,0.0992,3
8.06,-1.6838,0.0186,-0.0502,0.7409,0.5196,0.2861,0.0453,0.0539,0.0983,3
8.08,-1.2738,0.7842,-0.6391,0.7296,0.5331,0.2876,0.063,0.0549,0.0985,3
8.1,-0.8804,1.1063,-0.4682,0.7173,0.5248,0.2917,0.0494,0.0544,0.0961,3
8.12,-0.6793,0.7465,-0.2124,0.7201,0.5122,0.2999,0.0417,0.0528,0.0949,3
8.14,-0.2372,0.2163,-0.1695,0.7314,0.5023,0.3049,0.0544,0.0535,0.096,3
8.16,0.9308,-0.1046,0.4156,0.738,0.4876,0.2977,0.0425,0.0567,0.0942,3
8.18,1.6551,-1.5018,0.8895,0.7027,0.4933,0.2973,0.0628,0.0551,0.0966,3
8.2,2.0087,-1.7449,1.1484,0.7265,0.4928,0.3025,0.0592,0.0558,0.0949,3
8.22,2.0707,-0.6286,1.2475,0.717,0.492,0.3038,0.0546,0.0546,0.096,3
8.24,0.5164,1.0744,0.562,0.731,0.4939,0.3039,0.0747,0.0543,0.097,3
8.26,-0.4352,0.858,0.0039,0.7381,0.4938,0.3031,0.0741,0.0545,0.0974,3
8.28,-0.5196,0.5823,-0.0962,0.7146,0.495,0.2998,0.0519,0.0546,0.0963,3
8.3,-0.5923,1.3993,-0.0718,0.6919,0.5007,0.2919,0.0417,0.0543,0.095,3
8.32,-0.559,0.1335,-0.2096,0.7235,0.507,0.2828,0.0578,0.0541,0.0977,3
8.34,-0.3736,-0.8322,-0.1487,0.7164,0.5172,0.2967,0.0556,0.0566,0.0989,3
8.36,-0.4238,-1.1928,0.5233,0.7172,0.4894,0.2977,0.0625,0.0537,0.096,3
8.38,-1.0358,-0.9825,0.2331,0.7362,0.478,0.2962,0.0571,0.0547,0.0945,3
8.4,-0.7614,-0.191,0.1348,0.73,0.4848,0.3005,0.0396,0.0543,0.0944,3
8.42,-0.7365,-0.188,0.0643,0.7211,0.4769,0.2993,0.0366,0.0528,0.0963,3
8.44,-0.4401,-0.9354,-0.1633,0.7202,0.4688,0.2956,0.0523,0.0532,0.0967,3
8.46,0.7086,-1.3133,-0.3297,0.7164,0.4817,0.2985,0.0655,0.0552,0.0937,3
8.48,0.7253,-0.8626,-0.1878,0.7039,0.484,0.3023,0.0579,0.0549,0.0928,3
8.5,0.2557,-0.1186,-0.5958,0.6915,0.4965,0.2997,0.0493,0.0559,0.0944,3
8.52,0.131,-0.1548,-0.4424,0.6998,0.4997,0.2995,0.0505,0.0544,0.0965,3
8.54,-0.1951,-0.2652,-0.3023,0.7086,0.4985,0.3008,0.03,0.0549,0.0979,3
8.56,-0.5415,-0.0037,-0.6668,0.7198,0.5024,0.2914,0.0454,0.0549,0.0952,3
8.58,-0.4019,0.0853,-0.7828,0.7213,0.5149,0.2861,0.0576,0.0543,0.0946,3
8.6,0.1182,0.0752,-0.7065,0.7273,0.5167,0.2889,0.0544,0.0545,0.0953,3
8.62,0.3929,0.4188,-0.7928,0.7442,0.4934,0.2905,0.0599,0.0555,0.093,3
8.64,0.1028,0.7109,-0.1747,0.7256,0.4765,0.2896,0.0667,0.0545,0.0941,3
8.66,-0.1211,0.5294,0.0425,0.7297,0.5183,0.2934,0.0831,0.0543,0.0934,3
8.68,-0.6314,0.3687,0.0529,0.7115,0.4907,0.2959,0.0611,0.0557,0.0949,3
8.7,-0.6009,-0.2394,-0.0283,0.7182,0.5083,0.2966,0.0435,0.0572,0.0966,3
8.72,-0.3545,0.6333,-0.1085,0.7131,0.5075,0.3014,0.0598,0.0568,0.0964,3
8.74,-0.0951,1.4893,-0.1501,0.7059,0.4984,0.3008,0.0805,0.0555,0.0943,3
8.76,0.3702,1.3692,0.1558,0.7083,0.4937,0.2972,0.0835,0.0562,0.0938,3
8.78,0.8915,0.9819,0.7187,0.7167,0.4888,0.2996,0.0749,0.0587,0.0962,3
8.8,0.2532,0.7245,0.2467,0.7273,0.5,0.2989,0.0637,0.0574,0.0953,3
8.82,0.2382,1.3181,-0.1007,0.7104,0.4792,0.2989,0.071,0.057,0.0948,3
8.84,-0.3177,0.9823,-0.2634,0.7416,0.4984,0.298,0.0654,0.0558,0.0936,3
8.86,-0.6888,1.3941,0.1567,0.7342,0.5242,0.293,0.0685,0.0567,0.0962,3
8.88,-0.7705,1.4693,0.3946,0.7158,0.5038,0.288,0.0524,0.0548,0.0955,3
8.9,-0.1198,0.5143,0.7278,0.7141,0.4915,0.2927,0.0391,0.0536,0.0942,3
8.92,0.6265,0.1267,1.215,0.7247,0.5106,0.3002,0.0511,0.0551,0.095,3
8.94,0.6783,1.8056,1.3774,0.719,0.5147,0.2979,0.0721,0.0558,0.0955,3
8.96,1.4487,2.322,1.1474,0.689,0.4848,0.3014,0.0605,0.0537,0.0939,3
8.98,0.2912,0.7857,0.3916,0.7352,0.4993,0.3095,0.0809,0.0582,0.0968,3
9.0,0.2959,1.354,0.0166,0.6889,0.5252,0.2984,0.0328,0.0555,0.093,3
9.02,-0.0306,2.0666,-0.1596,0.7106,0.5152,0.3028,0.0683,0.0553,0.0938,3
9.04,0.1619,1.7101,-0.27,0.7141,0.5197,0.3022,0.0695,0.0562,0.093,3
9.06,0.2806,1.547,-0.3181,0.7029,0.5161,0.2993,0.0602,0.056,0.0922,3
9.08,-0.1328,1.8445,-0.5105,0.7166,0.5037,0.2989,0.0633,0.0552,0.0928,3
9.1,-0.5025,1.6219,-0.7413,0.7452,0.5152,0.2976,0.0511,0.0563,0.0927,3
9.12,-0.1349,1.9363,0.1994,0.7132,0.5181,0.2967,0.061,0.0582,0.0925,3
9.14,0.0188,1.7389,-0.1647,0.6971,0.5102,0.3004,0.0564,0.0572,0.0937,3
9.16,-0.0917,2.5477,-0.6276,0.6907,0.4939,0.2957,0.0371,0.0561,0.0918,3
9.18,-0.2275,1.4599,-1.2622,0.6999,0.4785,0.3051,0.0637,0.057,0.0941,3
9.2,0.1177,0.7101,-1.1674,0.6947,0.4695,0.3077,0.07,0.0573,0.0952,3
9.22,0.155,1.0532,-1.1961,0.6966,0.4768,0.3067,0.0608,0.0576,0.0953,3
9.24,-0.1638,1.8607,-1.3827,0.7034,0.4894,0.3086,0.0557,0.0588,0.095,3
9.26,0.1185,2.2794,-0.9423,0.6968,0.4864,0.3103,0.0544,0.0596,0.0934,3
9.28,0.8847,2.0816,-1.1554,0.7316,0.4822,0.3088,0.0673,0.0573,0.0936,3
9.3,0.942,1.5339,-1.094,0.7129,0.4929,0.3077,0.0707,0.0572,0.0923,3
9.32,0.602,2.0027,-1.7401,0.7107,0.522,0.3053,0.0558,0.0578,0.0938,3
9.34,0.5264,2.2089,-1.9881,0.6938,0.5075,0.3086,0.04,0.0569,0.095,3
9.36,0.1975,1.7005,-2.1349,0.6999,0.5042,0.309,0.0409,0.0587,0.0932,3
9.38,-0.0978,0.6993,-2.2926,0.7124,0.5072,0.306,0.0533,0.0604,0.0915,3
9.4,-0.213,0.1414,-2.5417,0.7115,0.5049,0.304,0.0655,0.0598,0.0926,3
9.42,-0.4007,0.2612,-2.7598,0.7058,0.5129,0.3054,0.0649,0.059,0.0946,3
9.44,-0.493,-1.0314,-2.2162,0.7102,0.5402,0.3082,0.0376,0.0589,0.0921,3
9.46,-0.1001,-1.628,-1.7335,0.7125,0.5044,0.3205,0.0664,0.0549,0.0932,3
9.48,-0.6117,-2.4689,-2.1666,0.6982,0.5108,0.3035,0.0456,0.0564,0.0949,3
9.5,-0.0294,-3.6558,-2.6973,0.7032,0.49,0.3011,0.043,0.0566,0.0936,3
9.52,0.2232,-3.4636,-2.5144,0.6903,0.4894,0.3038,0.0604,0.0583,0.0943,3
9.54,0.2396,-2.2007,-1.9739,0.6919,0.5075,0.3019,0.0753,0.0604,0.0967,3
9.56,0.0626,-1.499,-1.7109,0.6899,0.5248,0.2997,0.066,0.0598,0.0962,3
9.58,-0.2993,-2.0386,-1.797,0.6596,0.529,0.303,0.0409,0.0572,0.0918,3
9.6,0.4284,-1.845,-1.5482,0.7105,0.5138,0.2983,0.0471,0.0581,0.0915,3
9.62,-0.1349,-1.0761,-0.4039,0.7283,0.5089,0.2993,0.0608,0.0593,0.0902,3
9.64,-0.6311,0.3656,-1.4476,0.7284,0.5015,0.3042,0.0355,0.0576,0.094,3
9.66,-1.0732,0.1661,-0.9234,0.6916,0.5059,0.3097,0.0258,0.0558,0.0958,3
9.68,-0.8587,-1.3046,0.0261,0.6815,0.5069,0.3066,0.0444,0.0567,0.097,3
9.7,-0.3041,-1.3955,0.0887,0.684,0.5132,0.2972,0.05,0.0578,0.0959,3
9.72,-0.0309,-0.4283,-0.5654,0.6958,0.522,0.2928,0.0555,0.0579,0.0948,3
9.74,-0.2199,-0.3843,-0.8009,0.7227,0.5238,0.2954,0.081,0.058,0.096,3
9.76,-0.2864,-0.2145,-0.2694,0.7223,0.5293,0.289,0.0549,0.0578,0.093,3
9.78,0.4332,-1.2192,-0.024,0.7144,0.5195,0.3004,0.0743,0.0572,0.0921,3
9.8,-0.3821,-1.7046,-0.0269,0.712,0.5254,0.3036,0.037,0.0589,0.092,3
9.82,-0.1497,-2.3972,0.6573,0.6738,0.522,0.2887,0.0335,0.0577,0.0909,3
9.84,0.2053,-1.6153,0.0529,0.6815,0.5262,0.2875,0.0289,0.0585,0.0911,3
9.86,0.2227,-0.8857,-0.4067,0.6937,0.5208,0.2975,0.0397,0.0586,0.0946,3
9.88,-0.1388,-0.4618,-0.4344,0.6839,0.5151,0.2995,0.0575,0.0584,0.0956,3
9.9,-0.5875,0.0257,-0.4944,0.6724,0.5194,0.2889,0.0535,0.0595,0.0914,3
9.92,-0.733,-0.6282,0.2046,0.6744,0.5059,0.288,0.0373,0.059,0.0928,3
9.94,-1.1675,-0.3992,-0.9284,0.6734,0.5175,0.3027,0.0878,0.0575,0.0914,3
9.96,-1.019,0.0806,-0.6056,0.6625,0.5354,0.3048,0.0531,0.0582,0.0945,3
9.98,-0.6758,-0.1926,-0.6889,0.7003,0.5177,0.2941,0.0598,0.0566,0.0926,3
10.0,-0.2767,-0.0087,-0.4008,0.7077,0.506,0.2926,0.0693,0.0586,0.0936,3
10.02,-0.2651,0.1296,-0.0794,0.6936,0.509,0.2977,0.0602,0.06,0.094,3
10.04,-0.1611,0.6944,0.1261,0.692,0.5131,0.3026,0.0632,0.0586,0.0932,3
10.06,0.332,1.1169,0.1358,0.7003,0.507,0.3047,0.0796,0.0565,0.0941,3
10.08,0.5036,-0.7588,-0.2557,0.6775,0.4999,0.3041,0.059,0.0568,0.0967,3
10.1,0.7426,-1.6721,-0.1807,0.6476,0.5142,0.3044,0.0955,0.0596,0.0951,3
10.12,0.7218,-1.3916,0.0906,0.6979,0.5234,0.3088,0.0577,0.0567,0.0914,3
10.14,0.2068,-0.3507,1.0891,0.6864,0.5222,0.2987,0.0502,0.0566,0.094,3
10.16,-0.0038,-0.5453,0.5964,0.6973,0.5138,0.2975,0.0609,0.0582,0.0939,3
10.18,-0.0487,-0.7547,0.0807,0.7285,0.523,0.2987,0.075,0.0599,0.0937,3
10.2,-0.263,-0.3968,0.2176,0.7305,0.5303,0.2939,0.0801,0.0601,0.095,3
10.22,-0.4976,-0.1177,0.516,0.6885,0.5163,0.2903,0.0819,0.0578,0.0953,3
10.24,-0.3309,-0.4979,0.3598,0.6581,0.5055,0.2995,0.095,0.0548,0.0928,3
10.26,-0.2447,-0.3082,-0.1225,0.7022,0.5423,0.3007,0.0983,0.0578,0.0948,3
10.28,0.0462,-0.1526,0.7272,0.6913,0.5578,0.2965,0.0623,0.0547,0.0953,3
10.3,0.2632,1.2632,0.4383,0.7227,0.5051,0.2921,0.0977,0.0567,0.0934,3
10.32,0.39,0.1303,0.4307,0.6997,0.4898,0.2924,0.0715,0.0579,0.095,3
10.34,1.0837,-2.5882,0.3539,0.6958,0.5075,0.2972,0.0597,0.0556,0.0972,3
10.36,1.7035,-3.9294,0.8446,0.6907,0.5182,0.3014,0.0537,0.0541,0.0951,3
10.38,1.3838,-3.0504,1.2481,0.6845,0.5182,0.2993,0.0451,0.0549,0.0919,3
10.4,0.449,-2.0862,0.589,0.7031,0.528,0.2924,0.0596,0.055,0.0938,3
10.42,0.5777,-3.0747,0.7796,0.687,0.5231,0.2911,0.0815,0.055,0.096,3
10.44,0.6844,-3.4636,0.3732,0.7119,0.5165,0.2837,0.0699,0.056,0.0984,3
10.46,-0.0747,-2.0584,1.0565,0.7053,0.5217,0.2891,0.0741,0.0536,0.0958,3
10.48,-0.2672,-1.0023,0.6755,0.7051,0.5082,0.289,0.0633,0.0545,0.0938,3
10.5,-0.618,-0.6657,0.3463,0.6979,0.4913,0.2763,0.066,0.0542,0.0939,3
10.52,-0.5155,-1.1989,0.7849,0.6956,0.5044,0.2768,0.0599,0.0539,0.0928,3
10.54,-0.1349,-0.2461,1.8462,0.716,0.518,0.2819,0.0505,0.0536,0.093,3
10.56,-0.2001,2.7878,3.5206,0.7444,0.5075,0.2767,0.0602,0.0518,0.0956,3
10.58,-0.3157,3.2977,6.0182,0.7382,0.5238,0.2842,0.0735,0.0501,0.0947,3
10.6,1.483,0.8027,5.8227,0.754,0.5274,0.2761,0.0481,0.0499,0.1005,3
10.62,1.9977,1.0311,6.7116,0.7135,0.505,0.2973,0.0327,0.0495,0.0945,3
10.64,1.3773,0.0237,6.4014,0.7251,0.5073,0.2937,0.0646,0.0523,0.0915,3
10.66,1.2758,-1.0008,7.6667,0.7525,0.5239,0.2888,0.0678,0.0512,0.0953,3
10.68,0.8349,-1.6692,8.6663,0.7585,0.514,0.2889,0.0578,0.0507,0.0967,3
10.7,0.1179,-1.4621,8.4583,0.7405,0.5012,0.2852,0.07,0.0524,0.0937,3
10.72,-0.1046,-0.3214,7.4097,0.7234,0.5074,0.2804,0.082,0.0536,0.0906,3
10.74,0.2624,1.0634,6.0751,0.721,0.5089,0.2898,0.0549,0.0522,0.0898,3
10.76,0.0601,2.1809,4.8172,0.6994,0.5065,0.2981,0.0896,0.0499,0.0903,3
10.78,-0.9273,2.0666,2.4292,0.7302,0.4915,0.2941,0.0617,0.0517,0.095,3
10.8,0.2137,2.7589,-0.0241,0.7215,0.495,0.2913,0.0768,0.0501,0.0931,3
10.82,-0.0359,2.7426,-1.6489,0.7225,0.5005,0.2989,0.0386,0.0496,0.0927,3
10.84,-0.5849,2.844,-1.979,0.727,0.4918,0.2921,0.0395,0.0512,0.0922,3
10.86,-0.0108,3.0057,-2.0379,0.7191,0.498,0.288,0.0488,0.0504,0.094,3
10.88,0.8453,3.2921,-2.1266,0.7109,0.5232,0.2915,0.068,0.0492,0.0958,3
10.9,0.6264,3.6014,-1.9052,0.7249,0.5379,0.2895,0.1054,0.0518,0.0944,3
10.92,0.5235,2.9743,-1.9377,0.7464,0.5278,0.2897,0.0608,0.0525,0.0946,3
10.94,0.133,3.258,-1.8347,0.7294,0.5119,0.2973,0.0525,0.049,0.0918,3
10.96,0.1561,2.8404,-2.9394,0.7115,0.5234,0.2934,0.0672,0.0551,0.0968,3
10.98,0.4809,3.3456,-3.391,0.7079,0.5339,0.2967,0.0619,0.0535,0.0949,3
11.0,1.183,3.8349,-3.8977,0.7003,0.5058,0.2936,0.0384,0.0527,0.0936,3
11.02,1.705,3.6924,-4.4288,0.7076,0.4794,0.2904,0.0382,0.0502,0.0936,3
11.04,1.3232,4.0463,-5.2215,0.7148,0.4754,0.2962,0.0561,0.0489,0.0933,3
11.06,0.836,4.5899,-6.2671,0.7032,0.491,0.3028,0.0616,0.051,0.092,3
11.08,1.67,3.3097,-6.8032,0.691,0.5173,0.2959,0.0553,0.0514,0.0909,3
11.1,1.2274,2.8084,-6.0511,0.7018,0.5241,0.3023,0.0779,0.0493,0.0928,3
11.12,0.0339,2.2868,-3.8312,0.7049,0.53,0.3071,0.0621,0.0525,0.0951,3
11.14,-0.209,2.5108,-1.9271,0.6944,0.5383,0.3027,0.085,0.0492,0.0917,3
11.16,-0.2763,2.7378,-0.7558,0.6827,0.5192,0.3074,0.062,0.0447,0.0832,3
11.18,-0.2449,2.1646,-0.2068,0.6854,0.4971,0.3133,0.0548,0.0447,0.0834,3
11.2,-0.4235,0.9809,-0.0105,0.6995,0.489,0.3105,0.0676,0.0472,0.0857,3
11.22,-0.6641,0.0678,-0.0994,0.6943,0.5135,0.3054,0.0857,0.0486,0.0856,3
11.24,-0.3199,-0.0906,-0.2326,0.6711,0.5486,0.3072,0.0893,0.0475,0.0864,3
11.26,0.688,-0.0576,0.2471,0.6981,0.5158,0.3039,0.0485,0.0453,0.0874,3
11.28,-0.1786,0.4316,0.3555,0.7099,0.4985,0.2906,0.0432,0.0504,0.0903,3
11.3,0.5543,-0.9451,0.3648,0.6651,0.5046,0.2926,0.0582,0.0472,0.0854,3
11.32,0.7358,-0.7061,0.2199,0.6807,0.5049,0.3074,0.0766,0.0489,0.0848,3
11.34,1.0157,0.1038,0.4306,0.6872,0.5129,0.3132,0.066,0.0502,0.0852,3
11.36,1.2506,0.3466,1.2002,0.6835,0.5188,0.3081,0.0547,0.0485,0.0854,3
11.38,1.0548,-0.0606,1.8023,0.6937,0.5045,0.3002,0.062,0.0477,0.0857,3
11.4,0.3307,-0.2933,1.3649,0.7017,0.4839,0.301,0.07,0.0489,0.0868,3
11.42,-0.4263,0.2026,0.4088,0.6766,0.4925,0.3116,0.0591,0.0491,0.0893,3
11.44,-0.3401,0.3244,1.401,0.6832,0.5116,0.3072,0.0715,0.0513,0.094,3
11.46,-0.2124,-1.6361,0.9167,0.6953,0.4998,0.2989,0.082,0.0469,0.0929,3
11.48,-0.1675,-1.8873,1.4057,0.7295,0.5088,0.3056,0.0593,0.0501,0.0896,3
11.5,-0.1788,-2.3867,1.9523,0.7195,0.5038,0.3018,0.05,0.052,0.091,3
11.52,0.4025,-3.0775,2.6093,0.6918,0.5113,0.2956,0.0629,0.0529,0.0905,3
11.54,0.7438,-2.8451,2.3603,0.6882,0.5126,0.2954,0.069,0.0525,0.091,3
11.56,0.5896,-1.7927,1.3687,0.6746,0.509,0.2947,0.0658,0.0527,0.0927,3
11.58,0.6952,-0.8237,0.2026,0.6397,0.5109,0.2922,0.0711,0.0537,0.0928,3
11.6,1.2681,-0.2745,-1.1154,0.6675,0.5092,0.3047,0.0817,0.0524,0.0918,3
11.62,-0.2347,-0.4583,-0.1814,0.7148,0.5271,0.3207,0.0716,0.0539,0.0906,3
11.64,-1.5231,0.9039,-0.9004,0.7272,0.5136,0.3003,0.0677,0.0553,0.0935,3
11.66,-1.7906,1.5474,-0.6987,0.7043,0.4822,0.2933,0.0663,0.0521,0.092,3
11.68,-0.76,0.9294,-0.9315,0.6841,0.4967,0.2971,0.0899,0.0542,0.0921,3
11.7,0.0206,0.1075,-0.7169,0.6894,0.5217,0.3021,0.0614,0.0544,0.091,3
11.72,-0.0581,0.2772,-0.1652,0.7129,0.5183,0.3079,0.0346,0.054,0.0895,3
11.74,-0.6187,0.8189,0.0753,0.7356,0.5215,0.3071,0.0449,0.0534,0.0906,3
11.76,-0.6531,0.3432,0.289,0.7389,0.5585,0.2946,0.0565,0.0513,0.0925,3
11.78,0.6416,-0.6045,1.868,0.7169,0.5403,0.2886,0.0606,0.0523,0.0888,3
11.8,0.8122,-0.5099,3.2543,0.7419,0.5074,0.3027,0.0951,0.0541,0.092,3
11.82,0.0467,-0.0269,3.3055,0.6722,0.5126,0.3073,0.0647,0.0533,0.0888,3
11.84,-0.6119,0.6793,2.2633,0.6543,0.4938,0.3012,0.0617,0.0522,0.0925,3
11.86,-0.3798,1.1724,0.5143,0.6871,0.5209,0.2991,0.0693,0.053,0.0918,3
11.88,-0.0466,1.13,0.2619,0.708,0.5153,0.2977,0.0581,0.0522,0.0924,3
11.9,-0.0113,0.6944,0.7108,0.7108,0.5131,0.3,0.0443,0.0526,0.0926,3
11.92,-0.0162,0.1702,0.3944,0.7112,0.533,0.303,0.051,0.0539,0.0917,3
11.94,0.1007,-0.2225,-0.2971,0.7117,0.5292,0.2982,0.0675,0.0515,0.0929,3
11.96,-0.2099,-0.2705,-0.1842,0.7211,0.5455,0.2925,0.0652,0.0491,0.0914,3
11.98,-0.38,0.156,-1.2059,0.715,0.5442,0.2973,0.0882,0.0534,0.0898,3
12.0,-0.441,0.4395,-0.5757,0.6908,0.5453,0.2984,0.0765,0.054,0.0923,3
12.02,-0.1244,0.0958,-0.33,0.7118,0.5241,0.3045,0.0735,0.053,0.0931,3
12.04,-0.5762,0.4291,-0.1173,0.7186,0.5176,0.3065,0.0614,0.054,0.0936,3
12.06,-0.9778,0.3166,0.3156,0.7156,0.5314,0.3044,0.0594,0.0552,0.0938,3
12.08,-0.2797,-0.0655,0.5925,0.6876,0.5287,0.2966,0.0689,0.0534,0.0934,3
12.1,0.7515,-0.1078,0.2724,0.662,0.4994,0.2928,0.0782,0.0514,0.0922,3
12.12,0.3525,-0.2294,-0.3343,0.6962,0.4871,0.3054,0.0818,0.0542,0.0911,3
12.14,-0.5373,-0.8027,-0.137,0.7159,0.5129,0.3126,0.0729,0.0534,0.0927,3
12.16,-0.7522,-1.0353,-0.0258,0.7198,0.5385,0.3083,0.0262,0.0534,0.0949,3
12.18,0.1655,-0.0444,0.7745,0.7172,0.5149,0.3145,0.0585,0.0531,0.0909,3
12.2,-0.0431,1.0132,0.7257,0.705,0.4995,0.3095,0.0734,0.0521,0.0904,3
12.22,0.2433,1.6708,0.1896,0.7041,0.5078,0.3,0.0575,0.0531,0.0915,3
12.24,0.4563,1.7337,0.2158,0.7104,0.5306,0.296,0.0455,0.0488,0.0881,3
12.26,0.4199,1.0293,0.3977,0.6981,0.5343,0.2997,0.054,0.0446,0.0856,3
12.28,0.1582,0.4547,-0.1487,0.6817,0.5144,0.3008,0.0717,0.0448,0.087,3
12.3,-0.5032,1.1986,-0.7844,0.704,0.5095,0.2899,0.0742,0.0433,0.0849,3
12.32,-0.3899,1.2598,0.5946,0.7071,0.5223,0.2844,0.0357,0.0456,0.0839,3
12.34,-0.6697,0.1413,0.8851,0.6845,0.5215,0.3058,0.0676,0.0447,0.081,3
12.36,-0.7514,0.7747,0.717,0.708,0.5482,0.2991,0.0456,0.031,0.0674,3
12.38,-0.2112,0.6195,1.0528,0.683,0.4955,0.3034,0.0435,0.0386,0.0746,3
12.4,-0.1463,0.3676,1.4503,0.7038,0.4909,0.3077,0.0324,0.0409,0.0756,3
12.42,0.026,0.1693,1.1682,0.7075,0.4959,0.3033,0.0488,0.04,0.0764,3
12.44,0.0325,-0.0201,0.8524,0.6911,0.498,0.3048,0.0605,0.0456,0.0833,3
12.46,-0.2979,-0.0243,0.8861,0.6953,0.5201,0.3133,0.0353,0.0538,0.0908,3
12.48,-0.3363,0.3508,0.4056,0.7025,0.5461,0.3061,0.0228,0.0527,0.093,3
12.5,-1.2284,0.6223,-0.0702,0.6803,0.5425,0.3017,0.0473,0.0519,0.0953,3
12.52,-1.9947,0.1343,0.2313,0.7191,0.5218,0.2971,0.0502,0.0534,0.0935,3
12.54,-2.1907,1.3284,0.1346,0.7156,0.5497,0.2906,0.0434,0.0527,0.0913,3
12.56,-1.2503,0.5388,0.5492,0.7174,0.5187,0.2971,0.0555,0.0522,0.091,3
12.58,-1.1208,-0.4326,0.6877,0.7221,0.5164,0.3095,0.0516,0.0493,0.0893,3
12.6,-0.8545,-1.3382,0.6152,0.7066,0.5244,0.3021,0.0398,0.0497,0.0902,3
12.62,-0.6122,-1.3166,0.3653,0.6952,0.5221,0.2907,0.0409,0.0523,0.0923,3
12.64,-0.8184,-0.5638,0.0614,0.7012,0.5092,0.2968,0.0547,0.0537,0.0906,3
12.66,-0.7454,-0.56,0.0221,0.6994,0.4977,0.3063,0.0588,0.0549,0.0868,3
12.68,-0.5942,0.1262,-0.003,0.7182,0.5316,0.3057,0.0464,0.0558,0.0901,3
12.7,-0.0016,-0.7575,0.2359,0.7146,0.5106,0.3142,0.0463,0.0529,0.0896,3
12.72,0.21,-0.7243,1.2246,0.687,0.5043,0.3046,0.073,0.0533,0.0861,3
12.74,0.805,0.17,1.3542,0.714,0.5013,0.2992,0.0578,0.0528,0.0848,3
12.76,1.2147,0.1547,1.5352,0.7059,0.5176,0.3093,0.0399,0.0524,0.0876,3
12.78,0.9496,-0.7553,1.8297,0.7039,0.5175,0.3229,0.0398,0.0541,0.0893,3
12.8,0.0936,-1.1075,1.8493,0.7228,0.4984,0.3188,0.049,0.0549,0.0858,3
12.82,-0.3544,-0.7597,1.5615,0.718,0.4782,0.2997,0.0618,0.0531,0.0822,3
12.84,0.2985,-0.9333,1.2782,0.6822,0.4725,0.2932,0.0712,0.0522,0.0853,3
12.86,0.413,-0.7544,0.84,0.7193,0.5063,0.3069,0.0362,0.0538,0.0861,3
12.88,-0.4802,-0.5096,0.5092,0.7121,0.4852,0.3013,0.0533,0.0526,0.0839,3
12.9,-0.4431,-0.1145,0.6182,0.7104,0.5337,0.2912,0.0756,0.0516,0.0842,3
12.92,-0.0455,1.3262,-0.444,0.6912,0.5136,0.2908,0.0544,0.0547,0.0848,3
12.94,0.1303,2.1734,-1.5737,0.6807,0.5074,0.3031,0.0523,0.053,0.0846,3
12.96,0.2275,2.1685,-1.3504,0.6861,0.506,0.313,0.0382,0.0508,0.0875,3
12.98,0.1099,1.7333,0.4457,0.6916,0.5015,0.3088,0.028,0.0507,0.0882,3
13.0,-0.112,1.654,1.8149,0.686,0.496,0.2998,0.0469,0.0515,0.0872,3
13.02,-0.1004,1.8245,1.3149,0.6868,0.5032,0.3001,0.0656,0.0526,0.0901,3
13.04,-0.0495,0.4923,1.4412,0.7183,0.542,0.3019,0.0353,0.0549,0.0896,3
13.06,0.4724,-0.7262,1.1717,0.6996,0.4972,0.3206,0.0467,0.0527,0.0911,3
13.08,-1.4863,-0.2001,-0.1449,0.7007,0.524,0.3076,0.0871,0.0512,0.0907,3
13.1,-0.7784,0.3141,-0.3991,0.6747,0.5555,0.2988,0.0806,0.0512,0.0919,3
13.12,-0.1303,-0.5806,-0.2972,0.6665,0.5432,0.3,0.0767,0.0524,0.0915,3
13.14,-0.082,-0.7566,0.1279,0.6786,0.5203,0.3016,0.0606,0.052,0.0933,3
13.16,-0.408,-0.6356,0.7094,0.6952,0.5179,0.3012,0.054,0.0516,0.0926,3
13.18,-0.578,-1.0281,1.1086,0.7057,0.5226,0.3034,0.0684,0.0529,0.0909,3
13.2,-0.4762,-1.9194,1.341,0.7023,0.5131,0.3095,0.0728,0.0541,0.092,3
13.22,-0.8133,-2.5412,1.3555,0.6746,0.5101,0.3104,0.0407,0.0528,0.0915,3
13.24,-1.7989,1.1433,-1.4276,0.6511,0.5341,0.2957,0.0374,0.0515,0.0954,3
13.26,-1.2201,0.8463,-2.8625,0.6936,0.5054,0.2982,0.0311,0.053,0.0968,3
13.28,-1.1477,-0.5953,-0.8656,0.6984,0.5252,0.3028,0.0145,0.0511,0.0957,3
13.3,-1.292,-0.2749,0.7348,0.6989,0.5257,0.3,0.0491,0.051,0.0942,3
13.32,-1.5225,0.9884,0.369,0.7024,0.5153,0.3036,0.0528,0.0512,0.0942,3
13.34,-0.9302,1.2972,0.5013,0.7199,0.5264,0.3035,0.0561,0.0501,0.095,3
13.36,-0.3853,-0.0495,0.8472,0.7248,0.5292,0.2996,0.0605,0.0509,0.094,3
13.38,-0.4284,-1.822,-0.0304,0.7037,0.509,0.2983,0.0661,0.0531,0.0915,3
13.4,-0.0031,-2.2398,-0.8307,0.6923,0.5061,0.2987,0.0979,0.0514,0.0917,3
13.42,-0.2342,-1.3464,-0.0088,0.6988,0.4852,0.3029,0.0723,0.0526,0.0943,3
13.44,-0.9576,0.7104,-0.4385,0.6892,0.5168,0.2935,0.0297,0.0541,0.0953,3
13.46,-1.1969,1.624,-0.3692,0.6906,0.5301,0.3014,0.0332,0.0503,0.094,3
13.48,-0.8544,0.5459,-0.0314,0.6524,0.514,0.2986,0.0599,0.0503,0.0959,3
13.5,-0.7673,0.3393,-1.0607,0.6635,0.5063,0.2977,0.0563,0.0505,0.0972,3
13.52,-0.6764,0.2359,-2.0298,0.6854,0.477,0.2984,0.0548,0.0502,0.0967,3
13.54,-0.4468,0.1519,-1.3599,0.7045,0.4845,0.298,0.0596,0.0517,0.0952,3
13.56,-0.2602,0.3869,0.3839,0.714,0.5315,0.2962,0.0618,0.0537,0.0934,3
13.58,-0.1557,0.6611,1.9582,0.7111,0.5376,0.2956,0.0594,0.0527,0.0925,3
13.6,0.0554,0.8449,3.6505,0.7331,0.5016,0.2986,0.0456,0.0501,0.0944,3
13.62,-0.4077,1.9234,2.778,0.7432,0.4895,0.2978,0.0571,0.0524,0.097,3
13.64,0.2113,-1.1824,4.8043,0.7201,0.4883,0.3175,0.035,0.0509,0.0966,3
13.66,-0.7499,0.0359,3.8784,0.7144,0.5069,0.3035,0.0853,0.053,0.0945,3
13.68,-1.2494,2.4873,2.389,0.7455,0.5085,0.2961,0.0707,0.0512,0.0959,3
13.7,-1.1251,2.667,1.1576,0.715,0.5047,0.3056,0.0773,0.0506,0.0962,3
13.72,-0.4164,0.8874,1.7888,0.6905,0.4949,0.3127,0.0645,0.0387,0.0799,3
13.74,0.0151,-0.5902,3.1447,0.7023,0.4972,0.3032,0.0447,0.0365,0.0763,3
13.76,-0.1085,-0.7558,3.3409,0.7158,0.5143,0.2934,0.0561,0.0521,0.0954,3
13.78,-0.0926,-0.7299,2.587,0.7143,0.5171,0.3058,0.0693,0.0528,0.0954,3
13.8,-0.7529,-1.0794,1.3412,0.6966,0.5129,0.312,0.0778,0.049,0.0931,3
13.82,-1.2977,0.5987,1.7238,0.74,0.5156,0.2976,0.0827,0.0507,0.0988,3
13.84,-1.6673,0.3846,0.5702,0.732,0.5172,0.2959,0.075,0.0513,0.0954,3
13.86,-1.9626,0.4006,-0.4304,0.7129,0.5028,0.3002,0.0747,0.0528,0.098,3
13.88,-1.8813,0.601,-0.3117,0.7321,0.4933,0.3103,0.0684,0.0501,0.0975,3
13.9,-1.167,0.2593,-0.3996,0.7304,0.497,0.3131,0.0585,0.0498,0.096,3
13.92,-0.7051,0.0255,-0.7039,0.7248,0.4926,0.3099,0.0625,0.0514,0.0958,3
13.94,-0.6765,-0.2664,-0.4945,0.7211,0.4845,0.3068,0.0725,0.0491,0.0933,3
13.96,-0.5501,-0.8429,0.2481,0.7045,0.4872,0.3033,0.0724,0.0432,0.0873,3
13.98,-0.5732,-0.348,0.5228,0.706,0.4881,0.2978,0.0754,0.0426,0.0869,3
14.0,-0.9989,0.09,-0.5747,0.7091,0.5203,0.3055,0.0735,0.0484,0.0953,3
14.02,-0.6115,-0.2432,-0.3573,0.6775,0.4871,0.3125,0.0354,0.0487,0.0945,3
14.04,-0.2669,-0.1512,-0.3855,0.7337,0.5164,0.3029,0.0675,0.0506,0.0987,3
14.06,-1.021,0.2517,0.084,0.7235,0.5097,0.3046,0.0544,0.0504,0.0959,3
14.08,-1.154,-0.222,0.0147,0.7015,0.4788,0.3139,0.0508,0.0507,0.0962,3
14.1,-1.6232,-0.4404,0.0897,0.6995,0.4844,0.3167,0.0608,0.0509,0.0975,3
14.12,-1.7989,0.4537,0.0631,0.7,0.4993,0.3123,0.0576,0.0507,0.0987,3
14.14,-0.9305,0.9912,-0.189,0.6873,0.4952,0.3085,0.0529,0.0492,0.0975,3
14.16,0.197,-0.477,0.1788,0.6909,0.4917,0.3075,0.0684,0.0484,0.0947,3
14.18,0.481,-1.6719,1.2532,0.7403,0.4871,0.3045,0.0648,0.0521,0.0995,3
14.2,-0.8964,1.6158,0.6857,0.7137,0.4953,0.3026,0.0727,0.0499,0.0981,3
14.22,0.5693,0.4732,1.2645,0.6725,0.4744,0.3065,0.0718,0.0482,0.0987,3
14.24,1.2306,-0.2394,1.1628,0.698,0.4876,0.3034,0.0816,0.0494,0.1011,3
14.26,0.5987,-0.6138,0.7155,0.6886,0.5111,0.3034,0.0985,0.0505,0.1016,3
14.28,-0.236,0.1836,0.8542,0.7061,0.5229,0.2997,0.0877,0.0505,0.1006,3
14.3,-0.8958,1.1604,0.6878,0.7198,0.5248,0.299,0.071,0.0507,0.1013,3
14.32,-1.2781,1.2024,-0.0249,0.7581,0.4634,0.317,0.1284,0.0572,0.1012,3
14.34,-1.4267,0.9012,-0.713,0.822,0.3764,0.3362,0.2249,0.0654,0.0996,3
14.36,-1.3401,0.9946,-0.9705,0.8437,0.3659,0.3293,0.2427,0.0652,0.0995,3
14.38,-0.7329,-0.0228,-0.8063,0.8319,0.3683,0.3293,0.2309,0.0644,0.098,3
14.4,-0.1677,-0.0335,-0.4794,0.8278,0.3912,0.3351,0.2434,0.0649,0.0995,3
14.42,0.4261,0.5161,0.2769,0.8546,0.3401,0.3371,0.2617,0.0646,0.0982,3
14.44,0.4637,0.8918,0.3407,0.8283,0.3494,0.3331,0.2295,0.0641,0.1017,3
14.46,0.7462,0.6352,-0.3187,0.8087,0.3659,0.3357,0.2247,0.0663,0.1014,3
14.48,0.9819,0.3752,-0.0505,0.8143,0.3491,0.333,0.2439,0.0656,0.0998,3
14.5,0.6466,0.0338,0.5774,0.8319,0.3513,0.3275,0.2358,0.0651,0.1002,3
14.52,0.4719,-0.0745,0.8921,0.8445,0.3748,0.3265,0.2278,0.0652,0.1013,3
14.54,0.6723,0.1433,1.1826,0.8464,0.3995,0.3289,0.2382,0.0642,0.1007,3
14.56,0.3078,0.4027,1.6273,0.8366,0.4089,0.3286,0.2412,0.0633,0.0992,3
14.58,-0.5207,0.8813,1.313,0.814,0.36,0.3276,0.2635,0.0646,0.1001,3
14.6,-0.8579,0.3778,0.8569,0.8193,0.374,0.3292,0.2412,0.065,0.1006,3
14.62,-0.9611,-0.4778,0.0633,0.819,0.3799,0.3307,0.2373,0.0639,0.099,3
14.64,-0.5086,-0.2775,0.0251,0.8532,0.3486,0.3319,0.2533,0.0643,0.0963,3
14.66,-0.4356,-0.7267,-0.0619,0.8372,0.3375,0.3269,0.2687,0.0654,0.0976,3
14.68,-0.5681,-0.3229,-0.228,0.8261,0.3543,0.3245,0.2574,0.0656,0.0973,3
14.7,-0.8041,0.1631,-0.349,0.8277,0.3765,0.3297,0.2374,0.0645,0.0956,3
14.72,-0.831,-0.2602,-0.6106,0.8307,0.3704,0.3304,0.2262,0.0648,0.0979,3
14.74,-0.7282,-0.3702,-0.7759,0.8289,0.3508,0.3258,0.2263,0.0657,0.1017,3
14.76,-0.643,0.4797,-0.4888,0.8248,0.3557,0.3316,0.2382,0.065,0.1007,3
14.78,-0.0131,-0.3529,-0.2093,0.8297,0.3632,0.3442,0.2525,0.0667,0.0991,3
14.8,0.5917,0.092,0.3075,0.8531,0.347,0.3312,0.2034,0.0682,0.0981,3
14.82,-0.2417,-0.4418,-0.8242,0.8255,0.344,0.3338,0.2128,0.0661,0.099,3
14.84,-0.2884,0.1512,-0.0083,0.8206,0.3816,0.3355,0.2002,0.0664,0.0969,3
14.86,0.0433,-0.264,-0.1706,0.8475,0.3733,0.3276,0.2402,0.0666,0.0992,3
14.88,-0.0598,0.1956,0.1007,0.8266,0.3582,0.331,0.2438,0.0663,0.1006,3
14.9,-0.3177,0.4311,0.3123,0.8402,0.3538,0.3325,0.2358,0.0654,0.099,3
14.92,-0.8707,0.2877,0.2216,0.8406,0.357,0.3273,0.2304,0.065,0.0986,3
14.94,-0.9137,0.4694,0.2295,0.8079,0.3714,0.3271,0.2277,0.066,0.0989,3
14.96,-0.1688,0.775,0.4038,0.8042,0.3858,0.3346,0.2285,0.0665,0.0974,3
14.98,-0.2051,0.2834,0.3248,0.8294,0.3734,0.3344,0.2313,0.0651,0.0972,3
15.0,-0.0628,-0.1453,0.5162,0.8274,0.3821,0.3301,0.2538,0.0657,0.0938,3
15.02,-0.2607,-0.2004,0.4466,0.8315,0.3615,0.341,0.2696,0.0653,0.0972,3
15.04,0.0616,0.1428,0.9811,0.8145,0.3558,0.3272,0.2522,0.066,0.0971,3
15.06,0.4707,0.5312,0.8053,0.8205,0.3741,0.3333,0.2375,0.0656,0.0962,3
15.08,0.3615,-0.1139,1.0105,0.836,0.3524,0.3439,0.2504,0.0645,0.0992,3
15.1,-0.1523,0.5527,0.5489,0.8408,0.3415,0.3391,0.2631,0.0641,0.101,3
15.12,0.002,1.18,0.0745,0.8113,0.3448,0.3316,0.2522,0.0662,0.101,3
15.14,0.1531,0.8908,-0.2225,0.801,0.3556,0.3296,0.2397,0.0677,0.099,3
15.16,-0.5149,0.1197,-0.6256,0.8249,0.3669,0.331,0.2461,0.0658,0.0958,3
15.18,-1.2627,-0.6417,-0.584,0.8279,0.3628,0.3326,0.2539,0.0635,0.0944,3
15.2,-1.6185,-0.2949,0.3047,0.8445,0.3562,0.3286,0.2484,0.0637,0.0954,3
15.22,-1.064,0.7355,-0.3695,0.8404,0.4094,0.3366,0.2425,0.0649,0.1009,3
15.24,-0.8085,0.4767,-0.0121,0.8309,0.353,0.3345,0.2279,0.0651,0.0967,3
15.26,-1.0405,0.4628,0.5545,0.8287,0.3858,0.3351,0.2117,0.0643,0.0984,3
15.28,-0.9661,0.0362,0.1801,0.8364,0.3677,0.3311,0.219,0.0642,0.0977,3
15.3,-0.5791,-0.3655,0.7235,0.8318,0.3698,0.3362,0.2071,0.0643,0.0977,3
15.32,0.1254,-0.125,0.6301,0.8219,0.3709,0.3378,0.2137,0.0651,0.1003,3
15.34,0.1884,0.7401,0.2072,0.8212,0.3629,0.333,0.2392,0.0651,0.1009,3
15.36,0.0361,1.2957,0.1656,0.8346,0.3566,0.3324,0.2483,0.0653,0.0992,3
15.38,0.363,0.8296,0.2316,0.84,0.35,0.3397,0.2322,0.0661,0.098,3
15.4,0.2195,0.0337,0.2004,0.8159,0.3385,0.3419,0.225,0.0644,0.0961,3
15.42,0.0596,0.0469,0.1038,0.8129,0.3435,0.3315,0.2444,0.0645,0.097,3
15.44,-0.1128,-0.034,0.0807,0.8073,0.3529,0.3314,0.2227,0.0644,0.0973,3
15.46,0.0008,-0.7154,-0.4062,0.8291,0.3531,0.3315,0.2204,0.0664,0.096,3
15.48,-0.1614,-1.2605,0.1823,0.8295,0.3692,0.3268,0.2063,0.0657,0.099,3
15.5,-0.034,-0.9311,0.0275,0.8369,0.3694,0.326,0.2222,0.0632,0.0962,3
15.52,-0.2758,-0.4917,0.2862,0.835,0.3539,0.3305,0.2246,0.064,0.0972,3
15.54,-0.9697,-0.3125,0.5264,0.8175,0.3618,0.3311,0.228,0.0651,0.0972,3
15.56,-0.9992,-0.0985,0.5128,0.8328,0.382,0.3302,0.2482,0.0647,0.0978,3
15.58,-0.4395,-0.0959,0.491,0.8429,0.3783,0.3291,0.2475,0.0641,0.1007,3
15.6,-0.338,-0.4333,0.5905,0.8086,0.3533,0.3283,0.2189,0.0646,0.1015,3
15.62,-0.407,-0.3284,0.618,0.8236,0.3484,0.3352,0.2322,0.0651,0.0995,3
15.64,-0.4002,-0.7519,0.1348,0.8149,0.3729,0.3359,0.2386,0.0648,0.0968,3
15.66,-0.7512,-0.8351,0.4317,0.8286,0.39,0.3368,0.243,0.0658,0.0968,3
15.68,0.2869,-0.3152,0.7126,0.847,0.3903,0.3368,0.2623,0.0642,0.0946,3
15.7,-0.609,-0.2947,0.1147,0.8423,0.3671,0.3284,0.2488,0.0662,0.0954,3
15.72,-0.7669,0.3047,0.1056,0.8284,0.3653,0.3265,0.236,0.0658,0.1004,3
15.74,-0.7398,-0.7719,0.4381,0.8396,0.3818,0.3318,0.2143,0.067,0.0969,3
15.76,-0.8265,-1.0458,0.4033,0.842,0.3582,0.3315,0.2316,0.0662,0.0966,3
15.78,-0.7647,-0.6441,0.0898,0.8416,0.3582,0.3293,0.2391,0.0648,0.0995,3
15.8,-0.6994,-0.4206,-0.1441,0.8558,0.3844,0.3325,0.22,0.0646,0.0987,3
15.82,-0.7992,0.1641,0.1323,0.8583,0.364,0.3362,0.2206,0.0643,0.0961,3
15.84,-0.6622,0.6183,1.0493,0.828,0.3432,0.336,0.2218,0.0643,0.0961,3
15.86,-0.7858,0.1488,0.7392,0.8213,0.3639,0.3387,0.2144,0.065,0.0955,3
15.88,-0.4901,-0.1376,0.2574,0.7899,0.363,0.3342,0.23,0.0657,0.098,3
15.9,-0.1348,-1.1386,0.4111,0.8168,0.3645,0.3371,0.2095,0.0655,0.0955,3
15.92,-0.3983,-1.4065,0.2539,0.8259,0.3482,0.3321,0.2355,0.0645,0.098,3
15.94,-0.4954,-0.9988,0.0397,0.8238,0.3562,0.3349,0.2328,0.0661,0.0991,3
15.96,-1.1655,-1.3063,-0.2037,0.8337,0.3604,0.3323,0.2163,0.064,0.0968,3
15.98,-0.6528,-1.1484,-0.3552,0.824,0.346,0.3312,0.1907,0.0631,0.0968,3
16.0,-0.0048,-0.9469,-0.7341,0.8193,0.3567,0.3302,0.2026,0.0641,0.0987,3
16.02,-0.258,-1.4107,-0.6628,0.824,0.3759,0.3317,0.2279,0.0636,0.0987,3
16.04,-0.579,-1.4096,-0.2543,0.8228,0.368,0.3329,0.2282,0.0622,0.0975,3
16.06,-0.3179,-0.0973,-0.7703,0.8286,0.3714,0.3254,0.2354,0.0633,0.0967,3
16.08,0.1632,0.2732,-0.1356,0.8159,0.3837,0.3316,0.2186,0.0638,0.0948,3
16.1,-0.2341,1.4782,0.5642,0.8264,0.3778,0.3324,0.2245,0.0645,0.0984,3
16.12,-0.6796,1.1983,0.282,0.8268,0.3687,0.3156,0.2232,0.0658,0.0985,3
16.14,0.7127,0.209,0.8885,0.7978,0.3745,0.3344,0.2285,0.0656,0.0965,3
16.16,0.1249,0.0653,1.0118,0.8172,0.3539,0.3286,0.2146,0.0652,0.097,3
16.18,0.2219,0.7608,0.6855,0.8305,0.3711,0.327,0.2311,0.0646,0.1,3
16.2,0.2888,1.0496,0.8087,0.8213,0.3619,0.3323,0.241,0.0647,0.0969,3
16.22,-0.0839,0.6352,0.6295,0.8225,0.3459,0.3302,0.2576,0.064,0.0945,3
16.24,-0.2131,0.2664,0.4187,0.8198,0.3434,0.3291,0.2444,0.064,0.0964,3
16.26,0.0582,0.2016,0.4084,0.8091,0.3602,0.3343,0.2079,0.0651,0.0983,3
16.28,0.0713,-0.0118,0.1878,0.816,0.3828,0.3325,0.2144,0.0649,0.0985,3
16.3,-0.1452,-0.2331,0.4022,0.8198,0.3615,0.3277,0.2298,0.0652,0.099,3
16.32,-0.0345,-0.1194,0.0778,0.8393,0.371,0.3335,0.2339,0.064,0.099,3
16.34,0.3495,0.425,0.1078,0.8139,0.3849,0.3284,0.2428,0.0649,0.0979,3
16.36,-0.375,0.6942,0.8823,0.8289,0.383,0.3184,0.2677,0.0659,0.0967,3
16.38,-0.2983,0.5061,0.4773,0.8303,0.3585,0.3365,0.251,0.0662,0.0975,3
16.4,-0.3043,0.1597,0.6147,0.8213,0.328,0.3384,0.2302,0.0633,0.0981,3
16.42,-0.6369,0.2147,0.845,0.8239,0.331,0.3303,0.2158,0.0642,0.0968,3
16.44,-0.1851,0.4621,0.7039,0.8368,0.3422,0.3311,0.2231,0.0646,0.0985,3
16.46,0.0217,0.3896,0.2784,0.8516,0.3589,0.3322,0.2512,0.0651,0.0995,3
16.48,-0.2726,0.1716,0.2154,0.8585,0.3639,0.3295,0.248,0.0653,0.0982,3
16.5,-0.2753,0.2756,0.5217,0.8487,0.361,0.3273,0.221,0.0651,0.097,3
16.52,-0.164,0.484,0.5151,0.8364,0.3738,0.3237,0.2353,0.0661,0.0965,3
16.54,-0.4071,0.3857,0.0444,0.8468,0.359,0.3254,0.2418,0.0647,0.097,3
16.56,-0.9718,0.8572,-1.8893,0.8163,0.35,0.3411,0.2386,0.0654,0.0954,3
16.58,-1.1785,0.1808,-1.0522,0.8148,0.3809,0.3373,0.2603,0.0649,0.0985,3
16.6,-0.3873,-0.0793,-0.0831,0.8019,0.3691,0.3322,0.236,0.0656,0.0977,3
16.62,0.5377,0.4472,0.9458,0.823,0.3767,0.3324,0.228,0.0638,0.0971,3
16.64,1.08,0.7559,1.3639,0.8241,0.3941,0.336,0.2368,0.0662,0.099,3
16.66,0.7388,0.7033,1.0976,0.8129,0.3815,0.3349,0.214,0.0667,0.0978,3
16.68,0.3934,0.572,0.8764,0.8043,0.358,0.3295,0.2181,0.0656,0.0985,3
16.7,0.3029,0.8515,0.7292,0.8185,0.3442,0.3254,0.2134,0.0651,0.0984,3
16.72,0.2581,1.2317,0.5252,0.8237,0.3525,0.3293,0.2006,0.0663,0.0964,3
16.74,0.0129,0.9481,0.4332,0.8109,0.3548,0.3369,0.2033,0.067,0.0966,3
16.76,-0.4795,0.094,0.3648,0.8178,0.3341,0.3362,0.2014,0.0655,0.0986,3
16.78,-0.8072,-0.4289,-0.0492,0.8266,0.3551,0.3299,0.2139,0.0654,0.097,3
16.8,-0.8759,-0.6945,-0.0789,0.852,0.366,0.3218,0.2266,0.0627,0.0946,3
16.82,-0.3624,-0.5108,0.2245,0.8121,0.3507,0.3288,0.2497,0.0665,0.0976,3
16.84,0.1801,-0.0892,0.4712,0.8036,0.3677,0.3239,0.2536,0.0633,0.0988,3
16.86,0.0786,-0.1018,-0.014,0.8312,0.3592,0.3327,0.2206,0.0647,0.0951,3
16.88,0.3421,0.597,0.2291,0.8116,0.3276,0.3353,0.2122,0.0637,0.0941,3
16.9,0.3971,0.6636,0.5848,0.8361,0.3394,0.331,0.2148,0.0654,0.097,3
16.92,0.0468,1.2317,0.3114,0.8493,0.353,0.3309,0.2218,0.0665,0.0984,3
16.94,-0.372,1.1454,0.1514,0.8249,0.3691,0.3355,0.2334,0.0669,0.0993,3
16.96,-0.2415,0.4701,-0.1775,0.8094,0.373,0.3333,0.2366,0.0646,0.1004,3
16.98,-0.087,0.4534,-0.3441,0.7971,0.3681,0.3288,0.2251,0.0638,0.0996,3
17.0,-0.4486,0.7735,0.3417,0.791,0.3799,0.3318,0.2221,0.0657,0.0985,3
17.02,-0.2955,0.4842,0.6373,0.8519,0.3825,0.3305,0.2352,0.0635,0.0999,3
17.04,0.1987,0.8875,0.3995,0.8452,0.3527,0.3268,0.2182,0.0689,0.0972,3
17.06,0.1575,1.4889,0.3918,0.7997,0.3286,0.3241,0.2638,0.0664,0.0989,3
17.08,0.1317,0.6405,0.716,0.7923,0.355,0.332,0.2408,0.0665,0.0983,3
17.1,-0.595,0.1182,-0.3305,0.8177,0.3603,0.335,0.2171,0.0633,0.0973,3
17.12,-0.016,0.5462,0.7302,0.8018,0.3591,0.3317,0.2528,0.0652,0.0968,3
17.14,0.2685,0.3848,0.8263,0.8146,0.3641,0.3426,0.2357,0.0643,0.0979,3
17.16,0.5155,-0.0224,0.7299,0.8331,0.3518,0.3356,0.2337,0.0651,0.096,3
17.18,0.4106,-0.4111,0.8571,0.8311,0.3572,0.3353,0.2376,0.0652,0.0964,3
17.2,0.0278,0.1886,0.8111,0.8434,0.3676,0.3368,0.2275,0.065,0.098,3
17.22,-0.0614,0.3976,0.7453,0.8394,0.3845,0.3301,0.2239,0.0647,0.0979,3
17.24,0.0659,-0.2508,0.7627,0.8168,0.3915,0.3288,0.2368,0.064,0.0969,3
17.26,-0.1653,-0.2109,0.5721,0.827,0.3713,0.3365,0.2321,0.064,0.0975,3
17.28,-0.4187,-0.0795,0.3476,0.8369,0.3703,0.3324,0.2075,0.0637,0.0988,3
17.3,0.0849,-0.0564,0.0266,0.8425,0.3462,0.3236,0.2365,0.0646,0.096,3
17.32,0.9141,-0.7976,0.1884,0.8121,0.3378,0.3325,0.2281,0.0627,0.0983,3
17.34,-0.5238,-0.1675,0.2079,0.8859,0.3879,0.331,0.2499,0.0641,0.0972,3
17.36,-0.9028,-0.3212,0.5562,0.8688,0.3642,0.3198,0.2358,0.0652,0.0975,3
17.38,-0.8383,-0.2566,0.3689,0.8192,0.3601,0.3188,0.2392,0.0656,0.1004,3
17.4,-0.4197,-1.2304,0.3367,0.8413,0.3683,0.3256,0.2206,0.0656,0.1011,3
17.42,-0.604,-2.3962,-0.3457,0.8484,0.3818,0.3327,0.2127,0.0629,0.1014,3
17.44,-0.4118,-1.7578,-0.829,0.8477,0.3707,0.3315,0.22,0.0637,0.101,3
17.46,-0.1136,-1.0136,-0.1518,0.8365,0.3491,0.3318,0.2207,0.0648,0.0979,3
17.48,-0.2302,-0.4225,0.7343,0.8405,0.349,0.3302,0.2219,0.064,0.0957,3
17.5,-0.1063,0.5041,0.7024,0.8466,0.3624,0.3252,0.2326,0.0643,0.0968,3
17.52,0.433,0.7378,0.2313,0.8361,0.3638,0.3258,0.2306,0.0658,0.0979,3
17.54,0.2701,0.14,0.0405,0.8407,0.3567,0.3281,0.2193,0.0658,0.0986,3
17.56,-0.155,-0.1442,-0.2503,0.811,0.3468,0.3276,0.243,0.0645,0.1016,3
17.58,-0.1957,-0.545,-0.1981,0.8525,0.359,0.329,0.2097,0.0605,0.1005,3
17.6,0.0146,0.638,0.0402,0.8287,0.382,0.3227,0.2066,0.0665,0.0967,3
17.62,-0.2369,0.2616,0.0666,0.8281,0.3904,0.323,0.1862,0.0665,0.0974,3
17.64,-1.0183,-0.5609,0.3236,0.8359,0.3297,0.3249,0.2242,0.0661,0.0955,3
17.66,-0.8871,-0.2266,0.0378,0.8432,0.347,0.3305,0.2232,0.0669,0.0953,3
17.68,-0.73,-0.3049,0.2044,0.8314,0.3739,0.3304,0.2199,0.068,0.0979,3
17.7,-0.309,-0.2046,0.2745,0.8281,0.3819,0.332,0.2051,0.0681,0.0968,3
17.72,-0.0524,0.7496,0.3409,0.8276,0.3594,0.3309,0.215,0.0669,0.0968,3
17.74,-0.339,0.7836,0.7546,0.8273,0.3667,0.3297,0.2309,0.0661,0.0965,3
17.76,-0.5867,0.421,0.4856,0.8293,0.3787,0.3309,0.224,0.0656,0.0982,3
17.78,-0.3618,0.6077,-0.2352,0.8327,0.3695,0.3304,0.2174,0.065,0.1006,3
17.8,-0.0044,0.4985,0.2016,0.8292,0.3778,0.3287,0.2234,0.064,0.099,3
17.82,0.3917,0.484,0.9958,0.8177,0.3715,0.3304,0.2185,0.0624,0.0995,3
17.84,0.6765,0.1328,0.9255,0.8299,0.3509,0.3283,0.2372,0.0645,0.0987,3
17.86,-0.1734,-0.3856,-0.0195,0.822,0.3556,0.3291,0.2152,0.0617,0.0975,3
17.88,0.1945,0.3722,-0.2804,0.8474,0.3427,0.3344,0.2324,0.0678,0.0967,3
17.9,0.1726,-0.0761,0.0004,0.8139,0.3571,0.3347,0.2253,0.0652,0.0948,3
17.92,-0.0425,0.2613,0.1763,0.8551,0.3358,0.332,0.2213,0.0677,0.0975,3
17.94,0.3207,-0.1755,0.2183,0.8319,0.3647,0.3337,0.236,0.0643,0.0948,3
17.96,-0.0411,0.0844,-0.0026,0.8143,0.3462,0.3309,0.2138,0.0658,0.098,3
17.98,0.3311,-0.0998,0.2278,0.8343,0.3569,0.3258,0.2066,0.0656,0.0978,3
18.0,0.4364,0.0068,0.3603,0.83,0.3737,0.328,0.2173,0.0649,0.0972,3
18.02,-0.1693,0.29,0.11,0.8163,0.3855,0.3283,0.2104,0.0628,0.0925,3
18.04,-0.4626,0.2883,0.1479,0.8175,0.3765,0.3248,0.2047,0.0624,0.0923,3
18.06,-0.4628,-0.1038,0.2233,0.8159,0.361,0.3249,0.2165,0.0644,0.0973,3
18.08,-0.6248,-0.3371,-0.1451,0.8164,0.3612,0.3263,0.2183,0.0646,0.0972,3
18.1,-0.2928,0.1955,-0.1792,0.8376,0.3676,0.3279,0.2073,0.0636,0.096,3
18.12,0.081,0.3719,0.1231,0.8343,0.3935,0.3364,0.2057,0.0632,0.0963,3
18.14,0.2367,-0.1545,0.7523,0.8094,0.3369,0.3287,0.2065,0.0609,0.0963,3
18.16,-0.4685,0.1663,-0.1217,0.8304,0.3601,0.3286,0.221,0.0628,0.0989,3
18.18,-0.0995,0.284,0.032,0.8032,0.3745,0.3297,0.2174,0.0634,0.0992,3
18.2,-0.3833,0.8475,0.3833,0.8301,0.3509,0.3349,0.215,0.0635,0.0972,3
18.22,-0.6403,0.1886,-0.1083,0.8678,0.3523,0.319,0.2241,0.0653,0.0988,3
18.24,-0.0411,0.5854,0.6516,0.8305,0.355,0.3291,0.2553,0.0646,0.0987,3
18.26,-0.2267,0.6014,0.969,0.8205,0.3853,0.3325,0.2105,0.0651,0.0942,3
18.28,-0.3088,0.0623,0.4611,0.8214,0.3959,0.3277,0.1967,0.0643,0.0956,3
18.3,-0.1791,-0.0909,0.1975,0.8151,0.3685,0.3261,0.1975,0.0632,0.0945,3
18.32,-0.2996,0.2185,0.0732,0.8141,0.3656,0.3287,0.2119,0.0617,0.0911,3
18.34,-0.2236,0.4479,-0.0358,0.8257,0.364,0.3304,0.2306,0.0619,0.093,3
18.36,-0.0135,0.1682,0.1389,0.8289,0.3491,0.3335,0.2282,0.0614,0.096,3
18.38,-0.3269,-0.1817,0.2373,0.8194,0.3606,0.338,0.2134,0.0604,0.0924,3
18.4,-0.5203,0.0567,0.2679,0.824,0.365,0.3354,0.2117,0.0646,0.0907,3
18.42,0.1192,0.2142,1.0338,0.8386,0.3497,0.3301,0.2293,0.0658,0.098,3
18.44,0.4388,0.5688,0.5938,0.8564,0.3754,0.3304,0.2264,0.0643,0.0971,3
18.46,-0.064,0.9462,0.2332,0.8137,0.3762,0.3379,0.2063,0.0596,0.1011,3
18.48,0.4565,0.7817,0.5574,0.811,0.3544,0.3374,0.2541,0.0612,0.0947,3
18.5,0.3246,-0.2575,0.8783,0.8301,0.3494,0.3236,0.2154,0.0653,0.0988,3
18.52,0.092,-0.6264,0.0418,0.8403,0.3595,0.3189,0.2098,0.0663,0.1022,3
18.54,-0.1697,0.0033,0.2189,0.8444,0.3803,0.3325,0.2435,0.0655,0.0967,3
18.56,-0.5399,-0.3226,0.4647,0.8511,0.366,0.3355,0.2373,0.0634,0.0986,3
18.58,-0.1271,0.0162,-0.2616,0.8237,0.361,0.332,0.2209,0.0644,0.0954,3
18.6,0.002,0.0958,-0.4889,0.8319,0.3343,0.3399,0.2211,0.0664,0.0969,3
18.62,-0.1779,-0.0804,0.062,0.8303,0.336,0.3408,0.2135,0.0646,0.0988,3
18.64,-0.0362,-0.0491,0.3046,0.8361,0.3473,0.3325,0.2093,0.0629,0.099,3
18.66,0.2635,0.2916,0.2077,0.8394,0.3668,0.3261,0.2073,0.0636,0.0979,3
18.68,0.236,0.3145,0.2859,0.8191,0.3829,0.3271,0.2247,0.0643,0.0964,3
18.7,-0.0118,-0.5346,0.2347,0.8093,0.3687,0.331,0.2477,0.0633,0.0965,3
18.72,-0.1598,-1.3625,0.0109,0.8161,0.3524,0.3294,0.2212,0.0605,0.0942,3
18.74,-0.2143,-0.9846,0.1339,0.8441,0.3182,0.3302,0.2283,0.058,0.0884,3
18.76,-0.2747,0.0403,-0.1496,0.8706,0.3623,0.3325,0.213,0.055,0.0848,3
18.78,-0.8708,0.6847,-0.2991,0.8491,0.3597,0.324,0.1775,0.0594,0.0871,3
18.8,-0.8846,2.3346,0.0371,0.8248,0.3647,0.3275,0.2051,0.0581,0.086,3
18.82,-1.1318,0.126,0.3231,0.7989,0.3929,0.3322,0.2367,0.0588,0.09,3
18.84,-0.9835,0.5422,0.032,0.8265,0.3627,0.3344,0.2419,0.0551,0.0828,3
18.86,-0.3575,0.3214,0.5204,0.7995,0.3621,0.3354,0.2198,0.0643,0.0941,3
18.88,0.4116,-0.0024,0.7734,0.8032,0.3687,0.3359,0.203,0.0652,0.0959,3
18.9,0.658,0.0196,0.5847,0.7948,0.3566,0.3372,0.2016,0.0667,0.0959,3
18.92,0.1815,0.4426,0.5752,0.814,0.3678,0.3334,0.2242,0.0658,0.0977,3
18.94,0.0432,0.3966,0.2385,0.8375,0.3794,0.3287,0.2169,0.0669,0.0979,3
18.96,0.2871,-0.5224,0.0307,0.8344,0.3731,0.3286,0.2056,0.0662,0.0975,3
18.98,-0.0866,-0.9273,-0.0259,0.8164,0.3598,0.3285,0.2088,0.0651,0.0978,3
19.0,-0.7268,-0.6225,-0.3464,0.8201,0.3625,0.3279,0.2278,0.0645,0.097,3
19.02,-0.5244,-0.4712,-0.3104,0.8485,0.3825,0.3318,0.2474,0.0639,0.0968,3
19.04,-0.2194,-0.3574,0.235,0.8492,0.3822,0.3323,0.2378,0.0646,0.0982,3
19.06,-0.7761,0.064,0.344,0.8262,0.3624,0.3238,0.2208,0.0644,0.0985,3
19.08,-0.6848,0.6308,0.6722,0.86,0.3699,0.3256,0.2293,0.0639,0.1,3
19.1,-0.3113,-0.0016,0.684,0.8373,0.3305,0.3307,0.2354,0.0624,0.0952,3
19.12,-0.6276,-0.1905,-0.0353,0.7941,0.3585,0.325,0.2469,0.065,0.1022,3
19.14,-0.7155,0.0949,0.2547,0.8368,0.3375,0.3261,0.2276,0.0612,0.0954,3
19.16,-0.8627,0.4875,0.2601,0.8436,0.3615,0.3333,0.2373,0.0634,0.0954,3
19.18,-0.402,0.9192,0.2547,0.8101,0.3777,0.3289,0.2432,0.0656,0.0971,3
19.2,-0.1457,-0.6571,0.52,0.7988,0.3755,0.3233,0.2509,0.0644,0.0962,3
19.22,-0.4977,-1.4406,0.6523,0.8149,0.3406,0.3348,0.2215,0.0625,0.0945,3
19.24,-0.4456,-0.7419,0.1966,0.8138,0.3535,0.3255,0.2124,0.062,0.0975,3
19.26,-0.8099,-1.6446,-0.1759,0.8132,0.3704,0.331,0.1997,0.0614,0.0958,3
19.28,-1.1673,-1.0576,-0.4874,0.8105,0.3684,0.3303,0.2024,0.0623,0.0955,3
19.3,-0.6549,-0.0156,-0.5464,0.8224,0.3676,0.3264,0.2147,0.0631,0.0929,3
19.32,-0.2579,-0.2889,-0.2706,0.8273,0.3658,0.326,0.225,0.0627,0.096,3
19.34,0.279,0.075,-0.2501,0.8168,0.3729,0.325,0.2103,0.0633,0.0965,3
19.36,0.3355,0.5668,0.0271,0.8258,0.3736,0.3262,0.2048,0.064,0.095,3
19.38,-0.0939,0.2183,0.7193,0.8429,0.3684,0.3295,0.2185,0.0642,0.0963,3
19.4,0.1796,0.3018,0.7877,0.8329,0.3811,0.3294,0.2231,0.065,0.0956,3
19.42,-0.026,0.073,0.6642,0.827,0.3836,0.3269,0.2318,0.0644,0.0975,3
19.44,-0.755,-0.2506,0.7883,0.8382,0.3639,0.319,0.2203,0.0634,0.097,3
19.46,-0.1706,0.5297,-0.0686,0.8318,0.3571,0.3162,0.2134,0.0629,0.0941,3
19.48,0.3183,0.2193,0.4976,0.816,0.3814,0.3315,0.2225,0.0642,0.0986,3
19.5,0.1126,0.1988,0.4564,0.8261,0.3711,0.3259,0.2162,0.0645,0.0973,3
19.52,-0.0197,-0.0149,0.7645,0.8081,0.3641,0.3279,0.1865,0.0616,0.0959,3
19.54,-0.1214,0.5831,0.7874,0.8226,0.3596,0.3328,0.1994,0.0642,0.0909,3
19.56,-0.0876,0.9169,-0.03,0.8434,0.3651,0.3277,0.2091,0.0603,0.0919,3
19.58,0.2796,-0.0773,0.5002,0.8237,0.3469,0.333,0.2106,0.0601,0.0968,3
19.6,0.3742,-0.1581,0.2688,0.8336,0.3646,0.3365,0.2231,0.0556,0.0796,3
19.62,-0.9908,-0.383,0.1903,0.837,0.3558,0.3304,0.2175,0.0506,0.0804,3
19.64,-0.7105,-0.2536,0.3446,0.8258,0.3668,0.3241,0.242,0.0513,0.0784,3
19.66,-0.5202,0.2482,0.0173,0.8261,0.3744,0.3271,0.21,0.0517,0.0759,3
19.68,-0.5169,0.2984,0.1928,0.8247,0.3715,0.3303,0.2133,0.0592,0.0844,3
19.7,-0.0827,0.2283,0.2325,0.8285,0.3578,0.3277,0.2275,0.0632,0.0871,3
19.72,0.3803,-0.7402,0.4902,0.845,0.3489,0.3285,0.2206,0.0593,0.086,3
19.74,0.5258,-1.1354,0.8203,0.8477,0.3581,0.3299,0.2427,0.0612,0.092,3
19.76,0.2914,0.1021,0.4614,0.8358,0.364,0.3301,0.2484,0.0661,0.0964,3
19.78,-0.3466,0.9393,0.1164,0.8278,0.3594,0.3289,0.217,0.0661,0.0953,3
19.8,-0.5394,0.6718,0.1416,0.8335,0.3741,0.3243,0.2047,0.0651,0.0959,3
19.82,-0.1534,0.429,-0.156,0.8516,0.3896,0.3244,0.196,0.0634,0.0958,3
19.84,-0.8323,-0.2577,-0.2761,0.8433,0.3605,0.3267,0.2214,0.0637,0.0942,3
19.86,-1.2036,-0.771,-0.415,0.8297,0.3416,0.3273,0.2331,0.0579,0.089,3
19.88,-0.3886,0.1694,0.3741,0.8371,0.3427,0.327,0.2098,0.0612,0.0921,3
19.9,0.4401,0.2285,-0.2651,0.8242,0.3562,0.3244,0.2172,0.0613,0.0938,3
19.92,0.6014,0.3911,0.1097,0.834,0.3711,0.3296,0.2254,0.0621,0.0957,3
19.94,0.4187,-0.657,0.6124,0.8252,0.3969,0.3365,0.225,0.0624,0.0929,3
19.96,0.273,-0.2026,0.0645,0.8033,0.3602,0.3287,0.2443,0.0617,0.0956,3
19.98,0.8823,0.9315,-0.1537,0.8265,0.3948,0.3304,0.198,0.0631,0.0975,3
20.0,-0.2829,0.8801,-0.4705,0.8194,0.3462,0.3364,0.1943,0.064,0.0978,3
20.02,-0.3685,0.5012,-0.586,0.8482,0.3575,0.3324,0.2602,0.0627,0.0974,3
20.04,-0.2957,0.7691,-0.7397,0.8517,0.3544,0.3241,0.2289,0.0616,0.0936,3
20.06,-0.6617,0.7226,0.1094,0.8504,0.3798,0.3296,0.199,0.062,0.097,3
20.08,-0.7015,0.9414,0.1231,0.8223,0.3681,0.3248,0.2241,0.0607,0.0946,3
20.1,-0.6332,-0.1944,-0.0127,0.8167,0.362,0.3319,0.2501,0.0609,0.0935,3
20.12,-0.0722,-0.1703,0.4998,0.8122,0.3858,0.3315,0.215,0.0602,0.0935,3
20.14,-0.1231,0.6045,0.4288,0.827,0.3881,0.3273,0.21,0.0606,0.0957,3
20.16,-0.4096,0.7491,0.3949,0.8275,0.3778,0.3317,0.2141,0.0625,0.0951,3
20.18,-0.2294,0.4777,0.5844,0.8158,0.3687,0.3329,0.2112,0.0622,0.0939,3
20.2,-0.0627,0.274,0.3899,0.8206,0.3626,0.3262,0.2097,0.0616,0.0938,3
20.22,-0.0282,0.0377,0.2677,0.8332,0.3492,0.3228,0.223,0.0628,0.0936,3
20.24,0.5043,-0.1307,0.3949,0.827,0.3469,0.3256,0.2451,0.0629,0.0948,3
20.26,0.8293,-0.2003,0.5437,0.8096,0.3776,0.3271,0.2332,0.0626,0.0953,3
20.28,-0.0312,-0.6267,0.7965,0.8279,0.3791,0.3257,0.2141,0.0628,0.0955,3
20.3,-0.2533,-0.5574,0.4898,0.8457,0.3653,0.3308,0.1885,0.0616,0.0941,3
20.32,-0.0447,0.0787,0.2572,0.8416,0.3405,0.3332,0.2251,0.0612,0.0919,3
20.34,-0.0585,0.1051,0.5196,0.8221,0.3196,0.3237,0.2213,0.0631,0.0915,3
20.36,-0.2916,0.4302,0.3318,0.8174,0.3687,0.3309,0.2096,0.0618,0.0922,3
20.38,0.5512,0.4088,1.0431,0.8278,0.3634,0.3295,0.2001,0.0584,0.0907,3
20.4,0.5568,0.5814,0.4422,0.8256,0.3652,0.3273,0.1771,0.061,0.09,3
20.42,0.6154,0.5476,-0.0594,0.8447,0.3871,0.3234,0.1835,0.0608,0.0861,3
20.44,0.1696,1.7761,0.1461,0.8314,0.3766,0.3218,0.2119,0.0601,0.0874,3
20.46,0.5251,0.1777,0.6599,0.8092,0.3526,0.323,0.2131,0.0602,0.0867,3
20.48,0.5983,0.7105,1.5046,0.8197,0.3484,0.3175,0.2324,0.0618,0.0922,3
20.5,0.0772,-0.5592,1.1151,0.8311,0.379,0.3302,0.2098,0.0615,0.0903,3
20.52,-0.0515,-0.7179,0.217,0.8272,0.3896,0.3287,0.2312,0.063,0.0911,3
20.54,0.1144,-0.624,-0.0896,0.8178,0.3632,0.3349,0.2211,0.0622,0.0904,3
20.56,-0.353,0.2486,-0.1149,0.8364,0.3552,0.332,0.239,0.0628,0.0911,3
20.58,-0.8432,0.4089,0.6946,0.8039,0.3563,0.3289,0.2173,0.062,0.0909,3
20.6,-0.1625,-0.0733,1.2926,0.8123,0.3471,0.3341,0.2026,0.0613,0.0956,3
20.62,0.2734,-1.1365,0.6306,0.833,0.3642,0.3372,0.2266,0.0641,0.0948,3
20.64,0.6556,-0.8582,-0.3018,0.8191,0.38,0.3294,0.2329,0.0642,0.0936,3
20.66,0.519,-0.1916,-0.1002,0.8168,0.3793,0.3202,0.2287,0.0618,0.0933,3
20.68,0.3088,0.2584,0.5031,0.8259,0.369,0.3192,0.22,0.0629,0.0929,3
20.7,0.1473,0.289,0.3885,0.8155,0.3608,0.3217,0.2131,0.0635,0.0952,3
20.72,0.1795,0.0042,0.1514,0.8297,0.3637,0.3206,0.2121,0.0629,0.0969,3
20.74,0.1342,0.0244,0.1391,0.8494,0.3689,0.3225,0.2157,0.0623,0.0954,3
20.76,-0.2597,0.02,0.1882,0.8305,0.3763,0.3239,0.2132,0.0625,0.0939,3
20.78,-0.2956,-0.3106,0.3961,0.8243,0.3704,0.3228,0.2089,0.0643,0.094,3
20.8,-0.3513,-0.8054,0.2212,0.8311,0.3487,0.3308,0.2286,0.0626,0.0948,3
20.82,-0.1771,-0.8962,0.1078,0.8295,0.3627,0.3276,0.2296,0.0623,0.094,3
20.84,-0.2713,-0.2758,0.314,0.8214,0.3585,0.3214,0.237,0.061,0.0938,3
20.86,-0.2647,-0.0752,0.1027,0.832,0.3483,0.328,0.2431,0.061,0.0934,3
20.88,-0.1057,0.5675,0.4154,0.8281,0.3814,0.3194,0.2412,0.0616,0.0979,3
20.9,0.1721,0.6399,0.1921,0.8221,0.3893,0.3285,0.227,0.0654,0.0961,3
20.92,0.1202,1.1103,0.2986,0.8387,0.3531,0.3333,0.2182,0.0627,0.0968,3
20.94,0.3803,0.5138,1.1735,0.8713,0.3812,0.3262,0.2307,0.0629,0.0959,3
20.96,0.0785,-0.2133,1.3384,0.8112,0.3359,0.3242,0.1897,0.063,0.0966,3
20.98,0.2969,-0.7052,0.8756,0.8413,0.3509,0.3192,0.2131,0.0647,0.0919,3
21.0,0.6695,-1.1572,1.132,0.8263,0.3559,0.3333,0.2149,0.0603,0.0874,3
21.02,0.8509,-1.5445,0.6398,0.8229,0.356,0.334,0.2049,0.0614,0.0894,3
21.04,-0.4015,-0.1325,-0.0595,0.8315,0.3555,0.3305,0.2208,0.0607,0.088,3
21.06,-0.7497,-0.4949,-0.423,0.8348,0.3457,0.331,0.229,0.0544,0.0836,3
21.08,0.0478,-0.2579,-0.2436,0.834,0.3448,0.3271,0.2081,0.0578,0.0887,3
21.1,0.1578,-0.0412,0.0814,0.8369,0.3584,0.3275,0.2063,0.0583,0.0869,3
21.12,-0.2234,0.1588,0.0191,0.8178,0.3698,0.3208,0.2224,0.0587,0.09,3
21.14,-0.2239,0.1091,0.2328,0.8104,0.3704,0.3263,0.1963,0.0596,0.0906,3
21.16,-0.1352,0.1697,-0.0289,0.8214,0.3594,0.3292,0.2152,0.0595,0.0884,3
21.18,0.0303,-0.4379,-0.2018,0.825,0.3697,0.3266,0.2124,0.0595,0.0897,3
21.2,0.4143,-0.4734,-0.2806,0.8062,0.3705,0.3284,0.2414,0.0583,0.0896,3
21.22,0.1563,-0.1919,-0.3946,0.8187,0.3801,0.3245,0.2415,0.0602,0.0918,3
21.24,-0.3469,-0.6921,-1.0597,0.8333,0.3939,0.3258,0.2492,0.0604,0.0911,3
21.26,-0.4942,-0.8662,-0.7452,0.8355,0.3895,0.3203,0.214,0.059,0.0888,3
21.28,-0.8343,-0.569,-0.3988,0.8291,0.3653,0.3228,0.2093,0.0597,0.089,3
21.3,-0.7973,0.0299,0.513,0.829,0.3581,0.3238,0.2193,0.0607,0.0879,3
21.32,-0.5952,-0.2626,0.7802,0.8256,0.377,0.3237,0.2075,0.0599,0.0884,3
21.34,0.0062,-0.3295,0.4436,0.828,0.3935,0.3291,0.2054,0.0595,0.0886,3
21.36,0.2336,0.1648,0.4234,0.8365,0.3837,0.3282,0.2333,0.0577,0.0868,3
21.38,0.0446,0.9837,0.3815,0.8446,0.3614,0.3223,0.2315,0.058,0.0869,3
21.4,0.4574,1.4408,0.6756,0.8355,0.3633,0.3235,0.217,0.0599,0.0868,3
21.42,0.6978,0.7275,0.999,0.8124,0.3685,0.3252,0.222,0.0593,0.0864,3
21.44,0.3346,0.1662,0.7966,0.8094,0.355,0.3233,0.2026,0.0593,0.0866,3
21.46,0.0198,-0.0761,0.7883,0.8311,0.372,0.3247,0.1978,0.0604,0.0865,3
21.48,-0.1481,-0.0444,0.8856,0.8499,0.3999,0.3242,0.2159,0.0619,0.0859,3
21.5,-0.3583,-0.0227,0.5822,0.8296,0.3839,0.3265,0.234,0.0608,0.0833,3
21.52,-0.1782,-0.5809,0.4696,0.8239,0.3646,0.3272,0.2299,0.0601,0.0847,3
21.54,-0.0027,-0.6,0.6674,0.8295,0.3538,0.3233,0.2159,0.0585,0.084,3
21.56,0.0437,-0.2459,0.7801,0.8427,0.354,0.3221,0.2434,0.0591,0.0848,3
21.58,0.341,0.2122,0.9451,0.8322,0.3735,0.3247,0.2414,0.0622,0.0867,3
21.6,-0.1917,-0.1888,0.7841,0.8179,0.3895,0.3253,0.2202,0.0617,0.0864,3
21.62,-0.5082,0.2152,0.3633,0.8271,0.3851,0.3275,0.2374,0.0626,0.0879,3
21.64,0.4124,0.5359,-0.2835,0.852,0.3553,0.3229,0.2433,0.0645,0.0888,3
21.66,-0.4513,0.2998,-0.2059,0.835,0.3612,0.3175,0.2233,0.0617,0.0901,3
21.68,-0.2504,0.764,0.0201,0.8356,0.3801,0.3223,0.2346,0.062,0.0913,3
21.7,-0.2886,0.4878,0.2521,0.8625,0.3571,0.3308,0.2223,0.0659,0.0908,3
21.72,-0.3687,0.623,0.1867,0.8333,0.3514,0.3259,0.2007,0.0627,0.0888,3
21.74,0.0216,0.507,-0.1235,0.8327,0.3763,0.3286,0.193,0.0614,0.0897,3
21.76,0.287,0.3802,0.1358,0.8231,0.3822,0.3273,0.2441,0.0639,0.0919,3
21.78,-0.0218,-0.0894,0.1135,0.8244,0.3674,0.3187,0.2413,0.065,0.0883,3
21.8,0.1469,-0.1697,0.3713,0.8544,0.372,0.3335,0.2189,0.062,0.0879,3
21.82,-0.2045,0.2484,0.1012,0.8213,0.3707,0.3189,0.2591,0.063,0.0899,3
21.84,0.126,-0.039,-0.601,0.8295,0.3794,0.3234,0.2426,0.0642,0.0896,3
21.86,0.3641,0.5405,-0.4369,0.8387,0.3545,0.316,0.2298,0.0629,0.0901,3
21.88,-0.7235,0.1941,-0.0349,0.832,0.3693,0.3323,0.2128,0.0632,0.0878,3
21.9,-1.1894,-0.0681,-0.0549,0.8317,0.3631,0.3241,0.2246,0.0637,0.0886,3
21.92,-0.83,-0.2926,-0.3456,0.835,0.368,0.3274,0.223,0.0628,0.087,3
21.94,-0.0472,-0.3666,0.1065,0.8158,0.3824,0.3282,0.221,0.0626,0.0866,3
21.96,0.2166,-0.5259,-0.108,0.8242,0.3733,0.3313,0.2115,0.0634,0.0898,3
21.98,-0.2492,-1.1477,0.1133,0.8377,0.3802,0.3231,0.2143,0.0636,0.0884,3
22.0,-0.7095,-0.4695,0.129,0.8019,0.3672,0.3231,0.2379,0.0601,0.0886,3
22.02,-0.3779,-0.3708,-0.4513,0.799,0.3577,0.3215,0.2261,0.0622,0.0887,3
22.04,0.4383,1.0732,0.3234,0.8221,0.3585,0.3256,0.2271,0.0653,0.0902,3
22.06,0.7111,2.6103,0.9649,0.8193,0.3641,0.32,0.2162,0.063,0.0857,3
22.08,1.2067,4.6841,1.1938,0.8133,0.3571,0.3158,0.2002,0.0657,0.0882,3
22.1,1.2601,4.0948,1.1764,0.8412,0.3635,0.3235,0.2067,0.0647,0.0898,3
22.12,0.1787,0.9069,1.2123,0.8064,0.3631,0.329,0.2201,0.0642,0.0894,3
22.14,0.0142,-0.8972,0.5161,0.8063,0.3484,0.3275,0.2061,0.0634,0.0885,3
22.16,0.4041,-2.3196,-0.2728,0.8476,0.3289,0.3316,0.2239,0.0628,0.0878,3
22.18,-0.0679,-2.4657,0.1078,0.8413,0.3312,0.3225,0.2157,0.0635,0.0872,3
22.2,0.0561,-2.2466,0.2706,0.8094,0.3653,0.3234,0.2155,0.0605,0.0839,3
22.22,0.2506,-1.65,-0.2696,0.7968,0.3825,0.3237,0.226,0.0652,0.0902,3
22.24,0.0786,0.0768,-0.2097,0.8132,0.3912,0.3171,0.2442,0.0662,0.0923,3
22.26,0.2221,-0.063,-0.1886,0.8331,0.3686,0.3219,0.234,0.067,0.0941,3
22.28,0.132,-0.6876,0.393,0.8203,0.3901,0.3269,0.226,0.0673,0.0949,3
22.3,0.43,-0.0886,0.9534,0.8352,0.3673,0.3214,0.2492,0.0664,0.0972,3
22.32,0.4325,-0.3115,0.4694,0.8365,0.3561,0.3189,0.2393,0.0654,0.0925,3
22.34,-0.3691,-0.7462,0.0703,0.8307,0.3787,0.324,0.223,0.0649,0.0886,3
22.36,-0.6374,-1.2256,-0.2791,0.8243,0.3717,0.3264,0.2217,0.0662,0.09,3
22.38,-0.2284,-1.1328,-0.0672,0.8168,0.3708,0.3217,0.2101,0.0674,0.0932,3
22.4,0.2891,-0.3768,0.2105,0.8199,0.3729,0.3154,0.2259,0.067,0.0939,3
22.42,0.4718,-0.4839,0.4149,0.8194,0.3789,0.3191,0.2203,0.0654,0.0951,3
22.44,0.0598,-0.7037,0.4656,0.8249,0.3943,0.3205,0.2114,0.0651,0.0959,3
22.46,-0.3966,-0.6581,0.3237,0.8502,0.3719,0.3132,0.229,0.064,0.0951,3
22.48,0.4651,-0.9815,0.6735,0.8558,0.3354,0.3179,0.2264,0.0632,0.0963,3
22.5,1.3098,-0.5309,0.8303,0.8149,0.3486,0.322,0.2061,0.0652,0.0963,3
22.52,0.9126,-0.0568,0.6004,0.814,0.3685,0.3192,0.2077,0.0648,0.0959,3
22.54,0.2125,0.243,0.2619,0.843,0.371,0.3242,0.228,0.0627,0.0976,3
22.56,-0.1066,0.8455,0.4423,0.8428,0.3871,0.3225,0.2239,0.0649,0.0982,3
22.58,-0.1146,1.1279,0.6571,0.8259,0.3844,0.3178,0.2218,0.0657,0.0988,3
22.6,-0.4669,0.7826,0.6494,0.8122,0.3699,0.3203,0.2411,0.0638,0.0964,3
22.62,-0.3367,0.278,0.4861,0.8074,0.3606,0.3208,0.238,0.0648,0.0963,3
22.64,0.3863,0.2238,0.1286,0.7973,0.3718,0.3185,0.2222,0.0661,0.0985,3
22.66,0.6971,0.0897,0.2426,0.8121,0.3678,0.3249,0.224,0.0633,0.097,3
22.68,0.3171,0.6907,0.3037,0.8352,0.3418,0.329,0.2234,0.0622,0.0945,3
22.7,-0.296,0.4755,0.3389,0.8247,0.3389,0.3252,0.2159,0.0633,0.097,3
22.72,-0.5419,-0.7215,0.272,0.8335,0.359,0.3237,0.2255,0.0639,0.0999,3
22.74,-0.4984,-0.5781,-0.0708,0.8451,0.3655,0.3219,0.2452,0.0655,0.0984,3
22.76,0.0264,-0.5598,0.1195,0.8199,0.3479,0.3243,0.2417,0.0655,0.0976,3
22.78,-0.077,-1.1453,0.7881,0.8244,0.3433,0.33,0.2311,0.0667,0.0984,3
22.8,-0.8772,-0.8343,0.7215,0.8458,0.347,0.3327,0.2376,0.069,0.0982,3
22.82,-1.206,-0.0297,-0.004,0.8139,0.3467,0.3243,0.2337,0.0678,0.0962,3
22.84,-0.7837,-0.0744,-0.0865,0.8059,0.3461,0.3211,0.2194,0.0654,0.0972,3
22.86,-0.1447,-0.0815,0.1681,0.8356,0.3612,0.3227,0.2326,0.0637,0.0976,3
22.88,-0.0961,0.3991,0.2491,0.8369,0.3784,0.3184,0.2391,0.0647,0.0974,3
22.9,-0.1971,-0.3088,0.278,0.8239,0.3731,0.3201,0.2193,0.0658,0.0966,3
22.92,-0.4684,-0.9395,-0.1919,0.8147,0.366,0.3177,0.2086,0.0653,0.0946,3
22.94,-0.3251,-0.2477,-0.4815,0.8282,0.3761,0.3174,0.2237,0.0652,0.0961,3
22.96,0.1875,-0.5746,0.0432,0.8288,0.3527,0.3207,0.2531,0.0644,0.0992,3
22.98,0.1176,-0.5417,0.3831,0.814,0.3487,0.3181,0.2315,0.0656,0.101,3
23.0,-0.1185,0.2645,0.3177,0.8213,0.385,0.3164,0.2234,0.0674,0.099,3
23.02,-0.0611,0.4583,-0.0468,0.8412,0.3868,0.3209,0.2178,0.0666,0.0983,3
23.04,0.0925,0.6305,-0.0603,0.8476,0.3844,0.322,0.215,0.066,0.099,3
23.06,0.1128,0.5908,0.3771,0.8476,0.3873,0.3211,0.237,0.0666,0.0989,3
23.08,-0.0313,0.1185,0.7258,0.8469,0.3756,0.3195,0.2169,0.0659,0.0983,3
23.1,-0.0857,0.0469,0.1567,0.84,0.3611,0.3187,0.2172,0.0653,0.0982,3
23.12,0.0236,0.2833,0.1628,0.8262,0.3692,0.3211,0.2267,0.0666,0.0979,3
23.14,-0.1173,0.1354,0.7798,0.8131,0.3639,0.3214,0.2208,0.0674,0.0967,3
23.16,-0.7524,0.3651,0.4527,0.8211,0.3583,0.3196,0.2268,0.066,0.0975,3
23.18,-0.9274,0.6275,0.2835,0.8247,0.3574,0.3237,0.2076,0.0629,0.0922,3
23.2,-0.4491,0.1722,0.611,0.8212,0.3695,0.3257,0.2059,0.0609,0.0909,3
23.22,-0.2657,-0.3917,0.4503,0.8315,0.3898,0.3168,0.2064,0.061,0.0907,3
23.24,-0.3498,-0.0975,0.4609,0.8291,0.3747,0.3178,0.1989,0.06,0.0889,3
23.26,-0.0466,0.0326,0.95,0.8386,0.3624,0.3227,0.23,0.0603,0.0898,3
23.28,1.0153,-0.4732,0.8787,0.8514,0.3537,0.316,0.2345,0.0621,0.092,3
23.3,1.4793,-0.505,1.0886,0.84,0.3564,0.3164,0.2267,0.0633,0.0936,3
23.32,0.7439,-1.1181,1.2515,0.817,0.3662,0.3209,0.2278,0.0621,0.0915,3
23.34,-0.2688,-2.814,1.0414,0.8303,0.3565,0.3145,0.2295,0.0615,0.0888,3
23.36,-0.7714,-2.5656,1.226,0.8364,0.3486,0.3103,0.2131,0.0617,0.0891,3
23.38,-1.176,-0.3207,0.9324,0.8232,0.3756,0.3142,0.1948,0.06,0.0887,3
23.4,-0.8191,0.8657,0.7644,0.838,0.3702,0.3163,0.215,0.0598,0.0897,3
23.42,0.4622,1.7965,1.2587,0.8277,0.3647,0.3244,0.2313,0.0605,0.0891,3
23.44,1.3474,2.9704,1.451,0.8118,0.3582,0.3218,0.2189,0.0609,0.0858,3
23.46,1.8063,2.9374,2.1319,0.819,0.3627,0.3206,0.2084,0.0607,0.0865,3
23.48,1.596,1.4532,2.2873,0.8101,0.367,0.3293,0.2164,0.0619,0.0898,3
23.5,0.7352,0.6022,1.8315,0.7923,0.3724,0.3288,0.2176,0.0617,0.0904,3
23.52,0.3855,0.8126,1.4323,0.8081,0.3766,0.3228,0.2296,0.0608,0.0894,3
23.54,1.1751,1.1589,1.0545,0.8428,0.345,0.3226,0.2199,0.0615,0.0869,3
23.56,0.2111,0.5932,0.2506,0.832,0.3525,0.3192,0.2082,0.0623,0.0868,3
23.58,-0.8636,-0.2181,-0.1147,0.8272,0.3742,0.3124,0.1955,0.0621,0.0906,3
23.6,-0.5152,-0.8112,-0.2787,0.845,0.3546,0.3158,0.2091,0.0614,0.0902,3
23.62,-0.165,-0.7341,0.2777,0.8678,0.3493,0.327,0.2342,0.0595,0.0891,3
23.64,-1.064,0.099,0.1727,0.8334,0.3518,0.3107,0.2349,0.0597,0.0883,3
23.66,-0.6775,-0.2923,0.1517,0.8287,0.3407,0.3115,0.1927,0.0621,0.086,3
23.68,-0.7221,-0.9248,-0.0735,0.8203,0.3567,0.3236,0.2192,0.0606,0.0862,3
23.7,-0.5034,-0.9387,-0.513,0.8182,0.3641,0.3131,0.2337,0.0614,0.0863,3
23.72,-0.1251,0.0147,-0.069,0.8445,0.3762,0.3191,0.245,0.0646,0.087,3
23.74,-0.1319,0.4293,-0.0111,0.8617,0.3551,0.3211,0.2463,0.063,0.0871,3
23.76,-0.2885,1.1903,0.2288,0.8577,0.3877,0.321,0.2305,0.0619,0.087,3
23.78,0.4508,1.3812,0.3902,0.8445,0.3536,0.3182,0.22,0.0612,0.0878,3
23.8,0.3857,0.1186,0.2426,0.8363,0.3595,0.3264,0.2474,0.063,0.0847,3
23.82,-0.1395,0.0943,-0.1904,0.8312,0.3556,0.3144,0.2383,0.0634,0.0875,3
23.84,0.2819,0.5795,0.1926,0.8474,0.3785,0.3116,0.2279,0.0622,0.0869,3
23.86,-0.1133,-0.4672,0.4769,0.8396,0.385,0.3266,0.2313,0.0622,0.0868,3
23.88,-1.9279,-2.3004,-1.0339,0.8079,0.365,0.3283,0.2379,0.0635,0.0866,3
23.9,-2.0119,-2.5565,-1.0948,0.8357,0.3683,0.3195,0.2179,0.0606,0.0857,3
23.92,-0.9836,-1.3739,0.121,0.8363,0.3675,0.3121,0.2322,0.0611,0.0873,3
23.94,-0.5651,-1.668,0.4905,0.8581,0.3634,0.3182,0.2056,0.0624,0.0886,3
23.96,-0.6297,-1.0299,0.5721,0.841,0.3716,0.319,0.2354,0.0641,0.0883,3
23.98,0.0409,-0.986,0.8298,0.8368,0.3492,0.3286,0.2003,0.062,0.0892,3
24.0,0.8086,-1.1911,-0.1032,0.8475,0.3753,0.3116,0.2063,0.0619,0.0886,3
24.02,0.4757,-0.4406,1.2619,0.8406,0.3716,0.3121,0.2046,0.0606,0.0888,3
24.04,0.2308,0.222,0.4531,0.816,0.3782,0.3143,0.1918,0.06,0.0908,3
24.06,0.5384,0.1485,0.3384,0.8485,0.369,0.3178,0.2142,0.0619,0.0875,3
24.08,-0.1281,0.978,0.6403,0.8564,0.377,0.3155,0.1848,0.0615,0.0888,3
24.1,0.008,0.3844,0.9465,0.8501,0.3414,0.3113,0.2409,0.0617,0.0863,3
24.12,0.3672,-0.0084,0.3394,0.8498,0.3662,0.3189,0.247,0.0587,0.0905,3
24.14,0.5961,-0.1212,0.5182,0.8516,0.3992,0.3192,0.2732,0.0612,0.0912,3
24.16,0.4006,0.6584,0.1083,0.8453,0.3774,0.3133,0.2383,0.0597,0.0875,3
24.18,-0.2957,1.0202,1.1255,0.8261,0.3905,0.3247,0.2333,0.0627,0.0924,3
24.2,-0.638,1.3341,0.3446,0.8443,0.3696,0.3135,0.2366,0.0638,0.0891,3
24.22,-0.0051,0.7084,-0.5035,0.8227,0.3544,0.3226,0.2106,0.0627,0.091,3
24.24,-0.1115,-0.0841,-0.2089,0.8168,0.3659,0.3222,0.2474,0.0627,0.0904,3
24.26,-0.2778,0.2196,-0.1681,0.8426,0.4111,0.3168,0.2169,0.0624,0.092,3
24.28,-0.4944,-0.3216,0.3623,0.8235,0.365,0.3158,0.2317,0.0627,0.0892,3
24.3,-0.7031,-0.283,-0.1054,0.8413,0.3697,0.3153,0.2398,0.0613,0.0908,3
24.32,-0.6824,-0.4688,-0.1652,0.8677,0.359,0.3171,0.2344,0.0635,0.0909,3
24.34,-0.8173,0.1636,0.1859,0.8497,0.375,0.3162,0.2318,0.0603,0.0898,3
24.36,-0.8498,-0.2356,0.0133,0.8595,0.3439,0.3149,0.2399,0.0591,0.0901,3
24.38,-0.6127,-0.0734,-0.2814,0.8632,0.3687,0.3195,0.2195,0.0613,0.0904,3
24.4,-1.1363,0.6944,0.0314,0.8601,0.382,0.3196,0.2321,0.0622,0.0926,3
24.42,-1.1828,0.1677,-0.0253,0.8252,0.366,0.319,0.2296,0.0604,0.0929,3
24.44,-1.2224,-0.7082,-0.4009,0.8234,0.3759,0.3209,0.2181,0.0584,0.0941,3
24.46,-0.7067,-0.6572,-0.2751,0.8347,0.3664,0.317,0.2201,0.0629,0.0941,3
24.48,0.1163,-0.3502,0.1067,0.8496,0.3548,0.3177,0.21,0.0631,0.0918,3
24.5,0.3725,-0.2995,0.5031,0.8578,0.3421,0.3246,0.2205,0.0606,0.0896,3
24.52,-0.045,0.2654,0.5519,0.8445,0.3571,0.3247,0.2284,0.0599,0.0914,3
24.54,-0.3833,0.5386,0.402,0.8315,0.3706,0.3195,0.2099,0.0597,0.0918,3
24.56,-0.0929,0.1569,-0.0239,0.8336,0.3825,0.3142,0.2318,0.0603,0.092,3
24.58,0.2768,0.2376,0.3124,0.834,0.3793,0.3168,0.2308,0.0608,0.093,3
24.6,-0.0798,-0.0561,0.7257,0.8195,0.3722,0.3258,0.2244,0.0598,0.0937,3
24.62,-0.1258,-0.1181,0.426,0.8237,0.3644,0.3253,0.2026,0.0625,0.0925,3
24.64,-0.8284,0.6649,0.0524,0.8428,0.3767,0.319,0.2213,0.0629,0.0916,3
24.66,-0.3483,-0.1645,0.6216,0.8423,0.3768,0.3176,0.2348,0.0609,0.092,3
24.68,0.3479,0.2779,0.6372,0.8247,0.3827,0.3161,0.2181,0.0616,0.0937,3
24.7,0.596,1.3033,0.8174,0.8077,0.378,0.31,0.2304,0.0615,0.0903,3
24.72,0.596,0.5896,0.9625,0.8155,0.3598,0.3259,0.1829,0.0608,0.0911,3
24.74,-0.0045,0.3159,1.5223,0.8441,0.3595,0.3241,0.2105,0.0592,0.0904,3
24.76,-0.0702,-0.8338,1.047,0.8016,0.3602,0.3003,0.2303,0.0566,0.0931,3
24.78,0.783,-3.8548,-0.2702,0.8265,0.3561,0.3164,0.2249,0.0614,0.0933,3
24.8,0.9068,-2.6589,-0.554,0.8621,0.3248,0.3206,0.2053,0.0611,0.0945,3
24.82,0.1418,-1.2488,-0.7613,0.82,0.3642,0.3144,0.2044,0.0632,0.098,3
24.84,-1.0219,0.1434,0.9952,0.8306,0.3325,0.3177,0.2134,0.0596,0.0916,3
24.86,-1.2333,0.6319,0.407,0.8089,0.361,0.3055,0.2314,0.0609,0.0925,3
24.88,-0.1442,0.2567,-0.1708,0.8272,0.3796,0.3184,0.2309,0.0621,0.0944,3
24.9,0.1046,-0.7878,0.3806,0.8334,0.3301,0.3204,0.2061,0.062,0.0905,3
24.92,0.2719,1.6559,0.1593,0.8454,0.3642,0.3069,0.2071,0.0624,0.0946,3
24.94,0.0272,0.4978,0.7253,0.8248,0.3607,0.3186,0.1952,0.0601,0.095,3
24.96,0.0207,-0.0292,0.2261,0.8155,0.3805,0.3227,0.2103,0.0591,0.0938,3
24.98,-0.3779,0.7804,0.0098,0.8611,0.3587,0.3176,0.2128,0.061,0.0923,3
25.0,0.5797,1.1663,-0.1409,0.8593,0.3922,0.3168,0.2316,0.0587,0.092,3
25.02,0.4334,1.3755,0.0638,0.8162,0.3765,0.3208,0.2144,0.0602,0.0934,3
25.04,0.0509,0.8738,0.1106,0.8089,0.3569,0.3119,0.192,0.0619,0.0932,3
25.06,-0.1051,0.5038,0.7462,0.821,0.3612,0.3049,0.1836,0.0595,0.0919,3
25.08,-0.221,0.9002,1.052,0.8441,0.3682,0.3182,0.2026,0.0584,0.0921,3
25.1,-1.1097,1.3922,0.531,0.8463,0.3697,0.3267,0.2034,0.0597,0.0932,3
25.12,-1.1792,0.4707,0.1863,0.8455,0.394,0.3235,0.2307,0.0599,0.0919,3
25.14,-0.5255,-0.5304,0.1859,0.8513,0.3892,0.3222,0.2225,0.0593,0.0903,3
25.16,-0.2876,-0.6109,0.0813,0.831,0.3495,0.3183,0.2199,0.0595,0.0909,3
25.18,-0.4346,0.1418,0.5977,0.8472,0.3762,0.3183,0.2063,0.0602,0.0925,3
25.2,-0.5437,0.3877,0.5781,0.8346,0.3894,0.3189,0.2321,0.0604,0.0937,3
25.22,-0.2429,0.5099,0.2078,0.8157,0.3555,0.3196,0.2201,0.0601,0.0927,3
25.24,-0.0958,-0.2753,0.5061,0.8591,0.3813,0.3171,0.2034,0.0588,0.0929,3
25.26,-0.0501,-1.4772,0.4552,0.8351,0.3911,0.3225,0.2255,0.0612,0.094,3
25.28,-0.5492,-1.5281,0.5189,0.8046,0.3899,0.3064,0.2208,0.0591,0.0939,3
25.3,-0.3647,-2.2565,0.0439,0.8145,0.3584,0.3136,0.2435,0.0606,0.0909,3
25.32,-0.5083,-2.0973,-0.387,0.8375,0.3829,0.3148,0.2347,0.0594,0.0937,3
25.34,-0.1624,0.5121,0.8588,0.8646,0.3715,0.315,0.2499,0.0596,0.0899,3
25.36,-0.4053,0.9795,0.2656,0.8391,0.3745,0.3135,0.2062,0.06,0.0929,3
25.38,-0.4366,0.3851,0.167,0.8321,0.3373,0.31,0.2099,0.0625,0.0946,3
25.4,-0.0616,0.257,0.3382,0.8288,0.3387,0.3226,0.1783,0.0625,0.0916,3
25.42,-0.0637,0.9995,0.4635,0.8452,0.3401,0.312,0.2183,0.0614,0.0903,3
25.44,-0.0974,0.3048,0.6547,0.807,0.3511,0.322,0.2171,0.0576,0.0917,3
25.46,-0.4386,0.3516,-0.0439,0.812,0.3688,0.3177,0.2238,0.0589,0.0904,3
25.48,-0.1086,0.7056,0.0893,0.8354,0.3854,0.3156,0.2183,0.0608,0.0893,3
25.5,0.127,-0.0527,0.6945,0.8179,0.3714,0.3202,0.2095,0.0601,0.092,3
25.52,-0.1131,-0.4017,0.8867,0.8156,0.38,0.3198,0.1916,0.0603,0.0926,3
25.54,-0.2474,-0.2777,0.3395,0.8187,0.3776,0.3173,0.202,0.0605,0.0926,3
25.56,-0.0446,-0.5638,0.1806,0.8355,0.3573,0.3131,0.2186,0.06,0.0916,3
25.58,-0.6295,-0.0679,-0.1853,0.8522,0.3648,0.3128,0.2074,0.0604,0.0926,3
25.6,-1.2361,0.3123,-0.4391,0.8322,0.3536,0.3138,0.2065,0.0593,0.0907,3
25.62,-0.9203,-0.0956,-0.4745,0.8181,0.3677,0.3153,0.1896,0.057,0.0892,3
25.64,-0.638,-0.8129,0.0277,0.8075,0.3471,0.3189,0.2075,0.058,0.091,3
25.66,0.0973,-1.255,0.772,0.8327,0.3559,0.3223,0.2403,0.0606,0.0897,3
25.68,-0.5311,0.6933,0.4535,0.8658,0.349,0.3133,0.2088,0.0584,0.0875,3
25.7,-0.1481,0.7447,0.365,0.8435,0.3539,0.3128,0.2281,0.0578,0.0917,3
25.72,-0.7909,0.2702,0.5036,0.8213,0.3457,0.323,0.2081,0.056,0.0875,3
25.74,0.8674,1.7714,0.6409,0.8425,0.3605,0.3157,0.197,0.0619,0.0908,3
25.76,0.5807,0.067,0.3723,0.8817,0.3389,0.3299,0.2203,0.0612,0.0901,3
25.78,0.2343,0.5365,0.8568,0.7919,0.3676,0.3318,0.2126,0.0595,0.0921,3
25.8,-0.472,-0.9694,0.2445,0.836,0.3587,0.3144,0.2047,0.0587,0.0912,3
25.82,-0.607,-0.8934,0.1404,0.8644,0.3576,0.3136,0.2114,0.0616,0.0881,3
25.84,-0.8404,-0.1047,-0.7429,0.8674,0.3842,0.3114,0.1948,0.0597,0.0924,3
25.86,-1.0463,0.4438,-0.7549,0.8417,0.3732,0.3236,0.1803,0.0598,0.0902,3
25.88,-0.9451,0.2407,-0.0305,0.8148,0.3806,0.3229,0.205,0.0568,0.0949,3
25.9,-0.7478,-0.3889,0.9629,0.8148,0.3585,0.3148,0.2092,0.0572,0.0922,3
25.92,0.0285,-0.8688,0.8091,0.8387,0.3696,0.3161,0.2237,0.0569,0.0928,3
25.94,0.3196,0.1859,0.9671,0.8324,0.4054,0.3155,0.2243,0.0584,0.0901,3
25.96,0.4255,0.6932,1.1609,0.8087,0.3702,0.3169,0.208,0.0591,0.0932,3
25.98,0.3987,0.417,1.29,0.8336,0.3559,0.3237,0.204,0.0608,0.0939,3
26.0,-0.0278,0.9276,1.1993,0.8444,0.3696,0.321,0.1953,0.0604,0.0925,3
26.02,-0.1234,0.2446,1.1067,0.824,0.3606,0.3149,0.1648,0.0589,0.0898,3
26.04,-0.4769,-0.8263,1.0505,0.835,0.3611,0.3109,0.1537,0.0612,0.0915,3
26.06,-1.2653,-1.0152,0.701,0.8323,0.362,0.3155,0.1594,0.0588,0.0926,3
26.08,-0.8596,0.9826,1.108,0.8372,0.4008,0.3182,0.1924,0.0605,0.0915,3
26.1,0.2667,0.9749,0.1739,0.8225,0.3738,0.2947,0.1865,0.0584,0.0923,3
26.12,0.0758,0.6372,0.9563,0.8605,0.3789,0.3221,0.1922,0.0603,0.0891,3
26.14,-0.3884,0.187,0.8467,0.8352,0.3587,0.3198,0.1763,0.0605,0.0938,3
26.16,0.383,0.5476,0.475,0.8368,0.3626,0.3142,0.198,0.0583,0.0937,3
26.18,-0.0599,0.9032,0.5717,0.8386,0.3682,0.3182,0.1612,0.0591,0.0942,3
26.2,-0.5347,1.4481,0.2405,0.8326,0.3766,0.3181,0.1823,0.0591,0.0939,3
26.22,-0.0408,0.8378,0.5196,0.8262,0.3358,0.3193,0.1846,0.0592,0.0927,3
26.24,0.0572,-0.3505,0.4568,0.8432,0.3487,0.3209,0.1644,0.0588,0.0926,3
26.26,0.4182,-0.1456,0.0857,0.8304,0.3717,0.3162,0.1849,0.0603,0.0916,3
26.28,0.8329,-0.0038,1.0179,0.8225,0.3736,0.3183,0.1965,0.0615,0.0901,3
26.3,0.032,-0.4942,1.3553,0.835,0.3657,0.3184,0.2087,0.0601,0.092,3
26.32,-0.597,-0.3885,0.637,0.8365,0.379,0.3169,0.2029,0.0613,0.0919,3
26.34,-0.3602,0.1995,0.296,0.8079,0.3775,0.3167,0.1987,0.0596,0.0931,3
26.36,-0.4372,0.2296,0.6536,0.828,0.3484,0.3134,0.1938,0.0584,0.0941,3
26.38,-0.4045,0.4676,0.0891,0.8242,0.3479,0.3134,0.1919,0.0595,0.0933,3
26.4,0.091,-0.3463,0.566,0.8192,0.3765,0.3183,0.1818,0.0593,0.0922,3
26.42,0.1999,0.9518,1.2186,0.8475,0.3722,0.3129,0.1892,0.0623,0.0909,3
26.44,0.6229,-1.0726,0.6342,0.8261,0.3167,0.3238,0.2237,0.0581,0.0897,3
26.46,-0.0559,-1.5527,-0.0735,0.7944,0.3641,0.3222,0.1994,0.0605,0.0934,3
26.48,-0.2941,-1.1161,0.2369,0.8157,0.3585,0.3108,0.1737,0.0609,0.0938,3
26.5,-0.6177,0.6403,0.228,0.8609,0.3518,0.3136,0.185,0.0621,0.0919,3
26.52,-0.624,1.1652,0.0813,0.8062,0.3813,0.3191,0.1793,0.0607,0.0933,3
26.54,-0.2452,-0.051,0.3364,0.7973,0.3551,0.3171,0.1739,0.0595,0.0918,3
26.56,-0.416,0.0192,-0.2326,0.8334,0.3641,0.3179,0.1822,0.0597,0.0904,3
26.58,-0.6516,0.7551,0.0095,0.8543,0.3673,0.3169,0.1897,0.0588,0.0927,3
26.6,-0.3542,1.0104,0.708,0.8204,0.3701,0.3183,0.1749,0.0597,0.0916,3
26.62,-0.1045,-0.1222,-0.0908,0.8297,0.3631,0.3161,0.1963,0.0602,0.09,3
26.64,0.0708,-1.534,0.231,0.8404,0.3565,0.3115,0.1837,0.0606,0.0891,3
26.66,-0.2143,-0.4941,1.1694,0.8468,0.359,0.3124,0.1942,0.0587,0.0913,3
26.68,-0.1962,-0.0191,0.9045,0.846,0.3554,0.3181,0.1679,0.0587,0.09,3
26.7,-0.0732,0.0884,0.4336,0.8332,0.3629,0.3164,0.1692,0.0582,0.0929,3
26.72,-0.1633,-1.6525,0.8458,0.8092,0.3701,0.3361,0.1525,0.0596,0.0913,3
26.74,-0.7066,-2.4589,1.7595,0.8443,0.3574,0.3105,0.2171,0.0582,0.0964,3
26.76,-0.3462,-1.0283,0.9884,0.8227,0.3547,0.2977,0.1504,0.0605,0.0946,3
26.78,0.0939,1.1134,0.1738,0.8346,0.3744,0.3171,0.1613,0.0613,0.0915,3
26.8,0.0178,1.5976,1.064,0.8584,0.3716,0.3155,0.1673,0.0593,0.0912,3
26.82,-0.0368,0.7249,0.9953,0.8252,0.358,0.3103,0.1684,0.0592,0.0926,3
26.84,-0.1303,0.229,0.1459,0.8133,0.3629,0.3077,0.165,0.0593,0.0935,3
26.86,-0.3397,0.1312,0.1684,0.8421,0.3684,0.3175,0.1523,0.0608,0.0928,3
26.88,-0.7148,-0.5115,0.7774,0.8611,0.3446,0.3174,0.1501,0.0625,0.093,3
26.9,-0.9258,-0.3642,0.3348,0.8243,0.3706,0.3145,0.1879,0.0617,0.0921,3
26.92,-0.6813,-0.4395,-0.3851,0.8161,0.361,0.3146,0.1854,0.0609,0.0917,3
26.94,-0.307,-0.9065,-0.305,0.8146,0.3508,0.3188,0.1544,0.0626,0.0927,3
26.96,0.2195,-1.1022,-0.4478,0.8413,0.3973,0.3144,0.1716,0.0586,0.0937,3
26.98,0.6995,0.0386,0.386,0.8552,0.365,0.3152,0.1788,0.0602,0.093,3
27.0,0.5987,-0.3545,0.4006,0.8392,0.3585,0.3122,0.1723,0.0603,0.0903,3
27.02,0.6585,0.7291,-0.1912,0.8451,0.3693,0.3139,0.2067,0.0628,0.0933,3
27.04,-0.2438,0.1654,0.1091,0.8269,0.3519,0.3222,0.1879,0.0612,0.091,3
27.06,0.3564,-0.0175,0.2642,0.8291,0.3759,0.3185,0.1938,0.0612,0.0918,3
27.08,-0.2925,0.0216,0.3746,0.8305,0.385,0.3116,0.1817,0.0593,0.0923,3
27.1,-0.7669,-0.2991,0.4936,0.8229,0.3649,0.3186,0.1802,0.0583,0.0935,3
27.12,-0.9114,-0.3501,0.3812,0.8451,0.3556,0.3102,0.1747,0.0599,0.0912,3
27.14,-0.2923,0.3181,0.2622,0.8532,0.3485,0.3027,0.1805,0.0585,0.0916,3
27.16,0.0752,-0.9177,0.0506,0.8408,0.3667,0.3133,0.18,0.0584,0.0931,3
27.18,-0.3174,-0.92,-0.3743,0.8004,0.3862,0.3215,0.1942,0.0608,0.0917,3
27.2,0.0982,-0.2247,0.0433,0.811,0.3873,0.3219,0.1929,0.0607,0.0954,3
27.22,0.0629,-0.8024,0.174,0.8835,0.3409,0.3161,0.2125,0.0605,0.0939,3
27.24,-0.1435,0.959,0.2845,0.8614,0.3867,0.3178,0.2047,0.0588,0.0924,3
27.26,0.4557,0.8077,0.082,0.8207,0.3974,0.3121,0.1865,0.0607,0.0951,3
27.28,0.1453,0.511,0.7665,0.8272,0.3795,0.3104,0.1618,0.0585,0.0929,3
27.3,-0.1621,0.2972,0.151,0.8453,0.3745,0.3172,0.1839,0.0603,0.0895,3
27.32,0.0241,0.8603,0.3412,0.8443,0.3647,0.3121,0.1801,0.0614,0.0892,3
27.34,-0.303,0.6772,0.0643,0.8295,0.3747,0.3101,0.1727,0.0616,0.0921,3
27.36,0.1475,0.3022,-0.267,0.8327,0.3497,0.3145,0.183,0.0601,0.0923,3
27.38,-0.2886,-0.3245,-0.3525,0.8353,0.3783,0.3186,0.1628,0.061,0.0914,3
27.4,-0.4203,-0.4349,-0.2348,0.8351,0.3511,0.3121,0.1941,0.0603,0.091,3
27.42,-0.2285,-0.1964,0.2171,0.8453,0.3518,0.3101,0.1959,0.0616,0.0918,3
27.44,0.1486,-0.2911,0.3962,0.8178,0.3601,0.3148,0.2036,0.0586,0.0905,3
27.46,0.1631,-0.7956,0.309,0.7947,0.3568,0.3109,0.1734,0.0592,0.091,3
27.48,0.7166,0.3597,0.4141,0.8206,0.3546,0.3056,0.1856,0.0608,0.0946,3
27.5,0.1616,-0.8911,0.0743,0.8348,0.3691,0.3181,0.2001,0.0607,0.0917,3
27.52,-0.4079,-0.1719,-0.3943,0.843,0.364,0.3133,0.2004,0.0598,0.0888,3
27.54,-0.2986,0.205,0.0993,0.8241,0.3967,0.3092,0.1625,0.0617,0.09,3
27.56,0.1935,0.1543,0.6286,0.8207,0.3691,0.3142,0.1793,0.0584,0.0939,3
27.58,0.1986,0.972,0.4077,0.8359,0.3764,0.3194,0.1938,0.0587,0.0909,3
27.6,-0.6758,0.5068,-0.0732,0.8444,0.3573,0.3161,0.1983,0.0589,0.0915,3
27.62,-0.7403,0.4316,-0.168,0.8344,0.3613,0.3152,0.1825,0.0581,0.0913,3
27.64,-0.3388,1.3389,0.2472,0.8029,0.3801,0.3086,0.1962,0.0584,0.0916,3
27.66,0.4185,0.3897,0.5737,0.8184,0.3767,0.3093,0.1953,0.0593,0.0913,3
27.68,0.5068,0.9564,0.4189,0.8267,0.3508,0.3116,0.206,0.0585,0.0904,3
27.7,0.4605,0.4949,0.5476,0.8674,0.338,0.3102,0.1989,0.0605,0.0973,3
27.72,0.4991,0.4798,0.656,0.8658,0.3683,0.3168,0.1845,0.0588,0.0939,3
27.74,0.7403,0.1281,0.7029,0.8448,0.3794,0.3207,0.1753,0.0619,0.092,3
27.76,0.7769,0.8788,0.6465,0.8418,0.3697,0.3179,0.1913,0.0619,0.0905,3
27.78,0.2394,0.8903,0.7044,0.8451,0.3717,0.31,0.2097,0.0607,0.0934,3
27.8,-0.2256,0.9013,0.6764,0.8335,0.3813,0.3139,0.1801,0.0584,0.0918,3
27.82,-0.2444,0.5097,0.5908,0.8423,0.3781,0.3148,0.1823,0.0574,0.0888,3
27.84,-0.1326,0.1837,0.3534,0.8634,0.3577,0.3155,0.1819,0.0593,0.091,3
27.86,-0.2086,-0.1214,0.4531,0.8558,0.3408,0.3187,0.1863,0.0608,0.097,3
27.88,-0.3577,0.5689,0.1199,0.8427,0.3508,0.3151,0.1858,0.0599,0.0919,3
27.9,-0.8458,-0.159,0.0733,0.8131,0.3567,0.3177,0.1988,0.0602,0.0943,3
27.92,-0.5398,-0.3898,-0.3826,0.8288,0.3378,0.3202,0.1957,0.059,0.093,3
27.94,-0.8642,-0.069,0.8223,0.8532,0.3466,0.3144,0.2024,0.0592,0.0935,3
27.96,-0.1327,0.5481,0.3438,0.8226,0.3169,0.3166,0.203,0.0608,0.0938,3
27.98,-0.4434,-0.1998,-0.1038,0.8478,0.3448,0.3257,0.1845,0.0601,0.0931,3
28.0,-0.6437,0.46,0.298,0.8141,0.3588,0.3102,0.1924,0.0615,0.0961,3
28.02,-0.2005,-0.5227,-0.0156,0.8216,0.3521,0.3084,0.1995,0.061,0.0947,3
28.04,0.2124,-0.4628,0.571,0.8262,0.3634,0.3149,0.2171,0.0589,0.0932,3
28.06,0.0292,0.6121,0.2486,0.846,0.3806,0.3202,0.2025,0.0605,0.0931,3
28.08,-0.0522,0.1608,0.2331,0.829,0.3819,0.311,0.1777,0.061,0.0924,3
28.1,-0.0495,0.2783,0.7832,0.8405,0.3759,0.3195,0.1864,0.0591,0.0922,3
28.12,-0.2263,0.1694,0.6914,0.8419,0.3562,0.3171,0.2195,0.0597,0.088,3
28.14,-0.2617,0.2039,0.8836,0.8245,0.3699,0.3143,0.1988,0.0605,0.0901,3
28.16,-0.3905,-0.3167,0.4961,0.8243,0.3485,0.3125,0.2084,0.0614,0.0913,3
28.18,-0.1864,-0.2776,0.4618,0.8446,0.3495,0.3177,0.2027,0.0607,0.0927,3
28.2,0.3327,-0.7492,0.4491,0.8286,0.3479,0.3127,0.189,0.061,0.0904,3
28.22,0.9732,-1.3471,0.5661,0.8475,0.3852,0.3088,0.1629,0.0604,0.0907,3
28.24,1.6355,-0.9045,0.8001,0.8547,0.3764,0.3056,0.1891,0.0598,0.0916,3
28.26,1.9605,-1.382,0.4077,0.8408,0.3611,0.3103,0.1972,0.0586,0.091,3
28.28,1.2817,-0.6741,1.0132,0.8419,0.3618,0.3136,0.1697,0.0603,0.0897,3
28.3,0.0849,1.1117,0.4434,0.8423,0.3454,0.313,0.1685,0.0603,0.0929,3
28.32,-0.1002,2.3461,1.0362,0.8505,0.3761,0.3165,0.2162,0.0595,0.0902,3
28.34,-0.4516,1.1728,0.6469,0.8414,0.3546,0.3096,0.2027,0.0608,0.0912,3
28.36,0.2578,-0.3374,0.3485,0.839,0.3622,0.3145,0.1987,0.0598,0.0914,3
28.38,-0.5486,-0.3255,0.6976,0.84,0.3556,0.3123,0.1911,0.0606,0.0904,3
28.4,-0.3669,0.4488,0.5227,0.8707,0.3705,0.3111,0.2064,0.0622,0.0923,3
28.42,0.1382,0.1595,0.2368,0.8503,0.3771,0.3146,0.1849,0.0613,0.0933,3
28.44,0.1003,-0.0122,0.1103,0.8427,0.376,0.3164,0.1712,0.06,0.0937,3
28.46,0.6316,-0.5591,0.5345,0.8395,0.369,0.314,0.1931,0.0587,0.0949,3
28.48,0.1739,0.086,0.3379,0.8521,0.3731,0.3067,0.1725,0.0607,0.096,3
28.5,-0.1472,1.1508,-0.4861,0.8245,0.3478,0.3166,0.1883,0.0581,0.0922,3
28.52,-0.0275,-0.5303,-0.4856,0.8374,0.3572,0.3202,0.1788,0.0603,0.0931,3
28.54,-0.1358,-0.5286,0.4672,0.8278,0.3562,0.3089,0.1785,0.0605,0.0924,3
28.56,-0.1436,-0.5658,0.4359,0.8429,0.3565,0.312,0.179,0.0599,0.0919,3
28.58,0.0171,-0.9624,-0.2421,0.8497,0.356,0.3095,0.1819,0.06,0.0935,3
28.6,-0.0399,-1.1022,-0.3861,0.8483,0.3584,0.3087,0.1944,0.0592,0.0917,3
28.62,-0.5907,-0.8096,-0.1946,0.8412,0.3554,0.3124,0.2001,0.0602,0.0925,3
28.64,-0.5658,0.116,-0.534,0.8292,0.3681,0.316,0.2024,0.0596,0.0913,3
28.66,-0.8356,0.4988,-0.9673,0.843,0.3689,0.3224,0.1654,0.0607,0.0915,3
28.68,-0.6136,-1.4813,-0.267,0.8515,0.3768,0.3078,0.1778,0.059,0.0926,3
28.7,0.1011,-0.6199,-0.4879,0.8131,0.3536,0.3126,0.197,0.0592,0.0922,3
28.72,0.1824,-1.1022,0.0392,0.8389,0.373,0.3177,0.1833,0.0578,0.0901,3
28.74,0.5856,-0.9249,0.1202,0.8241,0.3697,0.3151,0.1988,0.0617,0.0891,3
28.76,0.4661,-0.255,-0.2932,0.8234,0.382,0.3136,0.1934,0.0624,0.0909,3
28.78,0.593,-0.1757,-0.1534,0.8501,0.3567,0.3128,0.2012,0.0604,0.0926,3
28.8,0.1223,-0.061,-0.4551,0.8314,0.3432,0.3119,0.2171,0.0588,0.0914,3
28.82,-0.7917,0.577,0.1339,0.8073,0.3798,0.3018,0.2044,0.0577,0.0905,3
28.84,-0.9378,0.0358,0.361,0.7942,0.3412,0.3068,0.2241,0.0626,0.0897,3
28.86,-0.2751,-0.6043,0.2721,0.8191,0.371,0.3082,0.1748,0.058,0.0885,3
28.88,-0.1829,-0.5313,-0.3758,0.8531,0.3517,0.3079,0.2012,0.0577,0.0945,3
28.9,-0.0484,-0.4006,-0.2789,0.8396,0.3429,0.3094,0.2261,0.0594,0.0902,3
28.92,-0.0725,0.0593,0.4325,0.8386,0.3657,0.3136,0.2005,0.0616,0.0911,3
28.94,0.4237,-0.0065,0.0212,0.8443,0.3621,0.308,0.2195,0.0599,0.0928,3
28.96,0.5013,-0.0233,0.5549,0.8266,0.3773,0.3142,0.2272,0.0616,0.0921,3
28.98,0.2164,0.6567,0.2997,0.857,0.3767,0.3139,0.2146,0.0606,0.0907,3
29.0,-0.0854,0.8382,0.1334,0.8243,0.3524,0.3122,0.2189,0.0625,0.0938,3
29.02,-0.6335,0.8406,0.3302,0.8147,0.3762,0.3125,0.1793,0.062,0.0949,3
29.04,-0.3308,1.3829,0.0316,0.8528,0.3329,0.3132,0.2051,0.064,0.0937,3
29.06,0.1334,1.0304,0.648,0.8267,0.3713,0.3056,0.1985,0.0618,0.0904,3
29.08,-0.1008,-0.7966,-0.5629,0.8659,0.362,0.3094,0.1861,0.0609,0.088,3
29.1,-0.7299,-0.6964,-0.3202,0.8368,0.3586,0.3074,0.1935,0.0633,0.0945,3
29.12,-0.5914,-0.4308,-0.2922,0.8404,0.3512,0.3048,0.1966,0.0635,0.0926,3
29.14,-0.0799,-0.2864,-0.2507,0.8533,0.3549,0.3098,0.2073,0.0606,0.0942,3
29.16,0.7267,-0.4618,-0.1983,0.8259,0.3561,0.3154,0.1864,0.0603,0.0927,3
29.18,0.8487,-0.6357,-0.0674,0.8376,0.3578,0.3095,0.1942,0.0631,0.0931,3
29.2,-0.0727,0.6102,0.1304,0.8296,0.3442,0.3132,0.1686,0.0569,0.0921,3
29.22,0.0029,0.6309,0.4162,0.8332,0.3426,0.3105,0.2033,0.063,0.091,3
29.24,-0.1614,0.3808,0.4729,0.8192,0.3842,0.3051,0.1873,0.0606,0.0942,3
29.26,0.3164,-0.1323,0.2015,0.8237,0.3688,0.3146,0.1881,0.0633,0.091,3
29.28,0.2101,0.7115,0.2646,0.8333,0.3581,0.3172,0.17,0.0624,0.0901,3
29.3,-0.1243,1.1286,0.8445,0.8375,0.3637,0.3092,0.1851,0.06,0.0918,3
29.32,-0.174,0.7408,1.0438,0.8398,0.3872,0.309,0.1731,0.058,0.0939,3
29.34,-0.3606,1.1088,0.4202,0.8664,0.3804,0.3125,0.1679,0.0594,0.0904,3
29.36,-0.5598,0.8353,0.0329,0.8487,0.3601,0.3161,0.1585,0.0608,0.0926,3
29.38,-0.8592,0.2895,0.3576,0.8479,0.3929,0.3137,0.182,0.0601,0.0911,3
29.4,0.0054,0.6702,-0.2249,0.831,0.3577,0.2966,0.1831,0.0627,0.0896,3
29.42,-0.1173,0.6723,-0.0724,0.8307,0.3647,0.3086,0.1746,0.0632,0.0918,3
29.44,0.4362,-0.0269,0.483,0.8309,0.3595,0.3119,0.1803,0.0619,0.0928,3
29.46,0.6683,-0.5356,0.8757,0.8622,0.3605,0.3121,0.1938,0.0601,0.0924,3
29.48,0.9241,-0.7097,0.8494,0.8357,0.3684,0.3164,0.18,0.0612,0.0929,3
29.5,0.5564,0.3388,0.6544,0.8109,0.371,0.3115,0.1861,0.0601,0.0912,3
29.52,0.0689,0.5277,0.7666,0.8225,0.3674,0.3173,0.1803,0.0635,0.0943,3
29.54,-0.9076,0.0744,0.6382,0.806,0.358,0.3101,0.1678,0.0617,0.0946,3
29.56,-0.3113,0.6469,0.0514,0.8422,0.3655,0.2965,0.1905,0.0639,0.0946,3
29.58,-0.0368,-0.2694,0.4686,0.8229,0.3949,0.3068,0.1912,0.0621,0.0933,3
29.6,0.0215,-0.3465,0.8437,0.8268,0.3688,0.3113,0.1555,0.0637,0.094,3
29.62,-0.5974,-0.5527,0.8266,0.8246,0.3561,0.3093,0.1756,0.0608,0.0905,3
29.64,-0.5877,-0.5448,0.4206,0.8234,0.3549,0.3128,0.1686,0.0624,0.089,3
29.66,-0.9008,0.2374,-0.1764,0.842,0.3314,0.3067,0.2062,0.0608,0.0932,3
29.68,-1.0751,-0.0618,-0.3865,0.8466,0.3895,0.314,0.1962,0.0587,0.0907,3
29.7,-0.7828,0.4786,-0.2682,0.8485,0.3867,0.3168,0.1846,0.062,0.0919,3
29.72,-0.6611,0.6937,-0.2594,0.835,0.3765,0.3082,0.1832,0.062,0.0924,3
29.74,-0.1733,-0.2377,0.035,0.8341,0.3888,0.3091,0.1784,0.0618,0.0937,3
29.76,-0.4503,-0.638,-0.4143,0.8514,0.367,0.3081,0.1869,0.0609,0.0932,3
29.78,-0.796,0.291,-0.318,0.8424,0.3903,0.3082,0.1717,0.0627,0.092,3
29.8,-0.7413,0.337,-0.0231,0.8311,0.3796,0.3002,0.1758,0.0632,0.0956,3
29.82,-0.1381,0.4881,-0.2197,0.8276,0.3561,0.3102,0.1762,0.0632,0.0934,3
29.84,-0.4375,0.9852,0.0414,0.8555,0.3811,0.3051,0.2237,0.0612,0.0898,3
29.86,-0.7227,-0.1816,0.333,0.8604,0.3537,0.3123,0.2194,0.0622,0.093,3
29.88,-0.3982,0.0086,0.2516,0.8548,0.3797,0.3104,0.1698,0.0625,0.0906,3
29.9,0.216,0.1336,0.2359,0.8227,0.3817,0.3067,0.2102,0.0602,0.0931,3
29.92,0.2456,0.1218,0.4613,0.8331,0.3572,0.3026,0.2043,0.061,0.0949,3
29.94,0.0582,0.09,0.3107,0.8384,0.3483,0.3062,0.1886,0.0617,0.0935,3
29.96,0.1007,0.6616,-0.0238,0.8252,0.3641,0.3126,0.2122,0.0621,0.0927,3
29.98,0.3013,-0.1075,0.0111,0.8298,0.3738,0.3193,0.1974,0.0603,0.09,3
30.0,0.0987,-0.6494,0.4893,0.8595,0.3587,0.3117,0.1775,0.0592,0.0909,3
30.02,0.4154,-0.0475,0.3596,0.8231,0.3892,0.3098,0.1677,0.0601,0.0933,3
30.04,0.933,0.4161,0.523,0.8292,0.3559,0.3124,0.195,0.0631,0.0911,3
30.06,0.3017,-0.2805,1.2832,0.8542,0.3909,0.3122,0.1942,0.0602,0.0927,3
30.08,-0.5669,-0.0268,0.9886,0.8507,0.382,0.3124,0.1833,0.0609,0.0943,3
30.1,-0.4315,0.1364,0.1127,0.8377,0.3485,0.3145,0.165,0.0591,0.0907,3
30.12,-0.7594,0.8599,-0.0682,0.8311,0.3448,0.3104,0.1719,0.0583,0.0863,3
30.14,-0.4067,0.1387,0.4974,0.8394,0.3395,0.3053,0.1937,0.0594,0.0912,3
30.16,-0.3042,-0.3505,0.0627,0.8225,0.4106,0.3042,0.1708,0.0605,0.0909,3
30.18,-0.1279,-0.2475,0.1852,0.8341,0.3678,0.3133,0.2034,0.0641,0.0907,3
30.2,-0.4776,-0.6006,0.7924,0.8326,0.3578,0.3063,0.1953,0.0603,0.0892,3
30.22,-0.1923,-0.3339,0.4169,0.8195,0.3451,0.3096,0.1728,0.0595,0.0897,3
30.24,0.1392,0.0753,-0.1927,0.8088,0.3394,0.3123,0.1848,0.0601,0.0908,3
30.26,-0.1781,-0.1063,-0.5362,0.8187,0.3691,0.3088,0.194,0.0599,0.092,3
30.28,-0.2965,-0.7375,-0.9361,0.8615,0.3733,0.31,0.1696,0.0616,0.092,3
30.3,-0.8713,-0.9005,-0.0949,0.8357,0.3599,0.3052,0.2081,0.0626,0.089,3
30.32,-0.9579,-0.8713,0.2669,0.8159,0.376,0.3006,0.197,0.0613,0.0911,3
30.34,-0.8807,-0.7109,0.3626,0.8063,0.37,0.3106,0.2019,0.0618,0.095,3
30.36,-0.8642,-0.4346,-0.1132,0.8451,0.3707,0.3141,0.1931,0.0625,0.0926,3
30.38,-0.1013,0.3013,0.5559,0.836,0.3593,0.3084,0.1924,0.0625,0.0949,3
30.4,0.5565,1.8009,-0.0138,0.8413,0.3629,0.3073,0.1901,0.0619,0.0966,3
30.42,0.7716,1.8584,-0.0223,0.855,0.3524,0.3182,0.1746,0.0643,0.0931,3
30.44,-0.122,0.3702,1.3123,0.8323,0.3769,0.3162,0.1801,0.0639,0.0928,3
30.46,0.1775,-0.6906,0.618,0.8304,0.4001,0.3075,0.1882,0.0614,0.0907,3
30.48,0.0835,1.3885,0.6938,0.8308,0.4008,0.312,0.1992,0.0619,0.0919,3
30.5,0.1163,0.4298,1.1812,0.8125,0.3954,0.3058,0.1995,0.061,0.0901,3
30.52,0.0869,0.0984,0.5815,0.8276,0.3894,0.3108,0.1873,0.0603,0.0894,3
30.54,-0.0775,-0.4074,0.3275,0.82,0.3912,0.3138,0.1806,0.0606,0.0908,3
30.56,-0.6641,-0.5538,0.1771,0.8236,0.3724,0.3083,0.1784,0.0616,0.0908,3
30.58,-0.9807,0.0001,0.1311,0.8529,0.3698,0.312,0.2074,0.0619,0.0953,3
30.6,-0.7046,0.4194,0.9388,0.8177,0.3491,0.3151,0.1857,0.0637,0.0898,3
30.62,-0.9702,-0.2989,-0.36,0.8387,0.3722,0.3117,0.1787,0.0594,0.0873,3
30.64,-0.7348,-0.2403,-0.4401,0.8239,0.3883,0.3093,0.1837,0.0613,0.0909,3
30.66,-0.5322,0.3909,0.1423,0.8125,0.3968,0.3068,0.1826,0.0611,0.0892,3
30.68,-0.1443,0.7448,0.9051,0.8529,0.3634,0.3064,0.2014,0.0606,0.0867,3
30.7,0.0957,0.291,0.8999,0.8677,0.3503,0.3055,0.2105,0.059,0.0889,3
30.72,0.4396,-0.5892,0.0897,0.8288,0.3578,0.3002,0.1701,0.0625,0.0922,3
30.74,-0.1374,-1.0684,0.5177,0.8256,0.3388,0.3135,0.1863,0.0601,0.0957,3
30.76,-0.3051,0.7298,0.6034,0.8384,0.3696,0.3141,0.1711,0.0593,0.0935,3
30.78,-0.5354,1.227,0.5866,0.8427,0.3704,0.311,0.1788,0.0609,0.0928,3
30.8,-0.6988,0.2262,0.0813,0.8503,0.3868,0.3084,0.1821,0.0603,0.0905,3
30.82,-0.6922,-0.3682,-0.1289,0.8335,0.371,0.3041,0.1844,0.0601,0.0933,3
30.84,-0.6002,0.2317,-0.4043,0.864,0.3643,0.3065,0.1956,0.0603,0.0948,3
30.86,-0.0612,0.0294,0.9297,0.8312,0.3827,0.3036,0.1761,0.0616,0.0914,3
30.88,0.0229,0.0837,1.1259,0.8568,0.3761,0.3142,0.1787,0.058,0.0892,3
30.9,-0.0694,0.9024,0.2205,0.827,0.3637,0.3097,0.1741,0.0625,0.0893,3
30.92,0.171,0.8551,0.6708,0.8185,0.3595,0.3108,0.178,0.0596,0.0907,3
30.94,0.2326,0.2484,0.5434,0.8184,0.3821,0.3088,0.1813,0.0593,0.0909,3
30.96,-0.2389,-0.7053,-0.0871,0.8277,0.3732,0.3182,0.1821,0.0592,0.0913,3
30.98,-0.3682,0.2404,-0.0062,0.8118,0.3531,0.3051,0.1937,0.0608,0.0945,3
31.0,1.028,0.119,-0.276,0.8359,0.3235,0.322,0.2082,0.057,0.0883,3
31.02,0.126,0.8909,0.0888,0.8249,0.3553,0.3162,0.1856,0.0591,0.092,3
31.04,-0.1929,0.3976,0.2608,0.8342,0.3784,0.3125,0.2187,0.06,0.0925,3
31.06,-0.3047,-0.0803,0.3983,0.8252,0.3456,0.3116,0.2051,0.0609,0.0901,3
31.08,-0.5485,0.9755,0.1014,0.8277,0.3288,0.3099,0.188,0.0597,0.0916,3
31.1,-0.3243,0.9114,-0.3605,0.8593,0.3369,0.304,0.1688,0.0589,0.0915,3
31.12,0.6167,-0.8968,0.0464,0.824,0.3988,0.3015,0.1662,0.0581,0.0915,3
31.14,0.0951,-1.9891,-0.3104,0.8461,0.3993,0.3141,0.2011,0.0594,0.0911,3
31.16,-0.5552,-0.0937,-0.4169,0.8515,0.3907,0.3116,0.216,0.0605,0.0904,3
31.18,-0.1662,1.87,0.1911,0.8579,0.3625,0.3123,0.1687,0.0582,0.0889,3
31.2,0.3004,2.1935,0.7292,0.8176,0.3615,0.3172,0.1929,0.06,0.0906,3
31.22,0.1664,1.074,0.2186,0.8342,0.3529,0.3141,0.2023,0.0606,0.091,3
31.24,-0.0764,-0.2845,-0.057,0.8274,0.3347,0.3178,0.1904,0.0586,0.0912,3
31.26,-0.7207,-0.1181,0.2955,0.8444,0.3552,0.3135,0.2131,0.0625,0.0913,3
31.28,-0.7525,0.8944,-0.2568,0.8458,0.3646,0.3121,0.1855,0.0593,0.0919,3
31.3,-1.073,-0.0716,0.2659,0.8795,0.342,0.3122,0.1928,0.06,0.093,3
31.32,-0.4676,-0.1589,0.1407,0.8569,0.3453,0.3132,0.1996,0.0609,0.0923,3
31.34,-0.4729,0.2469,0.007,0.8543,0.3518,0.3025,0.1995,0.0603,0.0903,3
31.36,-0.2379,-0.3789,-0.0235,0.8456,0.3679,0.312,0.1901,0.0609,0.0911,3
31.38,-0.049,-0.3224,-0.3533,0.8541,0.3603,0.3077,0.169,0.0642,0.0906,3
31.4,0.388,0.2708,0.1029,0.8472,0.3384,0.3036,0.1428,0.0585,0.089,3
31.42,0.2392,-0.4182,-0.1505,0.8227,0.3436,0.3115,0.212,0.062,0.0917,3
31.44,0.0143,0.2195,-0.1195,0.842,0.3926,0.3094,0.2112,0.0615,0.0913,3
31.46,-0.2247,0.6383,0.2931,0.8303,0.3693,0.3042,0.1877,0.0612,0.09,3
31.48,-0.1116,0.3316,0.0874,0.8433,0.3525,0.3161,0.2136,0.0599,0.0895,3
31.5,-0.2293,1.1997,-0.0129,0.845,0.3876,0.3097,0.2068,0.0614,0.0914,3
31.52,-0.6748,0.9877,0.1532,0.8156,0.3545,0.3074,0.2048,0.0606,0.0917,3
31.54,-0.0109,-0.1429,0.3377,0.8,0.3898,0.3125,0.1883,0.0608,0.093,3
31.56,0.1811,1.0203,0.7066,0.8517,0.3502,0.3038,0.1687,0.0609,0.0908,3
31.58,0.3352,-0.9601,1.1701,0.8254,0.3469,0.3136,0.1644,0.0584,0.0905,3
31.6,-0.4174,-3.7717,0.6026,0.8421,0.3571,0.3224,0.2069,0.0595,0.091,3
31.62,-0.8682,-2.5864,0.0461,0.8378,0.3558,0.3078,0.1912,0.0617,0.0885,3
31.64,-0.1944,-1.5493,-0.1405,0.8631,0.3649,0.3062,0.1916,0.0553,0.0831,3
31.66,-0.4092,1.5073,0.2997,0.8428,0.3498,0.3036,0.1844,0.0564,0.0844,3
31.68,0.0539,-0.1037,-0.0037,0.8446,0.362,0.3052,0.1697,0.0553,0.0834,3
31.7,-0.4959,0.645,0.0548,0.8239,0.3617,0.3025,0.1749,0.0564,0.086,3
31.72,-0.4802,-0.3945,0.3874,0.8373,0.3724,0.3101,0.1807,0.0578,0.0873,3
31.74,-0.0893,-0.3166,0.8247,0.845,0.3519,0.305,0.1889,0.0579,0.086,3
31.76,-0.1788,0.0608,0.8318,0.8263,0.3444,0.3162,0.1725,0.056,0.0851,3
31.78,-0.8315,-0.4356,0.3855,0.8551,0.3871,0.3117,0.1778,0.0556,0.0813,3
31.8,-0.7699,-0.5455,0.188,0.8143,0.3465,0.2982,0.1947,0.0563,0.0823,3
31.82,0.0875,-0.2987,0.2247,0.8501,0.3614,0.326,0.1943,0.0561,0.0821,3
31.84,-0.831,0.3932,0.4217,0.8338,0.3634,0.3108,0.1975,0.0563,0.0845,3
31.86,-0.5218,0.6215,-0.0545,0.8413,0.3803,0.3058,0.2265,0.0582,0.0879,3
31.88,-0.7625,-0.6871,0.399,0.8305,0.3704,0.3196,0.2056,0.0567,0.0852,3
31.9,-0.8786,-0.4392,0.7109,0.8211,0.3438,0.3079,0.2162,0.0575,0.0861,3
31.92,-0.4604,-1.2006,0.5081,0.8436,0.3769,0.2958,0.1506,0.0584,0.085,3
31.94,-0.2363,-5.4713,1.2887,0.8316,0.384,0.3143,0.1862,0.0671,0.098,3
31.96,0.0537,-2.7566,1.114,0.8596,0.3653,0.304,0.2111,0.063,0.0904,3
31.98,-0.0487,1.6956,0.4589,0.8643,0.3602,0.3085,0.1525,0.0587,0.0843,3
32.0,-0.2424,-0.5096,0.6054,0.8374,0.3739,0.2995,0.1718,0.0573,0.081,3
32.02,-0.3548,-0.9119,0.5514,0.871,0.3863,0.2964,0.2014,0.0591,0.0903,3
32.04,-0.4946,0.8018,0.0788,0.8388,0.3599,0.3139,0.194,0.0581,0.09,3
32.06,0.1467,0.5615,0.2616,0.8371,0.3898,0.2987,0.2014,0.0615,0.0911,3
32.08,0.5572,1.0383,0.421,0.8414,0.3691,0.296,0.2152,0.0603,0.0931,3
32.1,0.5384,0.8789,0.5145,0.8356,0.3512,0.308,0.1824,0.0617,0.0938,3
32.12,0.0936,3.5493,0.1029,0.8565,0.359,0.3133,0.1855,0.0601,0.0902,3
32.14,-0.7719,2.8387,0.6352,0.8537,0.3486,0.3043,0.1996,0.0586,0.0861,3
32.16,-0.9731,1.3043,0.6955,0.8392,0.368,0.3042,0.217,0.0566,0.0893,3
32.18,-0.1177,1.5386,0.4072,0.8549,0.3823,0.3016,0.2187,0.0622,0.088,3
32.2,-0.071,0.36,0.7709,0.8442,0.3586,0.3073,0.1975,0.0596,0.0902,3
32.22,0.3036,-0.0456,0.5554,0.8326,0.3549,0.3122,0.1931,0.059,0.0906,3
32.24,0.0386,0.7782,0.4809,0.857,0.3369,0.3077,0.1704,0.0632,0.0917,3
32.26,0.2054,1.5427,-0.4837,0.8068,0.3461,0.3142,0.1496,0.0639,0.0951,3
32.28,0.3536,0.968,-0.1345,0.7993,0.3549,0.3163,0.212,0.0643,0.1024,3
32.3,0.1238,1.8118,0.3721,0.858,0.366,0.3105,0.1908,0.066,0.101,3
32.32,-0.752,3.0241,0.7339,0.8584,0.3789,0.3055,0.2124,0.0647,0.0962,3
32.34,-0.8412,3.736,-0.1135,0.8323,0.3604,0.3043,0.1905,0.0586,0.091,3
32.36,-0.2922,2.1619,0.1116,0.8419,0.3662,0.3159,0.1895,0.0636,0.0948,3
32.38,0.0377,1.8657,1.0688,0.8151,0.3478,0.3174,0.197,0.065,0.0979,3
32.4,1.3188,1.5344,1.2174,0.8254,0.3822,0.3116,0.1898,0.0671,0.0993,3
32.42,0.7541,1.7134,0.9888,0.8051,0.3618,0.3076,0.1639,0.0652,0.0982,3
32.44,-0.5487,0.2569,0.7609,0.8457,0.3558,0.3282,0.1894,0.0664,0.102,3
32.46,-0.8822,0.7813,1.7356,0.8476,0.3598,0.3099,0.2021,0.0651,0.0994,3
32.48,-0.1426,1.1505,2.0096,0.8293,0.3752,0.3048,0.1985,0.0645,0.0997,3
32.5,-0.3816,2.2647,0.5494,0.8049,0.3617,0.3208,0.1979,0.0651,0.0972,3
32.52,-0.7295,1.9277,0.345,0.8296,0.3622,0.3196,0.1776,0.0652,0.0993,3
32.54,-0.9815,1.4346,0.5898,0.8389,0.3477,0.3225,0.193,0.0668,0.0997,3
32.56,-0.7303,-1.3196,0.374,0.8412,0.379,0.3141,0.1894,0.0668,0.0991,3
32.58,-0.4088,-0.2542,0.1587,0.8386,0.3701,0.3095,0.1893,0.0671,0.0985,3
32.6,0.8166,-0.1243,-0.0244,0.8286,0.3764,0.3173,0.1881,0.0654,0.0984,3
32.62,-0.2677,-2.2298,-0.1998,0.8409,0.3642,0.3206,0.1974,0.0642,0.1008,3
32.64,-0.3329,-1.0853,0.4794,0.8331,0.3496,0.3291,0.1779,0.0655,0.0951,3
32.66,-0.2257,-1.7487,0.2088,0.833,0.35,0.3197,0.1621,0.0643,0.0962,3
32.68,-0.5939,-1.8816,-0.0199,0.8291,0.3664,0.3011,0.2056,0.0608,0.098,3
32.7,-0.7919,-2.5041,0.2664,0.8439,0.3795,0.3115,0.1954,0.0647,0.0973,3
32.72,-1.2237,-0.3691,0.1553,0.8385,0.3522,0.3159,0.158,0.0668,0.096,3
32.74,-0.3278,0.8061,0.397,0.8195,0.3685,0.3127,0.2227,0.0657,0.0999,3
32.76,0.2522,-0.3887,0.2013,0.8406,0.3713,0.3267,0.177,0.0636,0.1008,3
32.78,-0.6599,0.649,0.2994,0.8382,0.3556,0.3197,0.1903,0.065,0.0966,3
32.8,-0.2278,-0.24,0.5549,0.8392,0.3659,0.3166,0.1815,0.0653,0.098,3
32.82,-0.0642,-0.7737,0.3837,0.8463,0.3677,0.3074,0.2143,0.066,0.0973,3
32.84,0.312,-0.7338,-0.0608,0.8509,0.3526,0.3192,0.1951,0.0674,0.0989,3
32.86,0.0022,-1.0868,1.6389,0.855,0.3896,0.3073,0.1844,0.0664,0.0969,3
32.88,-1.1341,1.2437,1.7324,0.8337,0.3925,0.2926,0.1459,0.0629,0.0973,3
32.9,-0.2993,-0.8867,0.7585,0.8451,0.3903,0.3128,0.1796,0.066,0.0989,3
32.92,-0.1453,-0.4177,0.1824,0.862,0.3878,0.3096,0.1546,0.0656,0.0963,3
32.94,-0.2597,0.5562,-0.1266,0.8579,0.376,0.3091,0.1655,0.0655,0.0951,3
32.96,-0.0836,-0.4958,0.1526,0.8388,0.379,0.3192,0.1606,0.0634,0.0981,3
32.98,-1.011,0.8732,0.4395,0.8124,0.3724,0.3148,0.1701,0.0665,0.1022,3
33.0,-0.1393,-0.8747,0.7538,0.8135,0.3606,0.3094,0.0946,0.0655,0.0999,3
33.02,0.1206,-0.6433,0.4489,0.8554,0.3586,0.3162,0.1349,0.0637,0.098,3
33.04,0.109,0.8083,0.4657,0.832,0.3659,0.3147,0.143,0.063,0.0997,3
33.06,0.8211,0.4049,0.4741,0.8192,0.3613,0.3129,0.177,0.0656,0.1009,3
33.08,0.3833,-0.0197,1.1725,0.8223,0.368,0.3183,0.1801,0.0662,0.0998,3
33.1,-0.5083,0.2767,0.7768,0.8227,0.3375,0.3071,0.1569,0.0638,0.0973,3
33.12,-0.6379,0.2947,0.5965,0.8405,0.3704,0.313,0.1544,0.0641,0.1002,3
33.14,-0.6567,-0.4667,1.0134,0.8488,0.383,0.3129,0.1684,0.0657,0.0992,3
33.16,-0.7392,-0.8879,0.686,0.848,0.3655,0.3156,0.1673,0.0644,0.0982,3
33.18,-0.8122,-0.8847,0.6384,0.8515,0.3636,0.3084,0.1644,0.0642,0.0978,3
33.2,-0.0438,-0.5749,0.021,0.8557,0.3525,0.3073,0.1705,0.0665,0.0969,3
33.22,-0.7626,1.7286,-0.0642,0.8473,0.35,0.3086,0.1761,0.0642,0.096,3
33.24,0.143,0.7264,1.4032,0.847,0.3541,0.3155,0.1532,0.0661,0.1003,3
33.26,0.082,-0.2303,0.6131,0.8483,0.3632,0.3134,0.152,0.0661,0.1006,3
33.28,-0.2344,-1.9405,0.7041,0.842,0.3627,0.3127,0.1832,0.0633,0.0987,3
33.3,-0.7795,-0.5082,0.4955,0.8414,0.3723,0.3128,0.1623,0.0655,0.0961,3
33.32,0.2579,-0.6155,0.1726,0.8326,0.376,0.3094,0.1944,0.0683,0.0973,3
33.34,0.2205,-0.5731,1.4089,0.8302,0.3609,0.3038,0.1541,0.0666,0.0978,3
33.36,0.2149,1.5567,0.6676,0.8306,0.3797,0.2986,0.1766,0.0674,0.099,3
33.38,0.3883,0.98,0.471,0.8182,0.3703,0.3071,0.184,0.0653,0.0983,3
33.4,0.4405,0.103,0.5613,0.8337,0.3757,0.3114,0.1756,0.065,0.0962,3
33.42,-0.1416,1.008,1.0811,0.8357,0.3701,0.3178,0.1644,0.0671,0.0988,3
33.44,-0.2066,0.5526,0.093,0.8412,0.3706,0.3137,0.1802,0.0649,0.0956,3
33.46,-0.2168,0.364,0.3616,0.8453,0.338,0.3143,0.1796,0.0641,0.0982,3
33.48,0.4823,0.8918,0.7803,0.87,0.3752,0.3165,0.1594,0.0655,0.1005,3
33.5,0.3916,1.3853,0.8414,0.8537,0.3814,0.3036,0.177,0.0642,0.0991,3
33.52,0.818,-1.2194,1.704,0.8157,0.3755,0.3131,0.185,0.0639,0.1002,3
33.54,0.0072,-2.3487,1.3523,0.8587,0.3627,0.3148,0.163,0.065,0.0998,3
33.56,-0.189,-1.0802,0.6345,0.8483,0.3697,0.3066,0.1882,0.0662,0.098,3
33.58,-0.2459,-0.0143,1.0875,0.8432,0.383,0.3118,0.1897,0.0635,0.0975,3
33.6,-0.1493,-0.4879,0.8958,0.8398,0.3871,0.3069,0.1875,0.0636,0.0993,3
33.62,-0.2436,0.1018,0.4733,0.8373,0.3618,0.3099,0.1707,0.0631,0.1013,3
33.64,-0.6244,0.492,-0.0466,0.8615,0.3679,0.3084,0.1786,0.0652,0.1034,3
33.66,-0.192,0.1932,0.9342,0.834,0.3638,0.3074,0.1563,0.0645,0.1016,3
33.68,0.0049,-0.5782,0.0993,0.8339,0.3428,0.3188,0.1785,0.0634,0.1002,3
33.7,-0.5754,0.4862,0.3453,0.8254,0.3496,0.3219,0.1669,0.0629,0.0993,3
33.72,-0.2578,0.9921,0.7135,0.8317,0.3691,0.3149,0.2023,0.0651,0.0991,3
33.74,-0.5465,1.878,0.0006,0.8187,0.3745,0.3159,0.2175,0.0645,0.1023,3
33.76,-0.3536,1.793,-0.309,0.8157,0.3451,0.3085,0.1785,0.0639,0.1001,3
33.78,0.0379,-0.5405,0.5281,0.8082,0.3334,0.3163,0.1969,0.0639,0.0969,3
33.8,0.6704,-0.0197,0.0326,0.8512,0.3663,0.3077,0.1899,0.067,0.0981,3
33.82,0.8544,-0.2676,-0.0609,0.8542,0.3689,0.3167,0.1621,0.0658,0.0983,3
33.84,0.2151,-0.1787,0.1612,0.8554,0.3559,0.3117,0.1806,0.0648,0.1009,3
33.86,-0.189,-0.3975,0.2995,0.8393,0.3504,0.3135,0.1765,0.0654,0.1008,3
33.88,-1.2267,0.1919,-0.1515,0.8267,0.3515,0.3233,0.1789,0.0608,0.1011,3
33.9,-0.7928,1.5229,-0.3429,0.8383,0.3447,0.3165,0.1635,0.0656,0.1012,3
33.92,-0.566,0.5046,0.4817,0.8372,0.3583,0.315,0.1773,0.0645,0.1002,3
33.94,-0.2246,0.0039,0.3946,0.8211,0.3502,0.31,0.1844,0.064,0.1001,3
33.96,-0.0117,0.2553,0.8014,0.8389,0.3612,0.3161,0.1861,0.0659,0.0989,3
33.98,0.2202,1.2646,1.0326,0.8316,0.3682,0.3038,0.1788,0.0668,0.0961,3
34.0,0.5314,1.0119,-0.0046,0.8692,0.3801,0.3142,0.1629,0.0653,0.0996,3
34.02,0.1304,-0.2754,1.0677,0.8454,0.3646,0.3201,0.1728,0.0666,0.1006,3
34.04,-0.2334,-0.8356,0.3935,0.8312,0.3651,0.3081,0.149,0.0656,0.0978,3
34.06,-0.059,-0.7875,0.3422,0.8386,0.3668,0.3175,0.1584,0.0639,0.096,3
34.08,-0.2413,-0.3582,0.3206,0.834,0.3523,0.3141,0.1553,0.0647,0.0957,3
34.1,-0.9888,-0.7457,-0.868,0.8317,0.3415,0.3084,0.2116,0.0644,0.1018,3
34.12,-0.7783,-1.0517,-0.5203,0.8355,0.3685,0.3061,0.195,0.0648,0.0985,3
34.14,-0.3769,-0.962,-0.4443,0.8171,0.3576,0.3093,0.1715,0.0659,0.0986,3
34.16,0.1373,0.3796,0.2268,0.823,0.3694,0.3086,0.1753,0.0641,0.0963,3
34.18,0.5657,0.7125,0.0396,0.8439,0.3577,0.3192,0.2135,0.0629,0.0981,3
34.2,-0.1096,0.2804,-0.2758,0.8281,0.3726,0.313,0.1748,0.0644,0.1006,3
34.22,0.0577,0.1265,-0.1995,0.8252,0.4062,0.3134,0.2063,0.063,0.0969,3
34.24,0.8275,0.1705,0.2453,0.8427,0.3691,0.3069,0.2124,0.0634,0.0998,3
34.26,0.1417,0.0745,0.1899,0.8399,0.3698,0.314,0.1981,0.0651,0.0981,3
34.28,-0.9856,0.6286,-0.2354,0.8322,0.3689,0.3046,0.2052,0.0624,0.0977,3
34.3,-0.8648,1.4331,0.1332,0.8228,0.3656,0.3002,0.1888,0.063,0.0967,3
34.32,-0.5523,-0.4231,0.6428,0.8464,0.3504,0.3095,0.2067,0.0654,0.0979,3
34.34,0.2237,-2.2514,0.3615,0.8422,0.3385,0.3076,0.2062,0.0654,0.0988,3
34.36,-0.4149,-1.3204,0.2736,0.8422,0.3647,0.3056,0.1953,0.0649,0.099,3
34.38,-1.0193,0.3968,0.2659,0.8345,0.3564,0.304,0.1927,0.0629,0.1002,3
34.4,-0.0413,0.7461,0.0563,0.8289,0.3627,0.3051,0.1859,0.0643,0.0987,3
34.42,0.8493,0.103,-0.1221,0.8387,0.3837,0.3075,0.1392,0.0655,0.0976,3
34.44,0.4489,0.8878,0.1654,0.8382,0.3535,0.2981,0.2156,0.0622,0.0999,3
34.46,0.7174,1.542,0.2694,0.8225,0.3782,0.3131,0.1831,0.0629,0.0995,3
34.48,0.7172,1.6126,0.2534,0.8352,0.3679,0.3109,0.1851,0.0644,0.0995,3
34.5,0.5693,-0.57,0.7437,0.8553,0.3437,0.3193,0.1839,0.0662,0.099,3
34.52,0.1962,0.404,0.0383,0.8397,0.3715,0.3129,0.187,0.063,0.1001,3
34.54,0.1369,-0.548,0.4439,0.8084,0.3223,0.3109,0.1806,0.0659,0.0974,3
34.56,-0.0619,-0.0272,0.4168,0.8314,0.3425,0.3146,0.1787,0.0646,0.0997,3
34.58,-0.4618,-0.0494,0.2327,0.8477,0.3414,0.3152,0.1731,0.0651,0.098,3
34.6,-1.3615,-0.2518,-0.3608,0.8203,0.3747,0.3087,0.182,0.066,0.0956,3
34.62,-1.2776,-0.3499,-0.747,0.8263,0.3509,0.3071,0.2103,0.0658,0.102,3
34.64,-0.9895,-1.787,0.2058,0.8727,0.3642,0.314,0.1718,0.0613,0.0967,3
34.66,-0.9508,-1.9195,-0.1289,0.8509,0.354,0.3074,0.1848,0.0677,0.0981,3
34.68,-0.5514,-0.7101,-0.3537,0.834,0.3651,0.3083,0.1902,0.0657,0.0988,3
34.7,-0.4406,0.5163,0.293,0.8288,0.3879,0.3126,0.1546,0.0631,0.0993,3
34.72,-0.1952,1.0207,0.2971,0.8189,0.366,0.3001,0.1507,0.0626,0.0998,3
34.74,0.5549,-0.7593,0.6141,0.8342,0.3684,0.3099,0.1605,0.0652,0.0968,3
34.76,0.3647,0.8309,1.1128,0.845,0.375,0.3032,0.1854,0.0633,0.1011,3
34.78,0.0147,-0.1659,1.0528,0.8504,0.3647,0.3102,0.1892,0.0647,0.1012,3
34.8,-0.863,0.2335,0.4565,0.8524,0.3517,0.3051,0.1584,0.0655,0.0973,3
34.82,-0.4233,0.353,0.4503,0.8434,0.3559,0.3187,0.1903,0.0654,0.0989,3
34.84,-0.3127,1.2843,1.5023,0.8088,0.3429,0.3095,0.1895,0.0641,0.0985,3
34.86,0.1852,0.4842,0.6449,0.8204,0.3778,0.3126,0.2243,0.0621,0.0978,3
34.88,-0.0061,-0.5072,0.5345,0.8181,0.3551,0.3166,0.1716,0.0636,0.0983,3
34.9,0.2017,0.4811,1.1401,0.808,0.3658,0.2975,0.1941,0.0646,0.0964,3
34.92,0.6868,-0.5786,1.0938,0.8258,0.3761,0.3063,0.191,0.0647,0.0983,3
34.94,0.3876,1.1051,1.2374,0.8527,0.371,0.3065,0.1442,0.0647,0.0966,3
34.96,-0.4222,0.98,0.1016,0.8655,0.3686,0.3164,0.192,0.0628,0.0979,3
34.98,-0.6372,1.8711,0.1727,0.8325,0.3537,0.3096,0.1794,0.0649,0.0967,3
35.0,-0.5997,0.4965,0.085,0.8392,0.3662,0.3083,0.1749,0.0638,0.0998,3
35.02,-0.4164,1.0098,0.2823,0.8608,0.3565,0.3085,0.1869,0.0631,0.0984,3
35.04,-0.5431,1.1021,0.5041,0.8861,0.3746,0.313,0.1529,0.0666,0.0967,3
35.06,-0.1416,-0.6399,-0.3921,0.842,0.3786,0.3069,0.1805,0.0643,0.1019,3
35.08,0.0396,-1.6544,-0.3309,0.8295,0.3697,0.3082,0.1589,0.0642,0.0984,3
35.1,0.4707,-1.8032,0.4031,0.858,0.3631,0.309,0.1695,0.0619,0.1002,3
35.12,-0.1221,0.3939,-0.2547,0.839,0.3728,0.3054,0.1862,0.065,0.0984,3
35.14,-0.2408,1.104,-2.02,0.8302,0.3462,0.3138,0.2172,0.0635,0.0953,3
35.16,0.9626,1.0347,-1.2028,0.8297,0.3694,0.3209,0.1588,0.0638,0.1029,3
35.18,0.2966,0.8601,0.0642,0.8546,0.3672,0.3212,0.1533,0.0641,0.0994,3
35.2,-0.0716,1.7602,0.8394,0.8362,0.3812,0.3029,0.1487,0.0637,0.0957,3
35.22,0.6229,0.1221,1.1829,0.8219,0.3934,0.3032,0.1557,0.0683,0.0978,3
35.24,-0.2662,-0.5893,0.4292,0.8716,0.3759,0.3025,0.1914,0.0654,0.0977,3
35.26,-0.4776,-0.046,0.672,0.8256,0.3831,0.3044,0.1757,0.0643,0.1004,3
35.28,-0.334,-0.6947,0.4204,0.818,0.3668,0.3083,0.1778,0.0658,0.0975,3
35.3,0.2766,-0.5341,-0.2101,0.8439,0.3496,0.3123,0.1661,0.0636,0.0996,3
35.32,-0.5232,-0.0096,0.0519,0.8359,0.343,0.3222,0.1585,0.0644,0.0984,3
35.34,-0.9562,1.7698,0.4651,0.8325,0.3471,0.3052,0.1848,0.064,0.1013,3
35.36,0.0034,0.4799,-0.4216,0.8135,0.3625,0.3058,0.1865,0.0629,0.0996,3
35.38,0.5421,-0.3925,0.2305,0.8408,0.3716,0.3175,0.1423,0.0667,0.0952,3
35.4,0.0011,0.3723,0.0712,0.8321,0.3629,0.3129,0.1622,0.0663,0.0937,3
35.42,-0.4224,0.9253,0.4517,0.8309,0.3434,0.3169,0.1624,0.0658,0.0976,3
35.44,-0.8465,0.7188,0.6643,0.82,0.3746,0.3177,0.1933,0.0658,0.1022,3
35.46,-1.1376,0.6404,1.0715,0.8414,0.3646,0.3038,0.1871,0.0666,0.099,3
35.48,-0.6851,0.0188,1.2349,0.8145,0.351,0.3068,0.1862,0.0648,0.0996,3
35.5,-0.0432,-0.8476,0.1264,0.8182,0.3648,0.3093,0.1856,0.0649,0.0976,3
35.52,-0.024,-1.319,0.669,0.8474,0.3535,0.3213,0.1699,0.0654,0.0953,3
35.54,-0.3895,0.2429,0.2019,0.8136,0.3575,0.3144,0.1673,0.0636,0.0952,3
35.56,-0.0025,-0.064,0.6336,0.8445,0.3402,0.311,0.1655,0.0673,0.0988,3
35.58,-0.134,-1.1923,1.1973,0.8581,0.3473,0.3185,0.1596,0.0654,0.0969,3
35.6,-0.4871,-0.0042,0.801,0.8513,0.3536,0.3149,0.1861,0.064,0.0992,3
35.62,-0.5471,0.0648,0.2259,0.8417,0.3587,0.3001,0.1843,0.0644,0.0995,3
35.64,-0.0735,0.4468,-0.1038,0.8343,0.3451,0.3081,0.1666,0.0636,0.0983,3
35.66,-0.2246,0.3799,0.3735,0.8482,0.3507,0.3138,0.1932,0.0671,0.0994,3
35.68,0.58,-0.0459,0.5199,0.8437,0.3437,0.3095,0.1721,0.0652,0.0998,3
35.7,0.3387,0.2482,0.1808,0.8395,0.3606,0.3065,0.1751,0.063,0.0981,3
35.72,-0.2266,0.1676,0.159,0.8516,0.3747,0.3113,0.1708,0.0629,0.0986,3
35.74,-0.6025,0.4911,-0.2983,0.8745,0.3587,0.3204,0.1481,0.0651,0.097,3
35.76,-0.654,0.7684,-0.4734,0.8212,0.398,0.3123,0.15,0.0627,0.0978,3
35.78,-0.8701,0.9048,-0.0618,0.8333,0.336,0.3105,0.1415,0.0656,0.1019,3
35.8,-0.7323,0.2495,-0.1435,0.8319,0.3543,0.3083,0.1625,0.0631,0.097,3
35.82,-0.3902,0.4219,-0.0614,0.8449,0.3627,0.311,0.1929,0.0618,0.0976,3
35.84,0.2156,-0.4274,0.448,0.8394,0.3678,0.3056,0.1757,0.0651,0.0965,3
35.86,0.0054,0.3904,1.2797,0.8294,0.3392,0.3089,0.2088,0.0676,0.0984,3
35.88,-0.3329,0.7206,0.9309,0.8326,0.3797,0.3168,0.1797,0.0662,0.099,3
35.9,-0.5071,-0.0857,1.0165,0.8262,0.3807,0.3118,0.1714,0.0627,0.1008,3
35.92,-0.2727,0.7528,0.6679,0.8284,0.372,0.3081,0.1556,0.0632,0.1015,3
35.94,-0.2941,0.3838,1.3,0.8206,0.3687,0.3127,0.1971,0.0648,0.0995,3
35.96,-0.4633,-0.1996,1.1512,0.8206,0.3631,0.3049,0.2013,0.0643,0.098,3
35.98,-0.3006,-1.1296,0.021,0.8512,0.3825,0.3167,0.1705,0.0658,0.0985,3
36.0,-0.5031,-1.4862,0.1972,0.8622,0.3672,0.3196,0.1976,0.0632,0.0992,3
36.02,-0.6224,-0.4677,0.018,0.8383,0.342,0.3092,0.1714,0.0639,0.1,3
36.04,-0.5291,-0.9475,0.0649,0.8458,0.3252,0.3065,0.1748,0.0634,0.0986,3
36.06,-0.1853,-1.3841,0.5273,0.8544,0.329,0.3066,0.1873,0.0647,0.0991,3
36.08,-0.9792,-0.4021,0.7334,0.867,0.3548,0.3108,0.1702,0.0621,0.1009,3
36.1,-0.2473,0.3061,0.3143,0.8438,0.3608,0.3037,0.1654,0.0627,0.0987,3
36.12,0.45,-0.4945,0.1641,0.8408,0.3503,0.3142,0.1783,0.0629,0.0972,3
36.14,0.3429,-0.3197,0.2436,0.8622,0.3493,0.3214,0.18,0.062,0.098,3
36.16,0.078,-0.8026,1.0885,0.8591,0.3642,0.3025,0.1517,0.0633,0.097,3
36.18,0.2474,-0.832,0.4528,0.8245,0.3787,0.3186,0.1784,0.063,0.1005,3
36.2,0.0841,-0.2196,0.1974,0.8524,0.3817,0.3079,0.1642,0.0624,0.1009,3
36.22,-0.4294,-1.1966,0.0577,0.8582,0.3654,0.3061,0.1715,0.0617,0.1003,3
36.24,-0.5574,-1.598,0.2416,0.8648,0.3718,0.3101,0.1781,0.0625,0.0984,3
36.26,-0.4512,-0.8636,0.3556,0.8759,0.3591,0.3133,0.1601,0.0635,0.0982,3
36.28,-0.5179,0.3238,-0.0645,0.8372,0.3531,0.3133,0.1438,0.0644,0.1005,3
36.3,0.1188,0.1217,0.3508,0.841,0.3529,0.3156,0.1769,0.0664,0.0988,3
36.32,0.1412,1.1567,-0.0719,0.8346,0.3467,0.3057,0.1936,0.0622,0.0974,3
36.34,0.5041,-0.072,0.095,0.8521,0.3651,0.3064,0.1788,0.0638,0.0981,3
36.36,0.746,-1.1584,0.4381,0.8448,0.3912,0.3155,0.1812,0.0646,0.1017,3
36.38,0.5832,0.5558,-0.0438,0.8296,0.375,0.3108,0.1693,0.0616,0.0996,3
36.4,0.7588,-0.3925,0.2553,0.8218,0.3668,0.3173,0.1856,0.0647,0.1002,3
36.42,0.1189,-0.114,0.8318,0.8396,0.3725,0.3196,0.1837,0.062,0.0991,3
36.44,-0.5621,0.7314,0.5289,0.8587,0.3648,0.3001,0.151,0.064,0.0992,3
36.46,-0.8671,-0.3978,-0.3419,0.8523,0.3803,0.3069,0.1743,0.0657,0.0983,3
36.48,0.2098,0.1523,0.9704,0.8346,0.3578,0.3088,0.1557,0.0614,0.1008,3
36.5,-0.0684,0.4307,-0.1972,0.8398,0.3645,0.3091,0.1804,0.064,0.0997,3
36.52,0.377,0.5789,-0.3896,0.8477,0.3595,0.3003,0.1707,0.0635,0.0994,3
36.54,0.6802,0.0394,0.0453,0.8473,0.3711,0.3069,0.1306,0.0638,0.0972,3
36.56,0.4565,0.0693,-0.1005,0.8447,0.3781,0.3082,0.1767,0.0629,0.1007,3
36.58,-0.2207,0.279,-0.1092,0.8181,0.3688,0.3072,0.1727,0.0623,0.0983,3
36.6,0.1467,0.2842,-0.4423,0.8343,0.3678,0.3069,0.1893,0.0635,0.0993,3
36.62,-0.3125,0.277,-0.9332,0.8527,0.3854,0.3088,0.1847,0.0634,0.0993,3
36.64,-0.5506,-0.6338,-0.6864,0.8223,0.3714,0.3112,0.1889,0.065,0.0998,3
36.66,-0.1831,-1.0212,-0.7994,0.8353,0.3682,0.3059,0.1789,0.0628,0.099,3
36.68,-0.0418,0.1024,-0.394,0.8632,0.3571,0.3075,0.1979,0.062,0.0957,3
36.7,-0.4664,0.5522,-0.167,0.8444,0.3637,0.3003,0.1868,0.0631,0.096,3
36.72,-0.2228,0.5964,0.326,0.8477,0.3517,0.3113,0.1937,0.0638,0.0976,3
36.74,-0.1262,-0.1097,-0.0435,0.8079,0.3768,0.3096,0.1771,0.0654,0.0994,3
36.76,-0.067,0.9383,0.3882,0.8527,0.3719,0.3053,0.1804,0.0653,0.1018,3
36.78,0.5001,0.709,-0.3965,0.8269,0.3435,0.3011,0.1805,0.0615,0.0977,3
36.8,0.2157,-0.4566,0.175,0.8408,0.3462,0.3091,0.2097,0.0651,0.0992,3
36.82,0.0181,0.7446,0.5262,0.845,0.3514,0.3058,0.1925,0.0642,0.0994,3
36.84,0.2641,0.6508,0.6004,0.8489,0.3772,0.3025,0.1871,0.0638,0.0963,3
36.86,0.2489,0.2394,-0.3975,0.837,0.3731,0.3103,0.1828,0.0673,0.0994,3
36.88,-0.2604,-0.5357,0.4354,0.8543,0.3649,0.3083,0.1986,0.0652,0.099,3
36.9,-0.3277,-0.3429,-0.0187,0.8315,0.359,0.3058,0.2141,0.0643,0.0991,3
36.92,-0.0398,0.0084,0.4538,0.8334,0.3623,0.3082,0.1892,0.0638,0.0984,3
36.94,-0.4923,0.413,-0.5589,0.8484,0.3507,0.2962,0.205,0.0625,0.1013,3
36.96,-0.0087,0.562,-0.0739,0.8289,0.3613,0.3047,0.21,0.0636,0.0967,3
36.98,-0.5017,-0.4437,-0.3902,0.8372,0.3807,0.3081,0.1726,0.062,0.0996,3
37.0,-0.636,0.2522,-0.3308,0.8379,0.3737,0.3108,0.2006,0.0616,0.0989,3
37.02,-0.2798,0.4713,-0.363,0.8538,0.3762,0.3085,0.1751,0.0635,0.0969,3
37.04,0.282,0.6184,-0.4697,0.846,0.3533,0.3016,0.1759,0.0638,0.1014,3
37.06,0.6303,-0.5103,-0.3004,0.8025,0.3684,0.3039,0.1777,0.0645,0.097,3
37.08,-0.0114,-0.9117,-0.79,0.8389,0.366,0.3169,0.157,0.063,0.0973,3
37.1,0.0756,-0.0797,-0.2833,0.8386,0.3703,0.3055,0.1585,0.0606,0.0962,3
37.12,0.2501,0.1313,-0.1532,0.8592,0.3922,0.3009,0.1451,0.0623,0.0974,3
37.14,-0.2764,-0.5088,0.7254,0.8454,0.3883,0.3045,0.1562,0.0639,0.0967,3
37.16,0.4857,1.1178,0.3326,0.8462,0.3767,0.3032,0.1585,0.0627,0.0958,3
37.18,0.146,-0.3214,-0.0234,0.8354,0.3744,0.3022,0.1699,0.0624,0.1004,3
37.2,-0.0483,0.1713,0.3431,0.8207,0.3638,0.3073,0.1695,0.0652,0.0988,3
37.22,-0.1881,0.7396,0.3776,0.8106,0.3772,0.3068,0.1757,0.063,0.0994,3
37.24,0.0004,0.8378,0.0756,0.8126,0.3688,0.3044,0.1819,0.0605,0.0996,3
37.26,0.2448,-0.0127,0.4055,0.8445,0.3612,0.3101,0.1814,0.0654,0.1006,3
37.28,0.5123,-0.3691,0.2709,0.8348,0.3937,0.3085,0.187,0.0631,0.0996,3
37.3,0.3715,-0.9959,0.4287,0.8345,0.3713,0.3111,0.1761,0.0639,0.0978,3
37.32,0.5624,-0.8546,0.2451,0.8559,0.3725,0.3199,0.1658,0.0626,0.0977,3
37.34,-0.8696,-0.4742,-0.427,0.8504,0.3699,0.3092,0.1419,0.0635,0.101,3
37.36,-0.4648,-0.0749,-0.7791,0.8332,0.3488,0.2947,0.1922,0.0653,0.0972,3
37.38,-0.7993,-0.4366,-0.2877,0.8576,0.3615,0.3113,0.1842,0.0615,0.0993,3
37.4,-0.6506,0.0117,0.1708,0.8414,0.3714,0.3041,0.1658,0.0624,0.0987,3
37.42,-0.3743,-0.3489,0.5665,0.8469,0.4019,0.3136,0.1754,0.0616,0.1004,3
37.44,-0.6429,-0.6245,0.8935,0.8389,0.3567,0.2989,0.1819,0.0675,0.0984,3
37.46,-0.4871,-0.1802,0.6588,0.8417,0.3598,0.303,0.1727,0.0638,0.0976,3
37.48,-0.6839,0.3636,0.0971,0.8448,0.3507,0.3034,0.1463,0.0644,0.0965,3
37.5,-0.8398,0.4268,0.3698,0.8193,0.3667,0.2987,0.1816,0.0664,0.1002,3
37.52,-0.45,0.1377,0.8058,0.8356,0.3863,0.3099,0.1782,0.0623,0.0987,3
37.54,-0.5057,0.5419,0.2436,0.8326,0.3697,0.3025,0.1589,0.0625,0.0982,3
37.56,0.3418,0.3789,0.1619,0.8328,0.3931,0.3011,0.1749,0.0613,0.095,3
37.58,-0.0614,0.6417,0.1116,0.8489,0.3729,0.3052,0.1566,0.0593,0.0983,3
37.6,0.5936,1.0867,0.274,0.829,0.3592,0.2976,0.1989,0.0617,0.0989,3
37.62,0.8983,-0.2629,0.3262,0.8282,0.3585,0.3095,0.1853,0.0625,0.0979,3
37.64,-0.2336,0.2009,-0.07,0.8589,0.3758,0.3184,0.1887,0.0613,0.0967,3
37.66,-0.4436,-0.5157,-0.7074,0.8311,0.3743,0.3029,0.1835,0.0612,0.0989,3
37.68,-0.6667,0.0943,-0.6312,0.8351,0.3546,0.317,0.1675,0.0623,0.097,3
37.7,-0.4902,0.3498,0.3695,0.8349,0.3547,0.3133,0.1843,0.0618,0.101,3
37.72,-0.0512,0.6367,-0.325,0.8207,0.3618,0.3109,0.1779,0.061,0.0962,3
37.74,0.578,0.0991,0.2245,0.8461,0.3913,0.3035,0.1596,0.0621,0.0986,3
37.76,0.9266,-0.4565,0.3721,0.8414,0.387,0.3046,0.169,0.0609,0.098,3
37.78,0.4278,0.6742,0.5895,0.8507,0.3691,0.3123,0.1702,0.0606,0.0991,3
37.8,0.0222,0.4235,0.4104,0.8157,0.3732,0.3018,0.1768,0.0611,0.0986,3
37.82,-0.2504,0.0353,0.0771,0.8268,0.3705,0.3009,0.184,0.0611,0.099,3
37.84,-0.3702,-0.0544,0.3911,0.8412,0.3782,0.3109,0.1858,0.0626,0.101,3
37.86,-0.7899,-0.1114,0.1609,0.8172,0.3788,0.2944,0.1841,0.0619,0.0998,3
37.88,-0.277,-0.6946,-1.0427,0.8145,0.3668,0.3017,0.1727,0.0608,0.098,3
37.9,-0.1965,-0.8133,-0.6298,0.8244,0.4049,0.3114,0.1536,0.0629,0.0999,3
37.92,-1.3911,-0.0315,-0.1891,0.8099,0.3809,0.3018,0.1678,0.0596,0.0974,3
37.94,-0.4,-0.5357,0.0968,0.8591,0.3788,0.293,0.1794,0.0627,0.0991,3
37.96,-0.1515,0.0497,0.2889,0.8644,0.3735,0.3197,0.1672,0.0617,0.0979,3
37.98,-0.7189,1.1234,0.1588,0.8383,0.3746,0.3014,0.155,0.0618,0.0946,3
38.0,-0.8359,-0.4113,0.1197,0.8359,0.3435,0.2929,0.1735,0.0649,0.0977,3
38.02,0.3889,-0.7226,0.2857,0.7995,0.3618,0.318,0.1743,0.062,0.1004,3
38.04,-0.5118,0.2712,0.3178,0.8467,0.3613,0.3076,0.167,0.0619,0.0986,3
38.06,0.3835,-0.2835,-0.6113,0.835,0.3779,0.2995,0.1451,0.0626,0.0978,3
38.08,0.9873,-0.3464,-0.5167,0.8665,0.3679,0.3085,0.1838,0.0608,0.0987,3
38.1,-0.373,1.2355,0.458,0.8548,0.3693,0.2923,0.1684,0.062,0.0975,3
38.12,-0.4008,2.3455,-0.2845,0.8267,0.3951,0.2975,0.1687,0.0638,0.0995,3
38.14,-0.2962,1.2457,0.4264,0.8419,0.3751,0.3077,0.1939,0.0632,0.0973,3
38.16,-0.5146,0.3713,-0.1501,0.8399,0.3672,0.2996,0.1863,0.0631,0.099,3
38.18,-0.2882,0.7726,0.2832,0.8359,0.3687,0.3092,0.1735,0.0606,0.1005,3
38.2,0.442,1.3688,0.1342,0.8317,0.3518,0.3114,0.1998,0.0634,0.0979,3
38.22,0.1039,1.4409,0.3948,0.8507,0.3766,0.3033,0.1809,0.0622,0.1023,3
38.24,0.4848,1.003,0.4752,0.8544,0.3657,0.3011,0.1898,0.0621,0.0974,3
38.26,0.7894,-0.6321,0.4527,0.8578,0.374,0.3078,0.1637,0.0607,0.0978,3
38.28,1.0376,-0.7096,0.8621,0.8638,0.3646,0.3113,0.1611,0.0615,0.0974,3
38.3,0.1617,1.0395,0.5234,0.8243,0.3631,0.3059,0.1631,0.0603,0.1004,3
38.32,0.0704,-0.1651,0.6087,0.8268,0.3617,0.304,0.1743,0.0641,0.0976,3
38.34,-0.5002,0.693,-0.2775,0.8459,0.3662,0.3069,0.1623,0.0637,0.0997,3
38.36,-0.7873,1.5039,0.0716,0.8317,0.3684,0.3058,0.1715,0.0628,0.1005,3
38.38,-0.1324,-0.4033,0.4805,0.8169,0.3864,0.3077,0.1807,0.0626,0.0962,3
38.4,-0.2286,0.4635,-0.0803,0.8446,0.3903,0.3166,0.1457,0.0611,0.0967,3
38.42,-0.5735,0.1985,0.3105,0.8547,0.3838,0.3098,0.167,0.0619,0.0994,3
38.44,-0.5368,0.1727,0.8873,0.8476,0.3818,0.3019,0.1553,0.0609,0.0947,3
38.46,-0.6227,0.3513,0.9758,0.8263,0.3525,0.3019,0.1447,0.0616,0.0962,3
38.48,-0.6758,0.7248,0.4096,0.8446,0.3809,0.3049,0.1931,0.062,0.097,3
38.5,0.7354,-0.1137,-0.0484,0.8358,0.3758,0.3019,0.1591,0.0632,0.0963,3
38.52,0.2698,-0.3799,-0.5264,0.8282,0.38,0.3058,0.1674,0.0619,0.097,3
38.54,0.2574,1.0893,0.1798,0.8214,0.3881,0.303,0.1673,0.0621,0.1005,3
38.56,0.2683,2.7989,0.2347,0.8418,0.397,0.2996,0.1696,0.0624,0.0984,3
38.58,1.0871,0.579,0.2205,0.8593,0.3816,0.3074,0.1455,0.0608,0.0987,3
38.6,0.5207,-0.3171,0.6149,0.8659,0.3672,0.3109,0.1598,0.0631,0.0993,3
38.62,0.2106,0.4956,0.1496,0.8747,0.3722,0.3105,0.1618,0.0627,0.0997,3
38.64,-0.0577,0.469,-0.0492,0.8533,0.3668,0.3077,0.1755,0.0606,0.0996,3
38.66,-0.362,-0.9529,0.3558,0.8358,0.3567,0.3136,0.1542,0.0627,0.0961,3
38.68,-0.1952,-0.6597,0.4709,0.8331,0.3753,0.3113,0.1734,0.0601,0.0976,3
38.7,-0.7731,-0.8282,0.2481,0.8592,0.3741,0.3022,0.1763,0.0615,0.0982,3
38.72,0.2149,-1.4565,0.2057,0.8173,0.3618,0.3004,0.1719,0.0619,0.0996,3
38.74,-0.4305,0.0244,-0.1474,0.8398,0.3553,0.3093,0.192,0.0623,0.0979,3
38.76,-0.241,1.1169,0.4657,0.8238,0.3611,0.3017,0.1728,0.0614,0.0966,3
38.78,0.0276,0.2425,0.6672,0.8267,0.3426,0.2974,0.1516,0.0618,0.0982,3
38.8,0.0129,0.5812,0.2666,0.8536,0.3647,0.3014,0.1747,0.0623,0.098,3
38.82,0.0574,-0.7218,0.6524,0.847,0.3739,0.3075,0.1854,0.0614,0.0969,3
38.84,-0.3607,0.737,0.6151,0.8402,0.3771,0.309,0.1633,0.0608,0.0991,3
38.86,-0.4895,0.9642,-0.0519,0.8311,0.369,0.3118,0.1939,0.0576,0.0974,3
38.88,-0.6223,0.8389,-0.0895,0.8204,0.3652,0.3076,0.1908,0.0608,0.0962,3
38.9,-0.7904,-0.1513,-0.0284,0.8206,0.3628,0.3105,0.1535,0.062,0.0989,3
38.92,-0.3943,0.2559,-0.0016,0.8339,0.3748,0.3097,0.1707,0.0617,0.0975,3
38.94,-0.708,0.7758,0.4795,0.8283,0.3665,0.3026,0.1889,0.0612,0.0947,3
38.96,-0.4067,-0.9295,0.6949,0.8419,0.3753,0.3167,0.197,0.0605,0.095,3
38.98,0.3051,0.0218,0.4693,0.8412,0.3894,0.3155,0.173,0.0591,0.0981,3
39.0,0.3282,0.3774,0.6972,0.8213,0.3748,0.3042,0.1858,0.0602,0.0969,3
39.02,0.5506,0.0539,0.3816,0.8464,0.3604,0.3039,0.1925,0.0619,0.0953,3
39.04,0.6716,-0.1889,0.772,0.8519,0.3523,0.3144,0.1593,0.0609,0.0983,3
39.06,-0.3713,0.4607,0.4192,0.8366,0.3533,0.3033,0.2094,0.0621,0.0989,3
39.08,-0.6328,-0.3476,0.3736,0.8528,0.394,0.2998,0.1499,0.0611,0.0964,3
39.1,-0.4852,-0.1982,0.8517,0.8501,0.377,0.3069,0.18,0.0612,0.0955,3
39.12,-0.4015,0.1905,0.3701,0.8304,0.3637,0.3012,0.1782,0.0595,0.0968,3
39.14,-0.4381,-0.6998,-0.1512,0.8558,0.3843,0.3065,0.1563,0.0608,0.0969,3
39.16,-0.2616,-1.0879,-0.1631,0.8675,0.3981,0.3013,0.1525,0.0613,0.0962,3
39.18,-0.4629,-0.3151,0.3534,0.8358,0.3847,0.3119,0.1914,0.0623,0.0983,3
39.2,-0.0525,0.447,0.1056,0.843,0.3723,0.2973,0.187,0.0616,0.0999,3
39.22,-0.0097,0.1633,0.1435,0.8583,0.368,0.3043,0.1685,0.0632,0.0996,3
39.24,-0.4662,-0.2552,0.2347,0.8397,0.3735,0.3101,0.1899,0.0615,0.1002,3
39.26,0.1712,-0.3869,-0.4611,0.8402,0.3824,0.298,0.1757,0.064,0.1024,3
39.28,0.0504,-0.2712,0.4517,0.8549,0.3593,0.3095,0.1652,0.0611,0.0993,3
39.3,-0.6832,0.1858,0.3661,0.8396,0.3597,0.3095,0.1589,0.0604,0.0971,3
39.32,-0.3624,-0.2709,0.0221,0.8325,0.3904,0.3072,0.1699,0.0625,0.0991,3
39.34,-0.1836,-0.3867,0.1099,0.8484,0.3673,0.3066,0.1924,0.0607,0.0987,3
39.36,-0.3115,0.1516,0.1037,0.8134,0.3563,0.3084,0.1386,0.0601,0.0987,3
39.38,-0.5011,0.4904,0.3094,0.8206,0.3806,0.3068,0.1751,0.0614,0.0995,3
39.4,-0.2222,-0.5115,-0.1711,0.8397,0.3816,0.305,0.1491,0.063,0.1,3
39.42,-0.9722,-0.9394,-0.1715,0.8436,0.3698,0.3094,0.1792,0.0631,0.0984,3
39.44,0.2101,-1.7159,-0.0069,0.836,0.3936,0.3133,0.1809,0.0636,0.1028,3
39.46,0.1481,-1.0898,-0.2739,0.8555,0.3812,0.3035,0.1473,0.0602,0.0975,3
39.48,-0.2488,-1.3023,-0.8537,0.8508,0.3776,0.3083,0.1612,0.0613,0.0983,3
39.5,-0.442,-0.8313,0.0908,0.8425,0.3521,0.3005,0.1631,0.0609,0.1002,3
39.52,-0.7435,-0.4754,0.084,0.8326,0.3861,0.2996,0.1583,0.0629,0.0993,3
39.54,-0.7359,-0.8053,-0.4831,0.8599,0.3809,0.3056,0.1768,0.0619,0.0986,3
39.56,0.3209,-0.4127,-0.4252,0.8276,0.3756,0.3039,0.1595,0.0609,0.098,3
39.58,0.5751,-0.7412,-0.3223,0.8392,0.3676,0.3102,0.1722,0.0626,0.0958,3
39.6,0.3228,0.1479,-0.2197,0.8424,0.3974,0.2999,0.1763,0.0632,0.0969,3
39.62,0.2177,0.9591,0.4687,0.8534,0.3572,0.3082,0.1719,0.0584,0.0972,3
39.64,-0.4619,0.5621,0.4617,0.8281,0.3991,0.3046,0.175,0.0614,0.0973,3
39.66,-0.1545,0.1026,0.3936,0.8161,0.3725,0.2981,0.1808,0.0626,0.0982,3
39.68,-0.5991,0.422,0.6231,0.8247,0.3627,0.3045,0.1795,0.0636,0.0998,3
39.7,-0.3205,0.3832,-0.0995,0.8305,0.3706,0.2984,0.167,0.0604,0.096,3
39.72,0.0773,0.0722,-0.0101,0.8412,0.3832,0.2969,0.1604,0.0611,0.1019,3
39.74,-0.7043,1.5135,1.0973,0.8614,0.3451,0.3026,0.1634,0.0624,0.0965,3
39.76,-0.4203,0.8337,0.1573,0.8461,0.3805,0.3062,0.1548,0.062,0.0962,3
39.78,-0.0216,0.6523,0.4831,0.8128,0.3911,0.2956,0.1653,0.0627,0.0959,3
39.8,0.026,0.0552,0.4748,0.8608,0.3768,0.3018,0.1596,0.0618,0.0972,3
39.82,0.9355,0.4101,1.1308,0.8379,0.3491,0.3072,0.1678,0.0644,0.0979,3
39.84,0.2576,-0.0531,0.584,0.8212,0.3545,0.3026,0.1542,0.0611,0.1009,3
39.86,0.4363,-1.1107,0.5602,0.8392,0.3577,0.3067,0.1851,0.0615,0.0987,3
39.88,-0.9684,-1.2283,0.4474,0.8275,0.3677,0.3017,0.186,0.0604,0.0986,3
39.9,-1.0794,-0.3643,0.0516,0.8599,0.3856,0.2948,0.1872,0.0638,0.101,3
39.92,-0.202,-0.5205,0.2396,0.8446,0.3793,0.3001,0.1675,0.0607,0.0999,3
39.94,0.0148,-0.385,0.4687,0.8225,0.3798,0.2989,0.1681,0.0582,0.0971,3
39.96,-0.2307,0.7276,0.4464,0.8464,0.384,0.2953,0.1747,0.0603,0.0959,3
39.98,-0.1708,0.4231,0.4466,0.8401,0.3901,0.3008,0.2021,0.0608,0.0985,3
40.0,0.5423,1.3098,0.2549,0.8584,0.3733,0.3047,0.2069,0.0651,0.1015,3
